#!MLF!#
"/net/aistaff/aki/_same-utterance/wav/01/Groningen_and_Drenthe/10238-1464473859-2110693.rec"
0.0 115.0 ssil -1064.839966 DE
115.0 165.0 d -733.458740
165.0 700.0 ssil -6382.116211
700.0 850.0 ssil -2265.013428 SPREI
850.0 1050.0 s -2584.260010
1050.0 1080.0 p -429.286255
1080.0 1130.0 r -705.123230
1130.0 1365.0 ei -2522.319824
1365.0 1380.0 ssil -214.161285
1380.0 1395.0 ssil -201.162613 DIE
1395.0 1430.0 d -508.317047
1430.0 1505.0 i -931.658142
1505.0 1520.0 ssil -204.483582
1520.0 1535.0 ssil -216.563400 JIJ
1535.0 1610.0 j -931.122620
1610.0 1730.0 ei -1427.727051
1730.0 1745.0 ssil -257.652466
1745.0 1760.0 ssil -228.223007 BRACHT
1760.0 1835.0 b -932.013062
1835.0 1925.0 r -1121.310547
1925.0 2060.0 ac -1607.519409
2060.0 2205.0 x -1921.715332
2205.0 2265.0 t -837.741089
2265.0 2280.0 ssil -202.420303
2280.0 2335.0 ssil -705.032043 HEEFT
2335.0 2355.0 h -244.435471
2355.0 2450.0 e -1049.442749
2450.0 2505.0 f -666.304138
2505.0 2520.0 ssil -208.074081
2520.0 2535.0 ssil -216.732925 SUZAN
2535.0 2590.0 s -714.250244
2590.0 2675.0 y -1016.972107
2675.0 2780.0 s -1421.650391
2780.0 2885.0 ac -1240.094604
2885.0 2960.0 n -840.336121
2960.0 3025.0 ssil -893.739258
3025.0 3050.0 ssil -384.497864 ALTIJD
3050.0 3130.0 ac -960.617676
3130.0 3190.0 l -753.727722
3190.0 3270.0 t -1194.575806
3270.0 3340.0 ei -855.333618
3340.0 3385.0 t -608.143738
3385.0 3400.0 ssil -216.166626
3400.0 3415.0 ssil -208.328751 AL
3415.0 3505.0 ac -1001.505127
3505.0 3590.0 l -985.679810
3590.0 3605.0 ssil -224.983597
3605.0 3620.0 ssil -207.572159 GEWILD
3620.0 3700.0 x -1066.899658
3700.0 3730.0 @ -364.407440
3730.0 3795.0 w -893.253601
3795.0 3900.0 ic -1409.271729
3900.0 3995.0 l -1288.667603
3995.0 4120.0 t -1755.436401
4120.0 4180.0 ssil -876.039978
4180.0 4585.0 ssil -5166.269043 OMDAT
4585.0 4670.0 m -1036.564941
4670.0 4685.0 d -224.991409
4685.0 4735.0 ac -623.061035
4735.0 4765.0 t -466.491364
4765.0 4780.0 ssil -244.420471
4780.0 4795.0 ssil -245.704834 DIE
4795.0 4810.0 d -270.919312
4810.0 4840.0 i -398.281158
4840.0 4855.0 ssil -220.249268
4855.0 4870.0 ssil -210.826431 ZO
4870.0 4955.0 z -1123.577637
4955.0 5035.0 o -992.773071
5035.0 5050.0 ssil -218.042542
5050.0 5065.0 ssil -227.697556 LEUK
5065.0 5145.0 l -1095.742798
5145.0 5255.0 eu -1295.461060
5255.0 5275.0 k -309.507416
5275.0 5290.0 ssil -237.240326
5290.0 5310.0 ssil -308.909302 STAAT
5310.0 5415.0 s -1444.124390
5415.0 5460.0 t -670.116882
5460.0 5610.0 a -1625.428833
5610.0 5635.0 t -356.991241
5635.0 5650.0 ssil -171.583160
5650.0 5690.0 ssil -504.543854 BIJ
5690.0 5720.0 b -429.104431
5720.0 5865.0 ei -1520.609497
5865.0 5880.0 ssil -222.649521
5880.0 5895.0 ssil -208.243561 HET
5895.0 5910.0 h -242.659958
5910.0 5925.0 ec -253.745819
5925.0 5940.0 t -239.273590
5940.0 5970.0 ssil -390.439972
5970.0 5990.0 ssil -261.087189 GELE
5990.0 6040.0 gc -628.606018
6040.0 6160.0 e -1336.176880
6160.0 6210.0 l -715.628540
6210.0 6245.0 @ -419.632019
6245.0 6260.0 ssil -225.466934
6260.0 6275.0 ssil -216.661545 LAKEN
6275.0 6355.0 l -1016.195312
6355.0 6595.0 a -2842.503418
6595.0 6655.0 k -823.851685
6655.0 6700.0 @ -591.768127
6700.0 6785.0 n -1012.385925
6785.0 7360.0 ssil -6604.989746
.
