#!MLF!#
"/net/aistaff/aki/_same-utterance/wav/01/Groningen_and_Drenthe/11968-1465942877-2317485.rec"
0.0 300.0 ssil -2667.996582 DE
300.0 315.0 d -199.094162
315.0 910.0 ssil -7058.852539
910.0 995.0 ssil -1196.435425 SPREI
995.0 1125.0 s -1676.952637
1125.0 1190.0 p -807.684814
1190.0 1300.0 r -1697.556763
1300.0 1450.0 ei -1963.359253
1450.0 1465.0 ssil -253.305710
1465.0 1480.0 ssil -240.329041 DIE
1480.0 1495.0 d -237.014435
1495.0 1605.0 i -1356.067017
1605.0 1620.0 ssil -215.366333
1620.0 1635.0 ssil -226.356033 JIJ
1635.0 1650.0 j -223.865158
1650.0 1760.0 ei -1562.885376
1760.0 1775.0 ssil -195.113907
1775.0 1795.0 ssil -306.958527 BRACHT
1795.0 1815.0 b -326.271576
1815.0 1865.0 r -775.583069
1865.0 1990.0 ac -1580.599609
1990.0 2080.0 x -1211.119507
2080.0 2125.0 ssil -550.102295
2125.0 2180.0 ssil -751.385864 HEEFT
2180.0 2200.0 h -272.954102
2200.0 2275.0 e -912.428650
2275.0 2290.0 f -208.250427
2290.0 2305.0 ssil -208.357605
2305.0 2320.0 ssil -225.326431 SUZAN
2320.0 2420.0 s -1304.921143
2420.0 2490.0 yc -911.570312
2490.0 2585.0 s -1239.636353
2585.0 2655.0 ac -918.295288
2655.0 2710.0 n -814.018005
2710.0 2780.0 ssil -1129.949219
2780.0 2795.0 ssil -239.958069 ALTIJD
2795.0 2955.0 ac -1994.942505
2955.0 3025.0 l -976.326050
3025.0 3040.0 t -249.447845
3040.0 3055.0 ei -235.810150
3055.0 3090.0 t -523.237488
3090.0 3105.0 ssil -239.302322
3105.0 3120.0 ssil -241.234833 AL
3120.0 3195.0 ac -849.063538
3195.0 3210.0 l -227.824738
3210.0 3225.0 ssil -218.840988
3225.0 3240.0 ssil -207.764114 GEWILD
3240.0 3305.0 x -894.129395
3305.0 3365.0 @ -742.160156
3365.0 3395.0 w -399.488464
3395.0 3510.0 ic -1322.944214
3510.0 3640.0 l -1600.788696
3640.0 3760.0 t -1664.972412
3760.0 3785.0 ssil -333.479462
3785.0 3875.0 ssil -1186.186523 OMDAT
3875.0 3895.0 @ -274.725159
3895.0 4000.0 m -1186.378540
4000.0 4015.0 d -231.402100
4015.0 4080.0 ac -750.264221
4080.0 4095.0 t -269.345123
4095.0 4110.0 ssil -225.094849
4110.0 4125.0 ssil -207.480057 DIE
4125.0 4160.0 d -484.060150
4160.0 4235.0 i -917.373962
4235.0 4250.0 ssil -224.266159
4250.0 4265.0 ssil -221.027649 ZO
4265.0 4330.0 s -920.876648
4330.0 4345.0 o -266.215332
4345.0 4390.0 ssil -662.293030
4390.0 4415.0 ssil -408.320526 LEUK
4415.0 4470.0 l -782.954468
4470.0 4575.0 eu -1284.080078
4575.0 4590.0 k -235.517822
4590.0 4605.0 ssil -213.675552
4605.0 4620.0 ssil -234.017670 STAAT
4620.0 4705.0 s -1112.786621
4705.0 4765.0 t -889.092407
4765.0 4925.0 a -1847.848877
4925.0 5025.0 t -1423.909668
5025.0 5095.0 ssil -935.741089
5095.0 5125.0 ssil -457.841858 BIJ
5125.0 5160.0 b -534.971375
5160.0 5310.0 ei -1781.318726
5310.0 5325.0 ssil -227.231934
5325.0 5365.0 ssil -540.531738 HET
5365.0 5380.0 h -215.649872
5380.0 5395.0 ec -236.549408
5395.0 5410.0 t -202.826370
5410.0 5440.0 ssil -411.027496
5440.0 5455.0 ssil -219.130615 GELE
5455.0 5495.0 x -534.353210
5495.0 5590.0 e -1040.915161
5590.0 5610.0 l -320.341431
5610.0 5730.0 @ -1628.527588
5730.0 5745.0 ssil -207.548004
5745.0 5760.0 ssil -205.161835 LAKEN
5760.0 5805.0 l -667.274109
5805.0 6000.0 a -2213.138184
6000.0 6130.0 k -1742.405273
6130.0 6150.0 @ -251.585968
6150.0 6270.0 n -1342.599487
6270.0 10214.9999 ssil -43534.289062
.
