#!MLF!#
"/net/aistaff/aki/_same-utterance/wav/01/Groningen_and_Drenthe/12421-1465488800-2280747.rec"
0.0 100.0 ssil -918.621582 DE
100.0 115.0 d -227.440018
115.0 145.0 ssil -496.472443
145.0 670.0 ssil -6210.783691 SPREI
670.0 800.0 s -1905.014160
800.0 850.0 p -716.828552
850.0 895.0 r -614.477661
895.0 1035.0 ei -1518.008667
1035.0 1050.0 ssil -219.813339
1050.0 1065.0 ssil -230.184845 DIE
1065.0 1080.0 d -226.106155
1080.0 1180.0 i -1044.944092
1180.0 1195.0 ssil -207.572769
1195.0 1210.0 ssil -203.031921 JIJ
1210.0 1225.0 j -169.748734
1225.0 1295.0 ei -804.113647
1295.0 1315.0 ssil -262.084106
1315.0 1350.0 ssil -462.524963 BRACHT
1350.0 1380.0 b -417.828735
1380.0 1395.0 r -213.483704
1395.0 1515.0 ac -1415.570679
1515.0 1540.0 x -378.957336
1540.0 1565.0 ssil -312.772034
1565.0 1605.0 ssil -549.056335 HEEFT
1605.0 1620.0 h -187.998062
1620.0 1715.0 e -1125.463623
1715.0 1760.0 f -600.576111
1760.0 1775.0 ssil -197.486313
1775.0 1790.0 ssil -187.937088 SUZAN
1790.0 1825.0 z -465.766449
1825.0 1850.0 y -335.089355
1850.0 1950.0 s -1260.931152
1950.0 2035.0 ac -985.252869
2035.0 2050.0 n -194.770050
2050.0 2065.0 ssil -182.933456
2065.0 2080.0 ssil -208.065201 ALTIJD
2080.0 2210.0 ac -1449.875610
2210.0 2240.0 l -427.623535
2240.0 2255.0 t -237.578964
2255.0 2270.0 ei -258.609711
2270.0 2285.0 t -259.033264
2285.0 2310.0 ssil -390.440857
2310.0 2350.0 ssil -562.318604 AL
2350.0 2445.0 ac -1053.669067
2445.0 2460.0 l -197.989120
2460.0 2475.0 ssil -230.999847
2475.0 2490.0 ssil -220.472168 GEWILD
2490.0 2580.0 x -1200.490356
2580.0 2630.0 @ -612.016479
2630.0 2695.0 w -693.867371
2695.0 2735.0 ic -388.320892
2735.0 2865.0 l -1513.897949
2865.0 2915.0 t -682.581665
2915.0 2930.0 ssil -213.193558
2930.0 2960.0 ssil -391.690308 OMDAT
2960.0 3040.0 m -901.165649
3040.0 3065.0 d -359.438843
3065.0 3130.0 ac -767.362122
3130.0 3150.0 t -289.675964
3150.0 3165.0 ssil -188.296097
3165.0 3180.0 ssil -221.336044 DIE
3180.0 3205.0 d -392.828003
3205.0 3280.0 i -878.476440
3280.0 3295.0 ssil -208.854904
3295.0 3310.0 ssil -184.894882 ZO
3310.0 3365.0 z -773.226440
3365.0 3425.0 o -628.995850
3425.0 3440.0 ssil -199.456955
3440.0 3455.0 ssil -201.249924 LEUK
3455.0 3490.0 l -376.933197
3490.0 3730.0 eu -2464.624023
3730.0 3745.0 k -230.083221
3745.0 3760.0 ssil -201.351273
3760.0 3775.0 ssil -207.460175 STAAT
3775.0 3845.0 s -961.900330
3845.0 3885.0 t -590.458496
3885.0 3990.0 a -1102.544800
3990.0 4005.0 t -219.700195
4005.0 4035.0 ssil -354.706390
4035.0 4090.0 ssil -735.733337 BIJ
4090.0 4125.0 b -431.524780
4125.0 4225.0 ei -930.422180
4225.0 4240.0 ssil -204.747696
4240.0 4255.0 ssil -206.006042 HET
4255.0 4270.0 h -184.127563
4270.0 4305.0 ec -437.596008
4305.0 4330.0 t -395.276245
4330.0 4345.0 ssil -234.991257
4345.0 4360.0 ssil -253.773010 GELE
4360.0 4435.0 gc -1047.641357
4435.0 4550.0 e -1205.788940
4550.0 4595.0 l -576.850037
4595.0 4635.0 @ -418.825348
4635.0 4650.0 ssil -187.803955
4650.0 4665.0 ssil -183.508835 LAKEN
4665.0 4730.0 l -798.376343
4730.0 4920.0 a -1934.520264
4920.0 4935.0 k -212.503906
4935.0 4950.0 @ -192.232071
4950.0 5435.0 ssil -5795.780762
.
