#!MLF!#
"/net/aistaff/aki/_same-utterance/wav/01/Groningen_and_Drenthe/12923-1464630046-2155544.rec"
0.0 75.0 ssil -669.983215 DE
75.0 100.0 d -341.808502
100.0 540.0 ssil -5297.219238
540.0 815.0 ssil -3479.020752 SPREI
815.0 1015.0 s -2597.665283
1015.0 1055.0 p -539.320740
1055.0 1130.0 r -1079.092407
1130.0 1320.0 ei -2427.941895
1320.0 1335.0 ssil -231.698868
1335.0 1350.0 ssil -235.361374 DIE
1350.0 1375.0 d -412.739471
1375.0 1445.0 i -747.632690
1445.0 1460.0 ssil -195.079041
1460.0 1475.0 ssil -208.503220 JIJ
1475.0 1535.0 j -654.702209
1535.0 1640.0 ei -1107.143311
1640.0 1680.0 ssil -492.419983
1680.0 1695.0 ssil -229.892960 BRACHT
1695.0 1725.0 b -472.960571
1725.0 1790.0 r -918.902039
1790.0 1935.0 ac -1768.075562
1935.0 2095.0 x -2110.178467
2095.0 2135.0 t -529.225708
2135.0 2155.0 ssil -279.078003
2155.0 2175.0 ssil -268.851410 HEEFT
2175.0 2200.0 h -303.621948
2200.0 2290.0 e -1144.489868
2290.0 2310.0 f -310.255524
2310.0 2405.0 t -1325.994751
2405.0 2420.0 ssil -240.712784
2420.0 2435.0 ssil -211.710281 SUZAN
2435.0 2525.0 s -1199.380005
2525.0 2625.0 ac -1263.799194
2625.0 2660.0 n -506.815002
2660.0 2690.0 ssil -379.878967
2690.0 2720.0 ssil -353.525879 ALTIJD
2720.0 2890.0 ac -2249.267334
2890.0 3005.0 l -1571.268799
3005.0 3065.0 t -926.916321
3065.0 3215.0 ei -1756.749634
3215.0 3245.0 t -426.998871
3245.0 3260.0 ssil -217.703903
3260.0 3275.0 ssil -229.895905 AL
3275.0 3345.0 ac -830.638245
3345.0 3360.0 l -207.965225
3360.0 3375.0 ssil -195.450607
3375.0 3390.0 ssil -205.061829 GEWILD
3390.0 3470.0 x -988.679565
3470.0 3525.0 @ -603.792114
3525.0 3560.0 w -406.089142
3560.0 3645.0 ic -946.720520
3645.0 3750.0 l -1217.978516
3750.0 3900.0 t -2063.719238
3900.0 3945.0 ssil -661.823303
3945.0 4015.0 ssil -944.226013 OMDAT
4015.0 4070.0 oc -780.753540
4070.0 4125.0 m -666.988281
4125.0 4140.0 d -220.169388
4140.0 4185.0 ac -576.060791
4185.0 4200.0 t -234.950562
4200.0 4235.0 ssil -446.836365
4235.0 4305.0 ssil -973.099304 DIE
4305.0 4335.0 d -483.784119
4335.0 4430.0 i -1210.442261
4430.0 4445.0 ssil -230.278961
4445.0 4460.0 ssil -211.500381 ZO
4460.0 4520.0 z -857.165344
4520.0 4580.0 o -831.215332
4580.0 4595.0 ssil -208.560074
4595.0 4610.0 ssil -199.506882 LEUK
4610.0 4675.0 l -791.104431
4675.0 4785.0 eu -1201.832764
4785.0 4800.0 k -219.817337
4800.0 4815.0 ssil -213.998184
4815.0 4835.0 ssil -296.825897 STAAT
4835.0 4885.0 s -697.061584
4885.0 4940.0 t -755.835327
4940.0 5080.0 a -1655.859497
5080.0 5135.0 t -779.975708
5135.0 5160.0 ssil -322.154236
5160.0 5185.0 ssil -294.923981 BIJ
5185.0 5215.0 b -425.744934
5215.0 5355.0 ei -1657.029419
5355.0 5395.0 ssil -628.925171
5395.0 5410.0 ssil -231.030014 HET
5410.0 5425.0 h -254.893600
5425.0 5445.0 ec -320.865784
5445.0 5485.0 t -612.238037
5485.0 5500.0 ssil -222.569534
5500.0 5520.0 ssil -264.207184 GELE
5520.0 5560.0 x -596.986877
5560.0 5700.0 e -1521.058350
5700.0 5725.0 l -315.921356
5725.0 5795.0 @ -845.025574
5795.0 5810.0 ssil -208.490158
5810.0 5825.0 ssil -185.414108 LAKEN
5825.0 5890.0 l -806.753601
5890.0 6125.0 a -2402.498047
6125.0 6225.0 k -1479.556641
6225.0 6270.0 @ -611.494629
6270.0 6350.0 n -971.385254
6350.0 6755.0 ssil -5374.413574
.
