#!MLF!#
"/net/aistaff/aki/_same-utterance/wav/01/Groningen_and_Drenthe/13411-1464295228-1996444.rec"
0.0 1115.0 ssil -13244.072266 DE
1115.0 1155.0 d -553.632690
1155.0 1210.0 @ -694.826599
1210.0 1225.0 ssil -191.296234
1225.0 1240.0 ssil -181.420471 SPREI
1240.0 1345.0 z -1413.740479
1345.0 1395.0 p -688.464111
1395.0 1430.0 r -512.286499
1430.0 1660.0 ei -2436.066650
1660.0 1675.0 ssil -210.200653
1675.0 1690.0 ssil -207.003723 DIE
1690.0 1725.0 d -499.765533
1725.0 1765.0 i -453.117645
1765.0 1780.0 ssil -202.408630
1780.0 1795.0 ssil -201.780701 JIJ
1795.0 1915.0 j -1293.365356
1915.0 2065.0 ei -1787.773071
2065.0 2095.0 ssil -441.532501
2095.0 2115.0 ssil -285.383179 BRACHT
2115.0 2145.0 b -420.797089
2145.0 2165.0 r -266.441528
2165.0 2260.0 ac -1075.953369
2260.0 2365.0 x -1390.350098
2365.0 2440.0 t -1068.565186
2440.0 2455.0 ssil -210.206207
2455.0 2485.0 ssil -409.482605 HEEFT
2485.0 2505.0 h -242.209976
2505.0 2600.0 e -1058.556885
2600.0 2630.0 f -457.242798
2630.0 2655.0 ssil -369.268494
2655.0 2720.0 ssil -871.149780 SUZAN
2720.0 2810.0 z -1172.100342
2810.0 2870.0 y -748.144409
2870.0 2995.0 s -1659.610107
2995.0 3100.0 ac -1181.072876
3100.0 3210.0 n -1409.930054
3210.0 3245.0 ssil -498.916748
3245.0 3285.0 ssil -625.806396 ALTIJD
3285.0 3405.0 ac -1438.596924
3405.0 3520.0 l -1742.677856
3520.0 3570.0 t -742.877014
3570.0 3685.0 ei -1245.151733
3685.0 3720.0 t -567.080566
3720.0 3740.0 ssil -328.384033
3740.0 3765.0 ssil -412.697845 AL
3765.0 3855.0 ac -1133.306152
3855.0 3920.0 l -882.925354
3920.0 3960.0 ssil -505.230835
3960.0 4000.0 ssil -484.607666 GEWILD
4000.0 4035.0 gc -456.157013
4035.0 4075.0 @ -464.452301
4075.0 4145.0 w -822.345520
4145.0 4185.0 ic -452.056000
4185.0 4295.0 l -1246.698853
4295.0 4370.0 ssil -1121.392578
4370.0 4395.0 ssil -383.111298 OMDAT
4395.0 4475.0 oc -1179.390137
4475.0 4525.0 m -536.826538
4525.0 4600.0 d -1043.329468
4600.0 4645.0 ac -544.263611
4645.0 4660.0 t -243.580612
4660.0 4675.0 ssil -204.526398
4675.0 4690.0 ssil -226.471619 DIE
4690.0 4725.0 d -523.989563
4725.0 4770.0 i -535.245911
4770.0 4785.0 ssil -205.804840
4785.0 4800.0 ssil -202.223969 ZO
4800.0 4900.0 z -1313.331665
4900.0 5020.0 o -1577.640015
5020.0 5035.0 ssil -238.609955
5035.0 5055.0 ssil -298.579651 LEUK
5055.0 5095.0 l -506.903564
5095.0 5230.0 eu -1257.750732
5230.0 5245.0 k -238.191772
5245.0 5285.0 ssil -590.201477
5285.0 5300.0 ssil -226.943069 STAAT
5300.0 5395.0 s -1220.342529
5395.0 5450.0 t -805.048889
5450.0 5640.0 a -1977.909302
5640.0 5730.0 t -1309.184204
5730.0 5765.0 ssil -412.318085
5765.0 5815.0 ssil -600.487793 BIJ
5815.0 5845.0 b -440.548676
5845.0 5985.0 ei -1241.027954
5985.0 6000.0 ssil -214.083984
6000.0 6015.0 ssil -228.975510 HET
6015.0 6030.0 h -242.472168
6030.0 6045.0 ec -257.366791
6045.0 6075.0 t -458.503418
6075.0 6095.0 ssil -277.637726
6095.0 6110.0 ssil -186.163025 GELE
6110.0 6225.0 x -1529.820312
6225.0 6385.0 e -1523.021729
6385.0 6445.0 l -783.046509
6445.0 6505.0 @ -595.411011
6505.0 6520.0 ssil -205.755707
6520.0 6535.0 ssil -198.094162 LAKEN
6535.0 6605.0 l -780.552490
6605.0 6850.0 a -2729.596191
6850.0 6880.0 k -390.936920
6880.0 6960.0 @ -949.938293
6960.0 7095.0 n -1516.484985
7095.0 10845.0 ssil -41880.855469
.
