#!MLF!#
"/net/aistaff/aki/_same-utterance/wav/01/Groningen_and_Drenthe/13856-1464262756-1960660.rec"
0.0 100.0 ssil -920.302063 DE
100.0 115.0 d -220.790665
115.0 145.0 ssil -459.061066
145.0 975.0 ssil -11057.760742 SPREI
975.0 1165.0 s -2581.395996
1165.0 1210.0 p -650.059937
1210.0 1255.0 r -714.785461
1255.0 1470.0 ei -2626.751709
1470.0 1490.0 ssil -278.292053
1490.0 1510.0 ssil -289.627411 DIE
1510.0 1525.0 d -235.115265
1525.0 1610.0 i -998.887268
1610.0 1625.0 ssil -219.194519
1625.0 1640.0 ssil -219.487061 JIJ
1640.0 1725.0 j -931.878357
1725.0 1825.0 ei -1174.133423
1825.0 1840.0 ssil -183.640869
1840.0 1855.0 ssil -191.020111 BRACHT
1855.0 1920.0 b -828.853882
1920.0 1975.0 r -859.264221
1975.0 2115.0 ac -1703.510254
2115.0 2215.0 x -1353.260864
2215.0 2260.0 t -661.226562
2260.0 2275.0 ssil -188.668579
2275.0 2295.0 ssil -273.311035 HEEFT
2295.0 2315.0 h -291.040161
2315.0 2445.0 e -1645.803833
2445.0 2460.0 f -239.853790
2460.0 2475.0 ssil -223.308350
2475.0 2490.0 ssil -206.235886 SUZAN
2490.0 2570.0 z -1083.426758
2570.0 2605.0 y -489.144470
2605.0 2710.0 s -1383.547974
2710.0 2790.0 ac -1079.171753
2790.0 2805.0 n -250.080154
2805.0 2830.0 ssil -351.867676
2830.0 2855.0 ssil -380.913025 ALTIJD
2855.0 3070.0 ac -2644.474854
3070.0 3090.0 l -303.529816
3090.0 3145.0 t -898.676025
3145.0 3160.0 ei -280.015839
3160.0 3175.0 t -280.377289
3175.0 3190.0 ssil -250.010056
3190.0 3225.0 ssil -594.705322 AL
3225.0 3410.0 ac -2432.237549
3410.0 3430.0 l -269.359863
3430.0 3445.0 ssil -240.565460
3445.0 3460.0 ssil -241.937561 GEWILD
3460.0 3560.0 gc -1322.658691
3560.0 3600.0 @ -523.287964
3600.0 3675.0 w -1017.463562
3675.0 3785.0 ic -1311.599731
3785.0 3925.0 l -1636.062988
3925.0 3960.0 t -468.861298
3960.0 4395.0 ssil -5355.257324
4395.0 4470.0 ssil -975.156616 OMDAT
4470.0 4560.0 oc -1079.566650
4560.0 4650.0 m -991.510254
4650.0 4695.0 d -631.925354
4695.0 4800.0 ac -1229.360596
4800.0 4815.0 t -264.327087
4815.0 4840.0 ssil -340.268036
4840.0 4855.0 ssil -238.606186 DIE
4855.0 4885.0 d -452.732452
4885.0 5005.0 i -1433.646851
5005.0 5020.0 ssil -208.417572
5020.0 5035.0 ssil -195.371094 ZO
5035.0 5100.0 z -949.024292
5100.0 5215.0 o -1469.307617
5215.0 5230.0 ssil -235.501724
5230.0 5245.0 ssil -228.873169 LEUK
5245.0 5275.0 l -421.203705
5275.0 5485.0 eu -2368.602051
5485.0 5500.0 k -235.152756
5500.0 5515.0 ssil -215.084991
5515.0 5535.0 ssil -276.871735 STAAT
5535.0 5595.0 s -802.819519
5595.0 5640.0 t -642.538452
5640.0 5865.0 a -2527.873291
5865.0 5915.0 t -716.437622
5915.0 5940.0 ssil -416.947937
5940.0 5980.0 ssil -594.478760 BIJ
5980.0 5995.0 b -254.754593
5995.0 6115.0 ei -1406.153320
6115.0 6130.0 ssil -215.157776
6130.0 6145.0 ssil -228.391220 HET
6145.0 6160.0 h -207.948822
6160.0 6175.0 ec -213.992035
6175.0 6205.0 t -411.792084
6205.0 6220.0 ssil -215.655502
6220.0 6255.0 ssil -462.696564 GELE
6255.0 6330.0 x -1001.700073
6330.0 6485.0 e -1916.952637
6485.0 6525.0 l -608.521545
6525.0 6595.0 @ -793.162170
6595.0 6610.0 ssil -212.553513
6610.0 6625.0 ssil -199.314651 LAKEN
6625.0 6660.0 l -450.670074
6660.0 6940.0 a -3213.765869
6940.0 6985.0 k -697.441956
6985.0 7150.0 @ -1996.437500
7150.0 7240.0 n -1141.689575
7240.0 7525.0 ssil -3307.024414
.
