#!MLF!#
"/net/aistaff/aki/_same-utterance/wav/01/Groningen_and_Drenthe/1421-1449156403-65972.rec"
0.0 15.0 ssil -170.407669 DE
15.0 30.0 d -199.045959
30.0 330.0 @ -2840.440918
330.0 390.0 ssil -776.853333
390.0 575.0 ssil -2579.275879 SPREI
575.0 795.0 s -3001.805908
795.0 875.0 p -1125.654663
875.0 915.0 r -504.732819
915.0 1205.0 ei -3014.246338
1205.0 1345.0 ssil -1690.409058
1345.0 1440.0 ssil -1210.509033 DIE
1440.0 1545.0 d -1550.719116
1545.0 1735.0 i -2126.183838
1735.0 1750.0 ssil -241.837601
1750.0 1765.0 ssil -226.115128 JIJ
1765.0 1875.0 j -1272.440186
1875.0 2120.0 ei -2914.151611
2120.0 2135.0 ssil -204.087433
2135.0 2150.0 ssil -207.617218 BRACHT
2150.0 2165.0 b -208.156006
2165.0 2240.0 r -1066.935425
2240.0 2365.0 ac -1563.705200
2365.0 2605.0 x -3026.384766
2605.0 2660.0 t -690.450256
2660.0 2965.0 ssil -3837.204834
2965.0 3000.0 ssil -496.727722 HEEFT
3000.0 3120.0 e -1465.743774
3120.0 3145.0 f -354.642181
3145.0 3170.0 t -339.962372
3170.0 3190.0 ssil -255.424316
3190.0 3250.0 ssil -788.820862 SUZAN
3250.0 3430.0 s -2347.130127
3430.0 3635.0 y -2566.094971
3635.0 3710.0 s -1200.232056
3710.0 3820.0 ac -1281.578735
3820.0 3990.0 n -2096.279053
3990.0 4080.0 ssil -1207.347534
4080.0 4205.0 ssil -1873.061768 ALTIJD
4205.0 4225.0 ac -313.800415
4225.0 4415.0 l -2277.784912
4415.0 4465.0 t -767.724487
4465.0 4595.0 ei -1645.456421
4595.0 4610.0 t -250.023148
4610.0 4650.0 ssil -651.580688
4650.0 4700.0 ssil -740.266846 AL
4700.0 4770.0 ac -1029.166260
4770.0 4895.0 l -1489.724243
4895.0 4910.0 ssil -211.187836
4910.0 4925.0 ssil -204.656540 GEWILD
4925.0 5035.0 gc -1393.977539
5035.0 5085.0 @ -510.635620
5085.0 5215.0 w -1716.878052
5215.0 5245.0 ic -313.950256
5245.0 5480.0 l -2976.101807
5480.0 5605.0 t -1712.200439
5605.0 6020.0 ssil -4980.738770
6020.0 6725.0 ssil -8749.886719 OMDAT
6725.0 6795.0 oc -939.330811
6795.0 6905.0 m -1184.478516
6905.0 6935.0 d -463.209076
6935.0 7145.0 ac -2457.627441
7145.0 7160.0 t -256.444946
7160.0 7180.0 ssil -300.485260
7180.0 7195.0 ssil -214.210831 DIE
7195.0 7215.0 d -284.500946
7215.0 7300.0 i -982.024963
7300.0 7315.0 ssil -199.579590
7315.0 7335.0 ssil -276.591980 ZO
7335.0 7425.0 s -1258.532227
7425.0 7545.0 o -1468.171265
7545.0 7560.0 ssil -201.510574
7560.0 7575.0 ssil -192.623779 LEUK
7575.0 7680.0 l -1357.372559
7680.0 7910.0 eu -2490.989746
7910.0 7950.0 k -560.608826
7950.0 7965.0 ssil -216.535828
7965.0 7980.0 ssil -218.367447 STAAT
7980.0 8040.0 s -837.438049
8040.0 8100.0 t -873.841309
8100.0 8295.0 a -2127.503906
8295.0 8310.0 t -222.038559
8310.0 8395.0 ssil -1136.704956
8395.0 8595.0 ssil -2516.423340 BIJ
8595.0 8625.0 b -402.295410
8625.0 8825.0 ei -2170.033203
8825.0 8840.0 ssil -233.490311
8840.0 8855.0 ssil -241.980042 HET
8855.0 8870.0 h -223.461365
8870.0 8885.0 ec -226.668243
8885.0 8945.0 t -831.667419
8945.0 8960.0 ssil -203.867065
8960.0 9000.0 ssil -501.181702 GELE
9000.0 9075.0 x -948.552246
9075.0 9270.0 e -1907.056641
9270.0 9290.0 l -254.146683
9290.0 9365.0 @ -779.771057
9365.0 9380.0 ssil -186.209778
9380.0 9395.0 ssil -182.632034 LAKEN
9395.0 9455.0 l -676.355530
9455.0 9655.0 a -2474.794434
9655.0 9740.0 k -1309.920898
9740.0 9760.0 @ -271.172333
9760.0 9810.0 n -558.181396
9810.0 9845.0 ssil -439.197388
.
