#!MLF!#
"/net/aistaff/aki/_same-utterance/wav/01/Groningen_and_Drenthe/14654-1464283295-1978657.rec"
0.0 305.0 ssil -2532.508057 DE
305.0 320.0 d -199.557327
320.0 905.0 ssil -6898.146484
905.0 955.0 ssil -673.917908 SPREI
955.0 1075.0 s -1609.197998
1075.0 1180.0 p -1242.409546
1180.0 1215.0 r -491.775452
1215.0 1370.0 ei -1875.893677
1370.0 1400.0 ssil -382.586548
1400.0 1415.0 ssil -225.341660 DIE
1415.0 1435.0 d -321.343719
1435.0 1470.0 i -453.836578
1470.0 1485.0 ssil -228.612442
1485.0 1500.0 ssil -211.614822 JIJ
1500.0 1560.0 j -659.751343
1560.0 1630.0 ei -854.153687
1630.0 1660.0 ssil -396.386841
1660.0 1705.0 ssil -597.610413 BRACHT
1705.0 1745.0 b -627.455505
1745.0 1770.0 r -362.738403
1770.0 1955.0 ac -2220.486084
1955.0 2075.0 x -1628.474609
2075.0 2215.0 t -1819.038818
2215.0 2280.0 ssil -805.843323
2280.0 2390.0 ssil -1271.446289 HEEFT
2390.0 2410.0 h -247.647079
2410.0 2500.0 e -1050.568237
2500.0 2530.0 f -396.390198
2530.0 2545.0 ssil -210.301819
2545.0 2560.0 ssil -185.071945 SUZAN
2560.0 2635.0 z -998.290405
2635.0 2670.0 @ -515.352966
2670.0 2745.0 s -1014.611145
2745.0 2840.0 ac -1194.712280
2840.0 2895.0 n -700.112915
2895.0 2910.0 ssil -294.181580
2910.0 2925.0 ssil -255.026352 ALTIJD
2925.0 3055.0 ac -1630.920410
3055.0 3125.0 l -912.903076
3125.0 3190.0 t -916.805542
3190.0 3215.0 ei -381.240021
3215.0 3240.0 t -410.722809
3240.0 3255.0 ssil -240.246918
3255.0 3270.0 ssil -237.055679 AL
3270.0 3375.0 ac -1371.629517
3375.0 3395.0 l -315.628601
3395.0 3410.0 ssil -242.884842
3410.0 3425.0 ssil -217.539307 GEWILD
3425.0 3505.0 x -1060.039185
3505.0 3605.0 w -1083.566895
3605.0 3685.0 ic -778.716919
3685.0 3855.0 l -2020.120850
3855.0 3945.0 t -1183.234985
3945.0 4015.0 ssil -1071.386230
4015.0 4045.0 ssil -402.124420 OMDAT
4045.0 4105.0 oc -737.748718
4105.0 4155.0 m -658.928284
4155.0 4215.0 d -838.676270
4215.0 4250.0 ac -447.905853
4250.0 4290.0 t -627.704468
4290.0 4305.0 ssil -225.714645
4305.0 4320.0 ssil -265.756531 DIE
4320.0 4335.0 d -261.471283
4335.0 4355.0 i -283.895172
4355.0 4370.0 ssil -194.771805
4370.0 4385.0 ssil -205.013931 ZO
4385.0 4485.0 z -1272.650757
4485.0 4500.0 o -186.481689
4500.0 4515.0 ssil -197.612869
4515.0 4530.0 ssil -209.056335 LEUK
4530.0 4615.0 l -1025.595947
4615.0 4765.0 eu -1715.363770
4765.0 4800.0 k -508.644073
4800.0 4815.0 ssil -226.170471
4815.0 4830.0 ssil -200.658752 STAAT
4830.0 4885.0 s -680.212769
4885.0 4930.0 t -602.622437
4930.0 5065.0 a -1721.003174
5065.0 5085.0 t -271.133240
5085.0 5100.0 ssil -205.671356
5100.0 5115.0 ssil -197.333054 BIJ
5115.0 5155.0 b -576.923157
5155.0 5295.0 ei -1553.270996
5295.0 5310.0 ssil -227.735092
5310.0 5325.0 ssil -229.833725 HET
5325.0 5340.0 h -250.064072
5340.0 5355.0 ec -255.416199
5355.0 5370.0 t -241.344254
5370.0 5390.0 ssil -258.653473
5390.0 5405.0 ssil -184.076279 GELE
5405.0 5460.0 x -747.211060
5460.0 5570.0 e -1205.463257
5570.0 5625.0 l -797.625732
5625.0 5655.0 @ -358.754059
5655.0 5670.0 ssil -198.197861
5670.0 5685.0 ssil -216.400253 LAKEN
5685.0 5750.0 l -777.069092
5750.0 5965.0 a -2285.409424
5965.0 6025.0 k -873.701721
6025.0 6060.0 @ -478.745239
6060.0 6195.0 n -1635.821045
6195.0 6735.0 ssil -5794.735352
.
