#!MLF!#
"/net/aistaff/aki/_same-utterance/wav/01/Groningen_and_Drenthe/15527-1466443251-2348782.rec"
0.0 135.0 ssil -1579.720093 DE
135.0 150.0 d -233.916367
150.0 415.0 ssil -3344.429199
415.0 750.0 ssil -4476.430664 SPREI
750.0 940.0 z -2586.810791
940.0 970.0 p -425.489929
970.0 1000.0 r -418.621216
1000.0 1225.0 ei -2723.605713
1225.0 1240.0 ssil -220.565201
1240.0 1255.0 ssil -238.300797 DIE
1255.0 1270.0 d -229.065552
1270.0 1385.0 i -1304.722534
1385.0 1400.0 ssil -218.063110
1400.0 1415.0 ssil -209.840607 JIJ
1415.0 1430.0 j -218.761932
1430.0 1525.0 ei -1091.230103
1525.0 1545.0 ssil -321.527954
1545.0 1560.0 ssil -250.138397 BRACHT
1560.0 1585.0 b -352.405853
1585.0 1635.0 r -709.685913
1635.0 1780.0 ac -1918.449829
1780.0 1860.0 x -1094.444214
1860.0 1955.0 ssil -1246.924194
1955.0 2000.0 ssil -590.937500 HEEFT
2000.0 2040.0 h -508.400696
2040.0 2130.0 e -1127.508057
2130.0 2145.0 f -222.467667
2145.0 2215.0 ssil -1045.048218
2215.0 2230.0 ssil -205.141373 SUZAN
2230.0 2330.0 z -1337.657227
2330.0 2345.0 @ -208.551544
2345.0 2360.0 s -273.445190
2360.0 2440.0 ac -922.117249
2440.0 2510.0 n -833.348083
2510.0 2595.0 ssil -1146.354248
2595.0 2610.0 ssil -280.334045 ALTIJD
2610.0 2710.0 ac -1202.956787
2710.0 2740.0 l -435.387909
2740.0 2800.0 t -885.448730
2800.0 2815.0 ei -289.985352
2815.0 2855.0 t -586.100952
2855.0 2870.0 ssil -244.493118
2870.0 2885.0 ssil -252.982056 AL
2885.0 3000.0 ac -1379.604858
3000.0 3015.0 l -210.285339
3015.0 3030.0 ssil -208.023148
3030.0 3045.0 ssil -199.498688 GEWILD
3045.0 3110.0 x -839.112976
3110.0 3160.0 @ -615.482849
3160.0 3220.0 w -716.247070
3220.0 3325.0 ic -1145.615967
3325.0 3440.0 l -1351.211060
3440.0 3595.0 t -2077.623047
3595.0 3630.0 ssil -491.097382
3630.0 3900.0 ssil -3392.269775 OMDAT
3900.0 3995.0 oc -1233.303467
3995.0 4040.0 m -555.165649
4040.0 4065.0 d -361.590576
4065.0 4130.0 ac -821.830139
4130.0 4150.0 t -308.760040
4150.0 4165.0 ssil -210.410812
4165.0 4180.0 ssil -233.120789 DIE
4180.0 4200.0 d -321.878387
4200.0 4215.0 i -231.640549
4215.0 4230.0 ssil -242.228943
4230.0 4245.0 ssil -237.532806 ZO
4245.0 4325.0 z -1016.710815
4325.0 4340.0 o -189.327087
4340.0 4355.0 ssil -187.789551
4355.0 4370.0 ssil -206.546341 LEUK
4370.0 4475.0 l -1296.574341
4475.0 4575.0 eu -1110.919067
4575.0 4590.0 k -276.622498
4590.0 4610.0 ssil -319.789642
4610.0 4630.0 ssil -301.263062 STAAT
4630.0 4690.0 s -870.496460
4690.0 4760.0 t -1053.980713
4760.0 4925.0 a -2158.364990
4925.0 4985.0 t -907.257324
4985.0 5000.0 ssil -215.220825
5000.0 5015.0 ssil -201.852295 BIJ
5015.0 5060.0 b -733.764038
5060.0 5220.0 ei -1744.605835
5220.0 5245.0 ssil -361.690796
5245.0 5260.0 ssil -197.846176 HET
5260.0 5275.0 h -212.115891
5275.0 5290.0 ec -246.778427
5290.0 5315.0 t -362.739960
5315.0 5330.0 ssil -214.870041
5330.0 5350.0 ssil -278.056427 GELE
5350.0 5395.0 gc -662.350037
5395.0 5505.0 e -1204.613281
5505.0 5525.0 l -259.746704
5525.0 5555.0 @ -342.887115
5555.0 5570.0 ssil -194.864044
5570.0 5585.0 ssil -199.507706 LAKEN
5585.0 5660.0 l -901.833191
5660.0 5910.0 a -2897.198242
5910.0 5965.0 k -794.964905
5965.0 6005.0 @ -521.575256
6005.0 6225.0 n -2638.737061
6225.0 6500.0 ssil -3553.333252
.
