#!MLF!#
"/net/aistaff/aki/_same-utterance/wav/01/Groningen_and_Drenthe/16209-1464372204-2056692.rec"
0.0 75.0 ssil -710.225403 DE
75.0 115.0 d -577.798035
115.0 990.0 ssil -11101.449219
990.0 1800.0 ssil -9926.567383 SPREI
1800.0 1965.0 z -2121.469727
1965.0 2030.0 p -926.877808
2030.0 2210.0 r -2267.088623
2210.0 2335.0 ei -1634.660278
2335.0 2350.0 ssil -209.165237
2350.0 2365.0 ssil -200.460876 DIE
2365.0 2400.0 d -468.200775
2400.0 2545.0 i -1609.012817
2545.0 2560.0 ssil -203.217621
2560.0 2575.0 ssil -208.594925 JIJ
2575.0 2590.0 j -208.455734
2590.0 2680.0 ei -1035.160278
2680.0 2695.0 ssil -204.188461
2695.0 2725.0 ssil -440.488770 BRACHT
2725.0 2755.0 b -442.636688
2755.0 2840.0 r -1113.046631
2840.0 2940.0 ac -1167.549438
2940.0 3040.0 x -1358.768921
3040.0 3100.0 t -792.375488
3100.0 3195.0 ssil -1240.247314
3195.0 3415.0 ssil -2595.921631 HEEFT
3415.0 3430.0 h -208.136093
3430.0 3525.0 e -1112.711304
3525.0 3540.0 f -203.613419
3540.0 3570.0 ssil -373.461426
3570.0 3585.0 ssil -213.622025 SUZAN
3585.0 3625.0 s -584.717285
3625.0 3720.0 y -1221.256958
3720.0 3835.0 s -1556.072876
3835.0 4140.0 ac -3520.967773
4140.0 4155.0 n -244.368835
4155.0 4170.0 ssil -230.200592
4170.0 4185.0 ssil -234.279160 ALTIJD
4185.0 4200.0 ac -204.914444
4200.0 4220.0 l -275.736145
4220.0 4285.0 t -904.045288
4285.0 4330.0 ei -579.812378
4330.0 4365.0 t -506.646820
4365.0 4380.0 ssil -216.185211
4380.0 4395.0 ssil -204.660599 AL
4395.0 4680.0 l -3175.475830
4680.0 4695.0 ssil -214.862686
4695.0 4710.0 ssil -194.212860 GEWILD
4710.0 4725.0 gc -210.023468
4725.0 4755.0 w -360.763824
4755.0 4770.0 ic -211.530746
4770.0 4785.0 l -224.049301
4785.0 4835.0 t -670.931091
4835.0 5115.0 ssil -3458.968262
5115.0 5450.0 ssil -3952.771973 OMDAT
5450.0 5500.0 m -695.958740
5500.0 5520.0 d -292.965118
5520.0 5575.0 ac -660.772705
5575.0 5600.0 t -336.009613
5600.0 5615.0 ssil -209.512894
5615.0 5630.0 ssil -226.791870 DIE
5630.0 5665.0 d -486.966034
5665.0 5745.0 i -928.351196
5745.0 5760.0 ssil -209.903778
5760.0 5775.0 ssil -212.913620 ZO
5775.0 5835.0 z -741.599121
5835.0 6195.0 o -4405.330566
6195.0 6280.0 ssil -1186.703369
6280.0 6365.0 ssil -1209.994751 LEUK
6365.0 6565.0 l -2228.071533
6565.0 6580.0 eu -215.372192
6580.0 6600.0 k -284.008728
6600.0 6615.0 ssil -181.238831
6615.0 6630.0 ssil -173.072006 STAAT
6630.0 6645.0 s -196.672394
6645.0 6660.0 t -195.907715
6660.0 6675.0 a -248.890472
6675.0 6695.0 t -249.047562
6695.0 6900.0 ssil -2416.331055
6900.0 6935.0 ssil -444.820404 BIJ
6935.0 6950.0 b -218.768646
6950.0 7010.0 ei -704.340698
7010.0 7025.0 ssil -209.576614
7025.0 7045.0 ssil -268.814087 HET
7045.0 7065.0 h -266.105316
7065.0 7100.0 ec -470.767181
7100.0 7155.0 t -719.561646
7155.0 7180.0 ssil -308.283142
7180.0 7240.0 ssil -719.673279 GELE
7240.0 7295.0 x -698.589355
7295.0 7425.0 e -1475.610840
7425.0 7485.0 l -771.483948
7485.0 7500.0 @ -205.872330
7500.0 7515.0 ssil -211.434464
7515.0 7530.0 ssil -200.013428 LAKEN
7530.0 7605.0 l -890.280273
7605.0 7770.0 a -1881.062256
7770.0 7785.0 k -209.539398
7785.0 7810.0 @ -296.613342
7810.0 8730.0 ssil -10984.921875
.
