#!MLF!#
"/net/aistaff/aki/_same-utterance/wav/01/Groningen_and_Drenthe/16245-1465248485-2107527.rec"
0.0 530.0 ssil -6681.217773 DE
530.0 575.0 d -631.823608
575.0 615.0 @ -467.831146
615.0 630.0 ssil -190.690155
630.0 645.0 ssil -195.969955 SPREI
645.0 715.0 s -928.226624
715.0 825.0 p -1431.777832
825.0 885.0 r -830.166809
885.0 1075.0 ei -2386.052246
1075.0 1090.0 ssil -201.213898
1090.0 1105.0 ssil -206.681213 DIE
1105.0 1120.0 d -226.630661
1120.0 1135.0 i -226.009720
1135.0 1150.0 ssil -208.716736
1150.0 1165.0 ssil -201.324234 JIJ
1165.0 1315.0 j -1565.746582
1315.0 1385.0 ei -811.734375
1385.0 1435.0 ssil -612.189575
1435.0 1500.0 ssil -815.392944 BRACHT
1500.0 1515.0 b -207.977997
1515.0 1585.0 r -946.065613
1585.0 1705.0 ac -1370.009277
1705.0 1810.0 x -1333.554077
1810.0 1860.0 ssil -674.780273
1860.0 2250.0 ssil -4780.567871 HEEFT
2250.0 2270.0 h -241.935394
2270.0 2360.0 e -1029.800537
2360.0 2375.0 f -215.697754
2375.0 2390.0 ssil -197.194626
2390.0 2440.0 ssil -650.395142 SUZAN
2440.0 2490.0 z -623.088379
2490.0 2565.0 y -889.380493
2565.0 2655.0 s -1112.515259
2655.0 2760.0 ac -1148.046631
2760.0 2805.0 n -530.610046
2805.0 2820.0 ssil -211.491592
2820.0 2835.0 ssil -223.480484 ALTIJD
2835.0 3030.0 ac -2189.375000
3030.0 3090.0 l -809.575500
3090.0 3125.0 t -556.048645
3125.0 3170.0 ei -552.459351
3170.0 3185.0 t -228.904388
3185.0 3210.0 ssil -316.938232
3210.0 3255.0 ssil -691.273132 AL
3255.0 3385.0 ac -1412.218750
3385.0 3405.0 l -265.693634
3405.0 3420.0 ssil -203.567123
3420.0 3435.0 ssil -210.064911 GEWILD
3435.0 3485.0 gc -664.180664
3485.0 3540.0 @ -588.343445
3540.0 3580.0 w -413.802490
3580.0 3670.0 ic -1014.012146
3670.0 3780.0 l -1239.191895
3780.0 3925.0 ssil -1859.347778
3925.0 4005.0 ssil -1019.984436 OMDAT
4005.0 4060.0 oc -598.889221
4060.0 4120.0 m -655.983643
4120.0 4150.0 d -381.691132
4150.0 4240.0 ac -1080.746826
4240.0 4255.0 t -219.117935
4255.0 4275.0 ssil -258.930206
4275.0 4295.0 ssil -301.394989 DIE
4295.0 4320.0 d -364.887024
4320.0 4360.0 i -511.357605
4360.0 4375.0 ssil -202.456757
4375.0 4390.0 ssil -198.054398 ZO
4390.0 4490.0 z -1210.312622
4490.0 4535.0 o -484.598816
4535.0 4550.0 ssil -180.080505
4550.0 4565.0 ssil -196.131058 LEUK
4565.0 4695.0 l -1540.750854
4695.0 4870.0 eu -1978.720215
4870.0 4900.0 k -459.419403
4900.0 4915.0 ssil -213.688812
4915.0 4950.0 ssil -438.121338 STAAT
4950.0 4980.0 s -407.875916
4980.0 5045.0 t -897.816406
5045.0 5245.0 a -2215.102051
5245.0 5265.0 t -294.669250
5265.0 5315.0 ssil -670.543335
5315.0 5360.0 ssil -624.336487 BIJ
5360.0 5385.0 b -351.134644
5385.0 5525.0 ei -1588.213623
5525.0 5540.0 ssil -208.408600
5540.0 5555.0 ssil -219.105576 HET
5555.0 5570.0 h -244.449921
5570.0 5585.0 ec -258.257355
5585.0 5600.0 t -222.320419
5600.0 5655.0 ssil -693.099731
5655.0 5695.0 ssil -490.120941 GELE
5695.0 5720.0 gc -362.603699
5720.0 5920.0 e -2248.910645
5920.0 5935.0 l -207.948242
5935.0 5950.0 @ -196.541885
5950.0 5965.0 ssil -190.932190
5965.0 5980.0 ssil -197.405563 LAKEN
5980.0 6070.0 l -1029.726929
6070.0 6305.0 a -2811.733398
6305.0 6350.0 k -708.752014
6350.0 6410.0 @ -735.197205
6410.0 6440.0 n -333.693329
6440.0 7060.0 ssil -7145.319824
.
