#!MLF!#
"/net/aistaff/aki/_same-utterance/wav/01/Groningen_and_Drenthe/1669-1449163904-104010.rec"
0.0 65.0 ssil -671.373596 DE
65.0 105.0 d -534.352905
105.0 125.0 ssil -244.486206
125.0 370.0 ssil -2920.984375 SPREI
370.0 480.0 s -1370.865845
480.0 585.0 p -1401.459473
585.0 600.0 r -206.743088
600.0 710.0 ei -1372.418091
710.0 725.0 ssil -234.026886
725.0 740.0 ssil -237.294464 DIE
740.0 760.0 d -301.342926
760.0 795.0 i -423.224915
795.0 810.0 ssil -210.994110
810.0 825.0 ssil -202.596924 JIJ
825.0 900.0 j -867.999512
900.0 995.0 ei -1071.148315
995.0 1025.0 ssil -379.312775
1025.0 1080.0 ssil -697.338501 BRACHT
1080.0 1100.0 b -323.287659
1100.0 1130.0 r -503.719482
1130.0 1240.0 ac -1363.291992
1240.0 1310.0 x -926.789429
1310.0 1350.0 t -506.698059
1350.0 1365.0 ssil -225.003006
1365.0 1380.0 ssil -233.227127 HEEFT
1380.0 1395.0 h -202.251846
1395.0 1430.0 e -408.684296
1430.0 1445.0 f -212.861984
1445.0 1460.0 ssil -191.491623
1460.0 1475.0 ssil -216.673553 SUZAN
1475.0 1555.0 s -996.384521
1555.0 1585.0 yc -375.573425
1585.0 1655.0 s -945.656067
1655.0 1730.0 ac -1049.034546
1730.0 1755.0 n -304.268433
1755.0 1770.0 ssil -227.923950
1770.0 1785.0 ssil -252.571564 ALTIJD
1785.0 1870.0 ac -1164.160156
1870.0 1890.0 l -317.706787
1890.0 1905.0 t -268.830750
1905.0 1920.0 ei -276.720825
1920.0 1970.0 t -719.669556
1970.0 1995.0 ssil -376.890350
1995.0 2020.0 ssil -400.325928 AL
2020.0 2070.0 ac -722.262695
2070.0 2090.0 l -301.685638
2090.0 2105.0 ssil -237.015350
2105.0 2120.0 ssil -220.008392 GEWILD
2120.0 2190.0 gc -918.309448
2190.0 2265.0 w -838.171997
2265.0 2310.0 ic -525.714783
2310.0 2445.0 l -1656.982422
2445.0 2560.0 t -1478.799561
2560.0 2670.0 ssil -1332.031860
2670.0 2940.0 ssil -3231.731201 OMDAT
2940.0 2980.0 m -507.946320
2980.0 3010.0 d -417.673706
3010.0 3070.0 ac -736.434937
3070.0 3085.0 t -204.758682
3085.0 3100.0 ssil -213.300201
3100.0 3115.0 ssil -228.294434 DIE
3115.0 3130.0 d -221.932266
3130.0 3160.0 i -365.380371
3160.0 3175.0 ssil -221.931091
3175.0 3190.0 ssil -237.832474 ZO
3190.0 3235.0 z -634.074036
3235.0 3255.0 o -298.966309
3255.0 3270.0 ssil -222.027969
3270.0 3285.0 ssil -219.653870 LEUK
3285.0 3365.0 l -1022.546631
3365.0 3440.0 eu -941.734497
3440.0 3470.0 k -471.628326
3470.0 3485.0 ssil -231.632828
3485.0 3500.0 ssil -232.426407 STAAT
3500.0 3515.0 s -208.699112
3515.0 3565.0 t -674.432983
3565.0 3610.0 a -592.197754
3610.0 3625.0 t -234.240555
3625.0 3640.0 ssil -185.410278
3640.0 3655.0 ssil -182.631363 BIJ
3655.0 3690.0 b -484.342041
3690.0 3750.0 ei -659.699158
3750.0 3765.0 ssil -213.443909
3765.0 3780.0 ssil -220.214279 HET
3780.0 3795.0 h -230.194641
3795.0 3810.0 ec -220.445908
3810.0 3825.0 t -214.988586
3825.0 3840.0 ssil -211.692917
3840.0 3855.0 ssil -192.441010 GELE
3855.0 3915.0 x -799.754639
3915.0 4050.0 ic -1600.323120
4050.0 4065.0 l -229.217789
4065.0 4080.0 @ -230.976562
4080.0 4095.0 ssil -234.454819
4095.0 4110.0 ssil -236.546066 LAKEN
4110.0 4140.0 l -434.992065
4140.0 4295.0 a -2093.123047
4295.0 4365.0 k -990.832825
4365.0 4405.0 @ -494.993317
4405.0 4600.0 ssil -2187.809814
.
