#!MLF!#
"/net/aistaff/aki/_same-utterance/wav/01/Groningen_and_Drenthe/1707-1449560455-467970.rec"
0.0 190.0 ssil -1866.389160 DE
190.0 210.0 d -295.537292
210.0 625.0 ssil -5071.498535
625.0 655.0 ssil -473.939636 SPREI
655.0 840.0 z -2632.395752
840.0 865.0 p -355.845520
865.0 930.0 r -887.020447
930.0 1075.0 ei -1667.200562
1075.0 1090.0 ssil -226.313995
1090.0 1105.0 ssil -256.881104 DIE
1105.0 1120.0 d -255.257034
1120.0 1205.0 i -1008.628845
1205.0 1220.0 ssil -226.755630
1220.0 1235.0 ssil -228.139679 JIJ
1235.0 1255.0 j -273.778320
1255.0 1360.0 ei -1126.767334
1360.0 1400.0 ssil -524.432556
1400.0 1425.0 ssil -384.617371 BRACHT
1425.0 1445.0 b -296.084656
1445.0 1500.0 r -697.061829
1500.0 1610.0 ac -1203.159302
1610.0 1685.0 x -1009.081970
1685.0 1715.0 t -403.183838
1715.0 1730.0 ssil -190.934586
1730.0 1745.0 ssil -227.057968 HEEFT
1745.0 1790.0 h -591.192322
1790.0 1830.0 e -511.504364
1830.0 1845.0 f -239.404755
1845.0 1860.0 ssil -251.307419
1860.0 1875.0 ssil -229.026596 SUZAN
1875.0 1945.0 z -885.906250
1945.0 1990.0 y -615.276001
1990.0 2045.0 s -781.609070
2045.0 2135.0 ac -977.972229
2135.0 2150.0 n -210.659561
2150.0 2165.0 ssil -229.786865
2165.0 2180.0 ssil -230.769424 ALTIJD
2180.0 2290.0 ac -1327.183838
2290.0 2365.0 l -1077.309937
2365.0 2410.0 t -729.763306
2410.0 2445.0 ei -495.514130
2445.0 2460.0 t -251.125015
2460.0 2485.0 ssil -396.828217
2485.0 2515.0 ssil -495.369995 AL
2515.0 2605.0 ac -1000.376770
2605.0 2620.0 l -220.930359
2620.0 2635.0 ssil -216.221970
2635.0 2650.0 ssil -211.894348 GEWILD
2650.0 2705.0 x -660.656128
2705.0 2800.0 w -1063.956787
2800.0 2860.0 ic -573.834961
2860.0 3010.0 l -1868.364624
3010.0 3120.0 t -1520.220825
3120.0 3240.0 ssil -1470.959595
3240.0 3305.0 ssil -829.053589 OMDAT
3305.0 3470.0 m -2166.051758
3470.0 3515.0 d -636.391357
3515.0 3550.0 ac -396.492310
3550.0 3565.0 t -233.559814
3565.0 3580.0 ssil -206.694183
3580.0 3600.0 ssil -332.315002 DIE
3600.0 3625.0 d -399.276947
3625.0 3660.0 i -446.776794
3660.0 3675.0 ssil -239.138535
3675.0 3690.0 ssil -218.640045 ZO
3690.0 3760.0 z -949.267578
3760.0 3800.0 o -517.689575
3800.0 3815.0 ssil -213.969162
3815.0 3830.0 ssil -196.086777 LEUK
3830.0 3905.0 l -971.450623
3905.0 3990.0 eu -948.885254
3990.0 4005.0 k -211.998764
4005.0 4020.0 ssil -216.011185
4020.0 4035.0 ssil -225.387787 STAAT
4035.0 4125.0 s -1158.047485
4125.0 4155.0 t -439.292419
4155.0 4320.0 a -1733.348511
4320.0 4340.0 t -308.786591
4340.0 4355.0 ssil -205.349930
4355.0 4380.0 ssil -343.806122 BIJ
4380.0 4405.0 b -346.180786
4405.0 4445.0 ei -480.352753
4445.0 4460.0 ssil -193.748657
4460.0 4475.0 ssil -203.680466 HET
4475.0 4490.0 h -182.919266
4490.0 4520.0 ec -426.445099
4520.0 4580.0 t -861.418762
4580.0 4595.0 ssil -209.297348
4595.0 4610.0 ssil -196.850525 GELE
4610.0 4635.0 x -354.324677
4635.0 4710.0 e -881.905701
4710.0 4770.0 l -718.177917
4770.0 4790.0 @ -227.556519
4790.0 4805.0 ssil -205.044769
4805.0 4820.0 ssil -208.759567 LAKEN
4820.0 4905.0 l -938.807495
4905.0 5105.0 a -2281.624756
5105.0 5140.0 k -496.646179
5140.0 5190.0 @ -697.029663
5190.0 5550.0 ssil -4182.146484
.
