#!MLF!#
"/net/aistaff/aki/_same-utterance/wav/01/Groningen_and_Drenthe/17145-1472372187-2438778.rec"
0.0 165.0 ssil -1484.303955 DE
165.0 180.0 d -210.743591
180.0 255.0 ssil -985.134705
255.0 555.0 ssil -3996.934814 SPREI
555.0 665.0 z -1383.787109
665.0 770.0 p -1441.795166
770.0 820.0 r -715.369507
820.0 1010.0 ei -2117.384277
1010.0 1025.0 ssil -209.590347
1025.0 1040.0 ssil -225.289825 DIE
1040.0 1055.0 d -225.694855
1055.0 1110.0 i -569.783081
1110.0 1125.0 ssil -190.147141
1125.0 1140.0 ssil -205.377975 JIJ
1140.0 1170.0 j -326.457184
1170.0 1255.0 ei -912.349915
1255.0 1310.0 ssil -745.333557
1310.0 1325.0 ssil -218.776077 BRACHT
1325.0 1350.0 b -360.859589
1350.0 1395.0 r -631.138000
1395.0 1485.0 ac -1164.140259
1485.0 1515.0 x -388.758179
1515.0 1530.0 ssil -205.736588
1530.0 1620.0 ssil -1315.170654 HEEFT
1620.0 1640.0 h -258.988892
1640.0 1715.0 e -957.301208
1715.0 1730.0 f -245.207764
1730.0 1745.0 ssil -221.253830
1745.0 1760.0 ssil -220.427109 SUZAN
1760.0 1835.0 z -994.143494
1835.0 1890.0 y -730.608154
1890.0 1980.0 s -1217.375488
1980.0 2070.0 ac -1042.821045
2070.0 2085.0 n -218.258957
2085.0 2100.0 ssil -211.894684
2100.0 2115.0 ssil -239.481964 ALTIJD
2115.0 2300.0 ac -2435.322266
2300.0 2350.0 l -712.732483
2350.0 2410.0 t -862.044373
2410.0 2430.0 ei -247.610931
2430.0 2445.0 t -219.654251
2445.0 2460.0 ssil -221.020599
2460.0 2475.0 ssil -220.066956 AL
2475.0 2575.0 ac -1136.731079
2575.0 2595.0 l -271.279144
2595.0 2610.0 ssil -234.995392
2610.0 2625.0 ssil -223.906662 GEWILD
2625.0 2700.0 gc -986.648743
2700.0 2800.0 w -1120.614868
2800.0 2885.0 ic -863.837952
2885.0 3015.0 l -1641.590210
3015.0 3175.0 t -2138.302490
3175.0 3715.0 ssil -6728.377930
3715.0 3835.0 ssil -1681.494873 OMDAT
3835.0 3890.0 oc -653.807983
3890.0 3960.0 m -755.142700
3960.0 3975.0 d -248.398132
3975.0 4065.0 ac -1126.931519
4065.0 4085.0 t -296.143860
4085.0 4100.0 ssil -212.291733
4100.0 4115.0 ssil -229.324387 DIE
4115.0 4130.0 d -226.826630
4130.0 4200.0 i -862.883728
4200.0 4215.0 ssil -223.204285
4215.0 4230.0 ssil -233.357407 ZO
4230.0 4285.0 z -742.128784
4285.0 4345.0 o -759.523071
4345.0 4360.0 ssil -253.223648
4360.0 4375.0 ssil -232.521439 LEUK
4375.0 4420.0 l -575.459229
4420.0 4515.0 eu -1101.097900
4515.0 4530.0 k -236.271851
4530.0 4545.0 ssil -199.046402
4545.0 4560.0 ssil -216.847534 STAAT
4560.0 4615.0 s -795.023438
4615.0 4665.0 t -675.085938
4665.0 4750.0 a -1064.913574
4750.0 4765.0 t -245.549057
4765.0 4780.0 ssil -189.392471
4780.0 4795.0 ssil -183.775391 BIJ
4795.0 4860.0 b -850.144226
4860.0 4990.0 ei -1379.940552
4990.0 5005.0 ssil -239.621048
5005.0 5020.0 ssil -242.118042 HET
5020.0 5035.0 h -204.796661
5035.0 5090.0 ec -649.745544
5090.0 5110.0 t -287.232544
5110.0 5125.0 ssil -199.742279
5125.0 5140.0 ssil -200.297913 GELE
5140.0 5275.0 x -1842.502197
5275.0 5375.0 e -1051.960083
5375.0 5405.0 l -356.180634
5405.0 5485.0 @ -790.046265
5485.0 5500.0 ssil -204.116043
5500.0 5515.0 ssil -204.209778 LAKEN
5515.0 5590.0 l -879.691589
5590.0 5760.0 a -2061.168457
5760.0 5775.0 k -231.525375
5775.0 5845.0 @ -1093.388184
5845.0 6030.0 n -2268.275879
6030.0 6620.0 ssil -6863.219238
.
