#!MLF!#
"/net/aistaff/aki/_same-utterance/wav/01/Groningen_and_Drenthe/203-1449070985-16500.rec"
0.0 130.0 ssil -1364.160889 DE
130.0 160.0 d -449.305389
160.0 650.0 ssil -5799.075195
650.0 1110.0 ssil -5481.861328 SPREI
1110.0 1205.0 z -1124.783447
1205.0 1310.0 p -1276.247314
1310.0 1385.0 r -1030.949707
1385.0 1550.0 ei -1784.747070
1550.0 1565.0 ssil -201.929367
1565.0 1580.0 ssil -193.386078 DIE
1580.0 1615.0 d -460.838684
1615.0 1735.0 i -1258.729980
1735.0 1750.0 ssil -211.499863
1750.0 1765.0 ssil -203.795914 JIJ
1765.0 1780.0 j -185.972488
1780.0 1875.0 ei -1100.810425
1875.0 1915.0 ssil -528.095581
1915.0 1935.0 ssil -288.730499 BRACHT
1935.0 1975.0 b -584.367432
1975.0 2030.0 r -716.920166
2030.0 2125.0 ac -1151.037109
2125.0 2195.0 x -1011.370605
2195.0 2225.0 ssil -382.277191
2225.0 2240.0 ssil -215.420670 HEEFT
2240.0 2275.0 h -477.109192
2275.0 2345.0 e -787.384888
2345.0 2360.0 f -205.522812
2360.0 2375.0 ssil -189.797119
2375.0 2390.0 ssil -205.960403 SUZAN
2390.0 2480.0 s -1048.613159
2480.0 2555.0 y -888.835083
2555.0 2635.0 s -1078.510742
2635.0 2710.0 ac -926.674805
2710.0 2780.0 n -974.450684
2780.0 2795.0 ssil -235.642593
2795.0 2875.0 ssil -1228.537354 ALTIJD
2875.0 2975.0 ac -1289.485107
2975.0 3080.0 l -1348.652344
3080.0 3125.0 t -703.421143
3125.0 3210.0 ei -1071.565308
3210.0 3225.0 t -238.620483
3225.0 3240.0 ssil -222.981583
3240.0 3270.0 ssil -475.049622 AL
3270.0 3330.0 ac -829.439148
3330.0 3435.0 l -1347.762207
3435.0 3450.0 ssil -221.782837
3450.0 3465.0 ssil -213.586639 GEWILD
3465.0 3535.0 x -982.706787
3535.0 3590.0 @ -656.019531
3590.0 3675.0 w -1002.221558
3675.0 3790.0 ic -1344.290527
3790.0 3920.0 l -1644.795776
3920.0 4010.0 t -1245.046021
4010.0 4135.0 ssil -1579.174805
4135.0 4685.0 ssil -6647.278809 OMDAT
4685.0 4770.0 oc -1157.059448
4770.0 4870.0 m -1233.143188
4870.0 4900.0 d -417.970612
4900.0 4960.0 ac -725.552734
4960.0 4975.0 t -249.704727
4975.0 4990.0 ssil -223.293579
4990.0 5005.0 ssil -232.157990 DIE
5005.0 5040.0 d -467.933167
5040.0 5095.0 i -670.457764
5095.0 5110.0 ssil -203.554535
5110.0 5125.0 ssil -211.461411 ZO
5125.0 5215.0 z -1114.588867
5215.0 5320.0 o -1163.624756
5320.0 5335.0 ssil -210.782425
5335.0 5350.0 ssil -201.740189 LEUK
5350.0 5420.0 l -820.185364
5420.0 5545.0 eu -1479.142212
5545.0 5560.0 k -262.585114
5560.0 5575.0 ssil -224.905380
5575.0 5590.0 ssil -224.804123 STAAT
5590.0 5650.0 s -852.104614
5650.0 5700.0 t -761.298035
5700.0 5865.0 a -1989.932861
5865.0 5880.0 t -232.348404
5880.0 5895.0 ssil -201.194168
5895.0 5910.0 ssil -211.002502 BIJ
5910.0 5945.0 b -522.391296
5945.0 6080.0 ei -1536.767090
6080.0 6095.0 ssil -206.711975
6095.0 6110.0 ssil -216.351990 HET
6110.0 6125.0 h -197.265137
6125.0 6220.0 ec -1108.390503
6220.0 6240.0 t -276.125641
6240.0 6255.0 ssil -218.302444
6255.0 6270.0 ssil -219.703568 GELE
6270.0 6345.0 x -1042.192993
6345.0 6510.0 e -1991.478516
6510.0 6550.0 l -510.086090
6550.0 6575.0 @ -292.670471
6575.0 6590.0 ssil -214.380066
6590.0 6605.0 ssil -214.136337 LAKEN
6605.0 6690.0 l -1060.950806
6690.0 6945.0 a -3264.003906
6945.0 6985.0 k -538.737061
6985.0 7000.0 @ -224.621857
7000.0 7965.0 ssil -11121.524414
.
