#!MLF!#
"/net/aistaff/aki/_same-utterance/wav/01/Groningen_and_Drenthe/235-1449072333-20018.rec"
0.0 15.0 ssil -177.920654 DE
15.0 30.0 d -207.781219
30.0 320.0 @ -2977.770752
320.0 360.0 ssil -603.269287
360.0 615.0 ssil -3334.793213 SPREI
615.0 770.0 z -2206.849121
770.0 865.0 p -1237.218872
865.0 880.0 r -195.069046
880.0 1140.0 ei -2923.758789
1140.0 1160.0 ssil -283.762085
1160.0 1180.0 ssil -315.794434 DIE
1180.0 1200.0 d -330.305603
1200.0 1325.0 i -1500.763062
1325.0 1340.0 ssil -211.090088
1340.0 1355.0 ssil -226.280228 JIJ
1355.0 1385.0 j -410.011902
1385.0 1520.0 ei -1669.379639
1520.0 1535.0 ssil -197.327820
1535.0 1550.0 ssil -223.977081 BRACHT
1550.0 1575.0 b -402.813202
1575.0 1590.0 r -220.008072
1590.0 1840.0 ac -2800.119141
1840.0 1945.0 x -1381.391846
1945.0 1990.0 t -570.029175
1990.0 2055.0 ssil -898.995483
2055.0 2350.0 ssil -3716.235840 HEEFT
2350.0 2365.0 h -208.694122
2365.0 2480.0 e -1321.318359
2480.0 2535.0 f -850.023865
2535.0 2550.0 ssil -227.862869
2550.0 2565.0 ssil -220.198410 SUZAN
2565.0 2615.0 z -811.450745
2615.0 2730.0 y -1489.467529
2730.0 2820.0 s -1374.376587
2820.0 2930.0 ac -1309.923584
2930.0 2980.0 n -645.213196
2980.0 3025.0 ssil -725.837158
3025.0 3065.0 ssil -562.747375 ALTIJD
3065.0 3275.0 ac -2886.335693
3275.0 3300.0 l -332.132965
3300.0 3345.0 t -653.520325
3345.0 3485.0 ei -1715.270874
3485.0 3515.0 t -466.164124
3515.0 3535.0 ssil -341.999115
3535.0 3560.0 ssil -415.982391 AL
3560.0 3615.0 ac -682.623108
3615.0 3730.0 l -1301.173340
3730.0 3745.0 ssil -246.368652
3745.0 3760.0 ssil -259.091797 GEWILD
3760.0 3820.0 gc -943.145020
3820.0 3895.0 @ -955.319946
3895.0 3920.0 w -265.528290
3920.0 4050.0 ic -1376.639648
4050.0 4210.0 l -2021.674316
4210.0 4295.0 t -1290.542725
4295.0 4325.0 ssil -386.887787
4325.0 4660.0 ssil -4117.687988 OMDAT
4660.0 4715.0 oc -687.172119
4715.0 4835.0 m -1312.396606
4835.0 4890.0 d -871.608887
4890.0 5055.0 ac -2078.413330
5055.0 5070.0 t -206.078735
5070.0 5085.0 ssil -221.279510
5085.0 5100.0 ssil -226.269394 DIE
5100.0 5115.0 d -222.471146
5115.0 5200.0 i -1104.446289
5200.0 5215.0 ssil -229.544983
5215.0 5230.0 ssil -250.753418 ZO
5230.0 5315.0 z -1137.511963
5315.0 5405.0 o -1039.962646
5405.0 5420.0 ssil -236.793671
5420.0 5435.0 ssil -224.728958 LEUK
5435.0 5515.0 l -1000.454041
5515.0 5720.0 eu -2760.866943
5720.0 5740.0 k -296.498718
5740.0 5755.0 ssil -213.139984
5755.0 5770.0 ssil -217.559631 STAAT
5770.0 5845.0 s -1151.059082
5845.0 5910.0 t -968.727478
5910.0 6095.0 a -2258.228027
6095.0 6120.0 t -361.482880
6120.0 6135.0 ssil -204.380234
6135.0 6215.0 ssil -973.096008 BIJ
6215.0 6240.0 b -409.571869
6240.0 6395.0 ei -1549.954834
6395.0 6410.0 ssil -235.276138
6410.0 6425.0 ssil -231.732742 HET
6425.0 6440.0 h -204.550751
6440.0 6455.0 ec -222.594742
6455.0 6495.0 t -579.818115
6495.0 6540.0 ssil -622.653442
6540.0 6585.0 ssil -640.780823 GELE
6585.0 6615.0 x -415.928009
6615.0 6745.0 e -1258.716675
6745.0 6820.0 l -903.497864
6820.0 6865.0 @ -530.527100
6865.0 6880.0 ssil -211.191162
6880.0 6895.0 ssil -204.117340 LAKEN
6895.0 7000.0 l -1202.233521
7000.0 7290.0 a -3604.967285
7290.0 7345.0 k -779.622070
7345.0 7395.0 @ -654.626465
7395.0 7495.0 n -1244.376099
7495.0 7545.0 ssil -624.751587
.
