#!MLF!#
"/net/aistaff/aki/_same-utterance/wav/01/Groningen_and_Drenthe/2551-1449324742-286511.rec"
0.0 130.0 ssil -1340.207764 DE
130.0 145.0 d -244.380188
145.0 335.0 ssil -2270.658691
335.0 715.0 ssil -4558.664062 SPREI
715.0 840.0 s -1773.199951
840.0 925.0 p -1094.644897
925.0 955.0 r -408.525116
955.0 1100.0 ei -1690.136597
1100.0 1115.0 ssil -243.748215
1115.0 1130.0 ssil -253.694748 DIE
1130.0 1145.0 d -225.137268
1145.0 1225.0 i -921.426819
1225.0 1240.0 ssil -209.096710
1240.0 1255.0 ssil -202.824203 JIJ
1255.0 1290.0 j -378.952942
1290.0 1335.0 ei -515.129395
1335.0 1350.0 ssil -224.704803
1350.0 1365.0 ssil -185.769730 BRACHT
1365.0 1455.0 b -1076.396729
1455.0 1520.0 r -1025.275391
1520.0 1605.0 ac -1109.672607
1605.0 1720.0 x -1548.479980
1720.0 1790.0 t -1015.602783
1790.0 1805.0 ssil -238.933685
1805.0 1820.0 ssil -218.115601 HEEFT
1820.0 1890.0 e -873.405029
1890.0 1910.0 f -301.915527
1910.0 1925.0 ssil -227.682495
1925.0 1940.0 ssil -211.508896 SUZAN
1940.0 1990.0 z -734.971680
1990.0 2050.0 y -834.213562
2050.0 2150.0 s -1330.341675
2150.0 2230.0 ac -987.419495
2230.0 2265.0 n -399.704102
2265.0 2280.0 ssil -249.668106
2280.0 2295.0 ssil -276.321350 ALTIJD
2295.0 2380.0 ac -976.444214
2380.0 2465.0 l -1174.811646
2465.0 2535.0 t -1010.354126
2535.0 2580.0 ei -561.238464
2580.0 2605.0 t -365.695404
2605.0 2625.0 ssil -311.441437
2625.0 2640.0 ssil -232.119781 AL
2640.0 2670.0 ac -321.695679
2670.0 2760.0 l -996.737610
2760.0 2775.0 ssil -241.442978
2775.0 2790.0 ssil -228.647003 GEWILD
2790.0 2870.0 x -1160.971313
2870.0 2910.0 @ -537.266418
2910.0 2945.0 w -364.035278
2945.0 3030.0 ic -869.917969
3030.0 3130.0 l -1123.433594
3130.0 3320.0 t -2512.347412
3320.0 3335.0 ssil -214.355194
3335.0 3360.0 ssil -349.578278 OMDAT
3360.0 3485.0 oc -1770.023315
3485.0 3560.0 m -1002.700073
3560.0 3590.0 d -445.507050
3590.0 3645.0 ac -738.079163
3645.0 3665.0 t -300.642273
3665.0 3680.0 ssil -221.497452
3680.0 3695.0 ssil -233.908417 DIE
3695.0 3715.0 d -316.999084
3715.0 3760.0 i -598.477173
3760.0 3775.0 ssil -258.621490
3775.0 3790.0 ssil -222.757843 ZO
3790.0 3875.0 s -1112.439697
3875.0 3920.0 o -616.974243
3920.0 3935.0 ssil -240.714630
3935.0 3950.0 ssil -221.423233 LEUK
3950.0 4010.0 l -757.841492
4010.0 4150.0 eu -1640.334595
4150.0 4165.0 k -242.371994
4165.0 4180.0 ssil -230.202469
4180.0 4195.0 ssil -243.738327 STAAT
4195.0 4255.0 s -833.151855
4255.0 4315.0 t -774.525391
4315.0 4410.0 a -1069.332275
4410.0 4425.0 t -228.311172
4425.0 4440.0 ssil -197.145905
4440.0 4455.0 ssil -179.368652 BIJ
4455.0 4530.0 b -873.281067
4530.0 4670.0 ei -1471.088013
4670.0 4705.0 ssil -554.894226
4705.0 4720.0 ssil -233.301559 HET
4720.0 4735.0 h -226.916855
4735.0 4750.0 ec -257.229889
4750.0 4770.0 t -284.356049
4770.0 4785.0 ssil -210.402969
4785.0 4800.0 ssil -220.167221 GELE
4800.0 4855.0 x -792.921021
4855.0 4940.0 e -983.060059
4940.0 4975.0 l -480.358978
4975.0 5015.0 @ -479.112671
5015.0 5030.0 ssil -218.217133
5030.0 5045.0 ssil -212.990341 LAKEN
5045.0 5105.0 l -730.858521
5105.0 5300.0 a -2079.881836
5300.0 5390.0 k -1303.537354
5390.0 5460.0 @ -895.176514
5460.0 5735.0 ssil -3264.457031
.
