#!MLF!#
"/net/aistaff/aki/_same-utterance/wav/01/Groningen_and_Drenthe/28-1449002700-1825.rec"
0.0 15.0 ssil -149.339722 DE
15.0 30.0 d -177.388138
30.0 515.0 @ -3940.911865
515.0 565.0 ssil -748.240051
565.0 905.0 ssil -4281.890137 SPREI
905.0 1040.0 s -1708.047974
1040.0 1095.0 p -743.579895
1095.0 1205.0 r -1294.900269
1205.0 1345.0 ei -1884.718018
1345.0 1360.0 ssil -200.564041
1360.0 1375.0 ssil -203.295349 DIE
1375.0 1425.0 d -600.565552
1425.0 1485.0 i -741.897888
1485.0 1500.0 ssil -224.019470
1500.0 1515.0 ssil -209.038773 JIJ
1515.0 1595.0 j -820.547852
1595.0 1740.0 ei -1599.700195
1740.0 1760.0 ssil -243.535446
1760.0 1775.0 ssil -220.887924 BRACHT
1775.0 1810.0 b -551.964294
1810.0 1870.0 r -730.640320
1870.0 2005.0 ac -1548.648071
2005.0 2085.0 x -1067.465698
2085.0 2160.0 t -1017.391968
2160.0 2175.0 ssil -175.460327
2175.0 2335.0 ssil -1949.261475 HEEFT
2335.0 2350.0 h -202.991074
2350.0 2465.0 e -1289.928955
2465.0 2500.0 f -508.843689
2500.0 2515.0 ssil -186.182526
2515.0 2530.0 ssil -168.217896 SUZAN
2530.0 2575.0 z -530.337952
2575.0 2635.0 y -748.084595
2635.0 2730.0 s -1274.835449
2730.0 2945.0 ac -2595.570801
2945.0 2960.0 n -212.180130
2960.0 3010.0 ssil -577.355042
3010.0 3050.0 ssil -521.276062 ALTIJD
3050.0 3150.0 ac -1400.399414
3150.0 3210.0 l -882.455322
3210.0 3240.0 t -472.047760
3240.0 3340.0 ei -1331.756226
3340.0 3355.0 t -225.168411
3355.0 3370.0 ssil -222.859039
3370.0 3385.0 ssil -226.830795 AL
3385.0 3465.0 ac -899.084167
3465.0 3490.0 l -364.292419
3490.0 3505.0 ssil -253.193222
3505.0 3520.0 ssil -242.845734 GEWILD
3520.0 3620.0 gc -1360.232056
3620.0 3700.0 w -963.800781
3700.0 3735.0 ic -396.632050
3735.0 3900.0 l -2149.508789
3900.0 4405.0 ssil -5836.495605
4405.0 4435.0 ssil -419.636261 OMDAT
4435.0 4525.0 oc -1128.574463
4525.0 4540.0 m -207.479797
4540.0 4555.0 d -214.242889
4555.0 4570.0 ac -199.023575
4570.0 4585.0 t -244.184753
4585.0 4610.0 ssil -336.752777
4610.0 4625.0 ssil -235.352219 DIE
4625.0 4650.0 d -395.181824
4650.0 4715.0 i -846.728943
4715.0 4730.0 ssil -215.610718
4730.0 4745.0 ssil -198.680038 ZO
4745.0 4795.0 z -576.188232
4795.0 4810.0 o -220.614990
4810.0 4825.0 ssil -209.808090
4825.0 4840.0 ssil -203.804199 LEUK
4840.0 4920.0 l -918.561523
4920.0 5040.0 eu -1515.109497
5040.0 5055.0 k -227.551254
5055.0 5075.0 ssil -277.837677
5075.0 5090.0 ssil -194.504669 STAAT
5090.0 5140.0 s -666.235046
5140.0 5185.0 t -627.050232
5185.0 5365.0 a -2007.749023
5365.0 5380.0 t -220.033279
5380.0 5405.0 ssil -330.542328
5405.0 5465.0 ssil -695.815735 BIJ
5465.0 5505.0 b -590.894775
5505.0 5680.0 ei -1740.993164
5680.0 5695.0 ssil -187.224197
5695.0 5710.0 ssil -183.859497 HET
5710.0 5745.0 h -428.378784
5745.0 5770.0 ec -324.740540
5770.0 5870.0 t -1381.770386
5870.0 5885.0 ssil -194.627441
5885.0 5915.0 ssil -381.112671 GELE
5915.0 5945.0 x -418.877838
5945.0 6015.0 e -725.744812
6015.0 6030.0 l -187.572449
6030.0 6045.0 @ -201.927078
6045.0 6060.0 ssil -232.383331
6060.0 6075.0 ssil -226.562515 LAKEN
6075.0 6205.0 l -1636.687622
6205.0 6360.0 a -2016.543457
6360.0 6430.0 k -1030.231201
6430.0 6505.0 @ -1058.749390
6505.0 6875.0 ssil -4522.131836
.
