#!MLF!#
"/net/aistaff/aki/_same-utterance/wav/01/Groningen_and_Drenthe/2825-1450543213-333041.rec"
0.0 15.0 ssil -185.129227 DE
15.0 30.0 d -203.190704
30.0 295.0 @ -2989.515625
295.0 535.0 ssil -3040.129639
535.0 1315.0 ssil -9504.711914 SPREI
1315.0 1515.0 z -2855.289307
1515.0 1550.0 p -482.401001
1550.0 1600.0 r -681.602417
1600.0 1770.0 ei -2100.477051
1770.0 1785.0 ssil -206.297714
1785.0 1805.0 ssil -289.957123 DIE
1805.0 1820.0 d -240.586182
1820.0 1875.0 i -772.925720
1875.0 1890.0 ssil -243.270599
1890.0 1905.0 ssil -260.371826 JIJ
1905.0 1985.0 j -1105.061523
1985.0 2065.0 ei -994.747070
2065.0 2080.0 ssil -188.460983
2080.0 2095.0 ssil -176.986771 BRACHT
2095.0 2110.0 b -198.171951
2110.0 2245.0 r -1792.360229
2245.0 2330.0 ac -1066.699585
2330.0 2385.0 x -718.447998
2385.0 2790.0 ssil -4782.959473
2790.0 2870.0 ssil -1006.252625 HEEFT
2870.0 2885.0 h -216.696869
2885.0 2980.0 e -1195.517944
2980.0 2995.0 f -229.459656
2995.0 3010.0 ssil -236.101883
3010.0 3025.0 ssil -259.465668 SUZAN
3025.0 3130.0 z -1437.798462
3130.0 3180.0 y -638.539124
3180.0 3305.0 s -1681.137329
3305.0 3360.0 ac -632.398193
3360.0 3450.0 n -1045.224609
3450.0 3465.0 ssil -211.180862
3465.0 3490.0 ssil -355.022888 ALTIJD
3490.0 3700.0 ac -2660.687500
3700.0 3790.0 l -1250.872925
3790.0 3805.0 t -215.038055
3805.0 3835.0 ei -390.929718
3835.0 3850.0 t -218.231964
3850.0 3865.0 ssil -222.904968
3865.0 3880.0 ssil -219.807098 AL
3880.0 3960.0 ac -1022.252686
3960.0 3990.0 l -358.869324
3990.0 4005.0 ssil -204.704132
4005.0 4020.0 ssil -203.610947 GEWILD
4020.0 4105.0 x -1160.318604
4105.0 4150.0 @ -515.189514
4150.0 4210.0 w -736.826233
4210.0 4310.0 ic -1189.961182
4310.0 4375.0 l -856.221191
4375.0 4430.0 ssil -749.598206
4430.0 4845.0 ssil -4763.488281 OMDAT
4845.0 4885.0 oc -534.177185
4885.0 4940.0 m -747.073669
4940.0 5005.0 d -976.239624
5005.0 5045.0 ac -519.579529
5045.0 5060.0 t -211.652481
5060.0 5075.0 ssil -185.196991
5075.0 5110.0 ssil -461.953247 DIE
5110.0 5145.0 d -508.676880
5145.0 5165.0 i -282.577972
5165.0 5180.0 ssil -220.039597
5180.0 5195.0 ssil -208.165268 ZO
5195.0 5295.0 z -1276.077393
5295.0 5310.0 o -206.708847
5310.0 5325.0 ssil -207.785980
5325.0 5340.0 ssil -196.075180 LEUK
5340.0 5430.0 l -1067.520020
5430.0 5575.0 eu -1706.375732
5575.0 5590.0 k -264.265808
5590.0 5605.0 ssil -237.295120
5605.0 5625.0 ssil -306.635620 STAAT
5625.0 5670.0 s -616.949158
5670.0 5705.0 t -534.979248
5705.0 5795.0 a -1163.726318
5795.0 5810.0 t -215.728607
5810.0 5830.0 ssil -240.253571
5830.0 5855.0 ssil -328.117218 BIJ
5855.0 5875.0 b -285.091309
5875.0 6025.0 ei -1858.541382
6025.0 6040.0 ssil -221.505463
6040.0 6055.0 ssil -199.176590 HET
6055.0 6070.0 h -202.819092
6070.0 6085.0 ec -216.897034
6085.0 6100.0 t -198.139572
6100.0 6145.0 ssil -561.749512
6145.0 6170.0 ssil -330.712402 GELE
6170.0 6205.0 gc -483.092407
6205.0 6305.0 ic -1279.295776
6305.0 6490.0 l -2194.234131
6490.0 6695.0 @ -2497.601074
6695.0 9185.0 ssil -28628.632812
9185.0 9270.0 ssil -1062.737183 LAKEN
9270.0 9285.0 l -226.095108
9285.0 9310.0 ac -372.356781
9310.0 9325.0 k -208.603271
9325.0 9345.0 @ -238.345917
9345.0 10960.0 ssil -18511.347656
.
