#!MLF!#
"/net/aistaff/aki/_same-utterance/wav/01/Groningen_and_Drenthe/2860-1449395608-337074.rec"
0.0 320.0 ssil -2519.862793 DE
320.0 335.0 d -205.335678
335.0 630.0 ssil -3736.074707
630.0 1290.0 ssil -7983.757324 SPREI
1290.0 1420.0 s -1881.378906
1420.0 1470.0 p -775.595947
1470.0 1520.0 r -705.308777
1520.0 1660.0 ei -1631.672119
1660.0 1675.0 ssil -249.213486
1675.0 1690.0 ssil -243.639084 DIE
1690.0 1720.0 d -481.790375
1720.0 1740.0 i -284.167023
1740.0 1755.0 ssil -223.460709
1755.0 1770.0 ssil -213.370361 JIJ
1770.0 1840.0 j -817.801270
1840.0 1895.0 ei -731.677856
1895.0 1910.0 ssil -231.536575
1910.0 1950.0 ssil -553.218811 BRACHT
1950.0 1975.0 b -354.244995
1975.0 2035.0 r -910.734314
2035.0 2165.0 ac -1743.351929
2165.0 2290.0 x -1587.251709
2290.0 2365.0 t -933.176697
2365.0 2380.0 ssil -181.339493
2380.0 2450.0 ssil -890.642212 HEEFT
2450.0 2480.0 h -338.296631
2480.0 2545.0 e -806.954346
2545.0 2590.0 f -601.161743
2590.0 2605.0 ssil -201.289566
2605.0 2625.0 ssil -295.807007 SUZAN
2625.0 2665.0 s -640.160400
2665.0 2725.0 y -771.247864
2725.0 2800.0 s -1042.916504
2800.0 2870.0 ac -837.105896
2870.0 2885.0 n -220.135757
2885.0 2900.0 ssil -228.966049
2900.0 2915.0 ssil -233.973938 ALTIJD
2915.0 3005.0 ac -1321.356689
3005.0 3045.0 l -576.825684
3045.0 3105.0 t -883.266785
3105.0 3120.0 ei -251.278030
3120.0 3160.0 t -592.324585
3160.0 3175.0 ssil -214.116837
3175.0 3190.0 ssil -200.636475 AL
3190.0 3220.0 ac -346.423615
3220.0 3245.0 l -321.372498
3245.0 3260.0 ssil -226.515579
3260.0 3275.0 ssil -225.382019 GEWILD
3275.0 3335.0 x -824.393250
3335.0 3370.0 @ -440.338348
3370.0 3435.0 w -754.095764
3435.0 3505.0 ic -880.837952
3505.0 3605.0 l -1212.265991
3605.0 3695.0 t -1225.003784
3695.0 3760.0 ssil -902.319031
3760.0 3840.0 ssil -1151.532593 OMDAT
3840.0 3870.0 oc -476.019043
3870.0 3945.0 m -839.301575
3945.0 3960.0 d -226.862335
3960.0 4005.0 ac -541.976440
4005.0 4020.0 t -229.162003
4020.0 4035.0 ssil -223.189957
4035.0 4050.0 ssil -224.815353 DIE
4050.0 4065.0 d -231.663773
4065.0 4085.0 i -274.589722
4085.0 4100.0 ssil -222.274826
4100.0 4115.0 ssil -221.783066 ZO
4115.0 4180.0 z -791.654175
4180.0 4215.0 o -401.420624
4215.0 4230.0 ssil -224.771561
4230.0 4245.0 ssil -231.507339 LEUK
4245.0 4290.0 l -605.193970
4290.0 4400.0 eu -1307.090332
4400.0 4455.0 k -818.813293
4455.0 4470.0 ssil -242.345627
4470.0 4495.0 ssil -447.357056 STAAT
4495.0 4510.0 s -236.492264
4510.0 4545.0 t -452.116272
4545.0 4675.0 a -1368.688843
4675.0 4725.0 t -637.431519
4725.0 4745.0 ssil -253.963287
4745.0 4800.0 ssil -684.276062 BIJ
4800.0 4830.0 b -436.894806
4830.0 4860.0 ei -383.923798
4860.0 4875.0 ssil -207.952133
4875.0 4890.0 ssil -210.985886 HET
4890.0 4905.0 h -202.104050
4905.0 4960.0 ec -660.436462
4960.0 4985.0 t -328.808594
4985.0 5000.0 ssil -199.289322
5000.0 5015.0 ssil -220.116028 GELE
5015.0 5105.0 x -1175.798340
5105.0 5185.0 e -868.092407
5185.0 5235.0 l -663.647949
5235.0 5250.0 @ -206.457916
5250.0 5265.0 ssil -233.634171
5265.0 5280.0 ssil -239.685715 LAKEN
5280.0 5360.0 l -1008.255127
5360.0 5525.0 a -1818.858032
5525.0 5610.0 k -1249.828369
5610.0 5700.0 @ -1007.645508
5700.0 5730.0 n -347.912903
5730.0 6295.0 ssil -6528.483887
.
