#!MLF!#
"/net/aistaff/aki/_same-utterance/wav/01/Groningen_and_Drenthe/298-1449076082-27150.rec"
0.0 330.0 ssil -2801.068604 DE
330.0 350.0 d -267.653168
350.0 510.0 ssil -1962.858276
510.0 640.0 ssil -1865.072266 SPREI
640.0 735.0 s -1308.341797
735.0 815.0 p -1054.465942
815.0 850.0 r -484.707123
850.0 890.0 ei -515.731934
890.0 905.0 ssil -228.728348
905.0 920.0 ssil -228.574188 DIE
920.0 935.0 d -236.094574
935.0 1025.0 i -1189.450806
1025.0 1040.0 ssil -195.437851
1040.0 1055.0 ssil -195.487610 JIJ
1055.0 1180.0 j -1648.787720
1180.0 1290.0 ei -1429.788330
1290.0 1310.0 ssil -268.700653
1310.0 1325.0 ssil -186.283844 BRACHT
1325.0 1340.0 b -225.045578
1340.0 1385.0 r -659.708801
1385.0 1475.0 ac -1249.933594
1475.0 1490.0 x -222.930511
1490.0 1540.0 ssil -667.271118
1540.0 1555.0 ssil -199.641068 HEEFT
1555.0 1585.0 h -420.867767
1585.0 1640.0 e -832.973328
1640.0 1655.0 f -251.644272
1655.0 1670.0 ssil -200.126358
1670.0 1710.0 ssil -516.535034 SUZAN
1710.0 1735.0 s -359.843231
1735.0 1750.0 @ -202.574219
1750.0 1770.0 n -274.010376
1770.0 1790.0 ssil -273.533051
1790.0 1835.0 ssil -661.767212 ALTIJD
1835.0 2050.0 ac -2825.840332
2050.0 2085.0 l -461.440948
2085.0 2100.0 t -234.807373
2100.0 2115.0 ei -236.420547
2115.0 2130.0 t -217.782288
2130.0 2145.0 ssil -214.768875
2145.0 2160.0 ssil -198.926956 AL
2160.0 2345.0 l -2198.764404
2345.0 2360.0 ssil -208.770477
2360.0 2375.0 ssil -203.114075 GEWILD
2375.0 2390.0 gc -220.066238
2390.0 2420.0 @ -372.924866
2420.0 2475.0 w -644.027771
2475.0 2505.0 ic -380.326202
2505.0 2615.0 l -1431.093140
2615.0 2700.0 ssil -1150.186279
2700.0 2955.0 ssil -3066.772217 OMDAT
2955.0 3005.0 oc -635.850098
3005.0 3050.0 m -576.940857
3050.0 3070.0 d -308.774628
3070.0 3125.0 ac -645.214478
3125.0 3140.0 t -256.269928
3140.0 3155.0 ssil -235.641724
3155.0 3170.0 ssil -239.566437 DIE
3170.0 3190.0 d -282.182434
3190.0 3215.0 i -328.206757
3215.0 3230.0 ssil -208.733673
3230.0 3245.0 ssil -204.251953 ZO
3245.0 3300.0 z -714.014221
3300.0 3380.0 o -952.286743
3380.0 3395.0 ssil -203.676971
3395.0 3410.0 ssil -226.111328 LEUK
3410.0 3425.0 l -219.356918
3425.0 3520.0 eu -1155.578369
3520.0 3535.0 k -240.968063
3535.0 3555.0 ssil -298.687256
3555.0 3570.0 ssil -228.486465 STAAT
3570.0 3590.0 s -303.050690
3590.0 3650.0 t -893.567444
3650.0 3795.0 a -1770.369019
3795.0 3810.0 t -248.551880
3810.0 3825.0 ssil -226.467163
3825.0 3840.0 ssil -191.892090 BIJ
3840.0 3915.0 b -943.623169
3915.0 4060.0 ei -1761.877930
4060.0 4075.0 ssil -229.177185
4075.0 4100.0 ssil -378.719757 HET
4100.0 4115.0 h -240.254486
4115.0 4130.0 ec -226.233002
4130.0 4145.0 t -218.676804
4145.0 4160.0 ssil -212.822220
4160.0 4175.0 ssil -219.081024 GELE
4175.0 4220.0 gc -659.507324
4220.0 4350.0 ic -1551.092163
4350.0 4390.0 l -584.425964
4390.0 4445.0 @ -682.265564
4445.0 4465.0 ssil -277.071655
4465.0 4485.0 ssil -252.890671 LAKEN
4485.0 4565.0 l -1017.457275
4565.0 4800.0 a -3302.916748
4800.0 4820.0 k -304.764038
4820.0 4870.0 @ -641.783081
4870.0 4960.0 n -1069.602539
4960.0 5040.0 ssil -997.098572
.
