#!MLF!#
"/net/aistaff/aki/_same-utterance/wav/01/Groningen_and_Drenthe/2998-1449408055-357256.rec"
0.0 95.0 ssil -858.031311 DE
95.0 125.0 d -416.733582
125.0 610.0 ssil -5666.964844
610.0 855.0 ssil -3039.264648 SPREI
855.0 1000.0 z -1910.796021
1000.0 1060.0 p -771.869385
1060.0 1105.0 r -659.748779
1105.0 1250.0 ei -1815.260742
1250.0 1265.0 ssil -196.653854
1265.0 1280.0 ssil -216.401108 DIE
1280.0 1295.0 d -226.250885
1295.0 1405.0 i -1404.458130
1405.0 1420.0 ssil -247.254562
1420.0 1435.0 ssil -226.136002 JIJ
1435.0 1450.0 j -210.867615
1450.0 1555.0 ei -1275.861938
1555.0 1570.0 ssil -209.903488
1570.0 1585.0 ssil -216.520264 BRACHT
1585.0 1600.0 b -219.938431
1600.0 1640.0 r -528.839294
1640.0 1730.0 ac -1114.946655
1730.0 1860.0 x -1762.678345
1860.0 1875.0 ssil -240.398987
1875.0 1900.0 ssil -344.317719 HEEFT
1900.0 1990.0 e -982.295654
1990.0 2005.0 f -229.214279
2005.0 2020.0 ssil -225.898468
2020.0 2035.0 ssil -212.919403 SUZAN
2035.0 2125.0 z -1168.423340
2125.0 2200.0 y -967.171875
2200.0 2255.0 s -807.995483
2255.0 2345.0 ac -1013.395569
2345.0 2360.0 n -194.716141
2360.0 2375.0 ssil -196.097595
2375.0 2390.0 ssil -218.224884 ALTIJD
2390.0 2475.0 ac -986.437561
2475.0 2555.0 l -1213.455688
2555.0 2595.0 t -608.270447
2595.0 2750.0 ei -1890.670898
2750.0 2770.0 t -305.798981
2770.0 2785.0 ssil -253.716812
2785.0 2800.0 ssil -232.987717 AL
2800.0 2875.0 ac -880.915344
2875.0 2900.0 l -312.022034
2900.0 2915.0 ssil -204.940186
2915.0 2930.0 ssil -207.821762 GEWILD
2930.0 2990.0 x -754.868042
2990.0 3025.0 @ -405.113464
3025.0 3095.0 w -879.898865
3095.0 3165.0 ic -835.900757
3165.0 3260.0 l -1162.960571
3260.0 3365.0 t -1461.473999
3365.0 3430.0 ssil -853.275208
3430.0 3730.0 ssil -3681.658691 OMDAT
3730.0 3775.0 oc -571.032959
3775.0 3825.0 m -624.012695
3825.0 3885.0 d -932.437683
3885.0 3935.0 ac -619.644409
3935.0 3950.0 t -237.589050
3950.0 3970.0 ssil -291.165314
3970.0 3995.0 ssil -408.475250 DIE
3995.0 4015.0 d -296.400055
4015.0 4090.0 i -916.677551
4090.0 4105.0 ssil -192.791260
4105.0 4120.0 ssil -195.011063 ZO
4120.0 4170.0 z -667.646484
4170.0 4245.0 o -905.703064
4245.0 4260.0 ssil -183.897537
4260.0 4275.0 ssil -191.597534 LEUK
4275.0 4320.0 l -637.094421
4320.0 4425.0 eu -1382.591553
4425.0 4440.0 k -237.518021
4440.0 4455.0 ssil -234.480042
4455.0 4470.0 ssil -237.335632 STAAT
4470.0 4560.0 s -1113.594971
4560.0 4600.0 t -551.346497
4600.0 4790.0 a -2112.731445
4790.0 4840.0 t -744.253052
4840.0 4855.0 ssil -200.395004
4855.0 4870.0 ssil -185.783890 BIJ
4870.0 4915.0 b -643.555359
4915.0 5030.0 ei -1289.911377
5030.0 5045.0 ssil -234.631607
5045.0 5060.0 ssil -222.847229 HET
5060.0 5075.0 h -243.169708
5075.0 5090.0 ec -243.517944
5090.0 5120.0 t -399.992859
5120.0 5145.0 ssil -366.804749
5145.0 5160.0 ssil -199.744324 GELE
5160.0 5190.0 gc -443.702240
5190.0 5310.0 e -1533.366821
5310.0 5355.0 l -657.813660
5355.0 5405.0 @ -575.279419
5405.0 5420.0 ssil -199.319366
5420.0 5435.0 ssil -206.361420 LAKEN
5435.0 5480.0 l -581.429077
5480.0 5710.0 a -2762.702637
5710.0 5755.0 k -660.422180
5755.0 5790.0 @ -466.098938
5790.0 5845.0 n -623.792419
5845.0 6200.0 ssil -4096.443848
.
