#!MLF!#
"/net/aistaff/aki/_same-utterance/wav/01/Groningen_and_Drenthe/3054-1449412091-365275.rec"
0.0 100.0 ssil -873.880432 DE
100.0 115.0 d -209.908752
115.0 140.0 ssil -356.347290
140.0 635.0 ssil -5727.188965 SPREI
635.0 780.0 s -1831.569336
780.0 835.0 p -768.876343
835.0 900.0 r -868.531433
900.0 1185.0 ei -3157.615234
1185.0 1200.0 ssil -208.139343
1200.0 1215.0 ssil -230.739334 DIE
1215.0 1230.0 d -223.065384
1230.0 1245.0 i -244.968399
1245.0 1260.0 ssil -206.210999
1260.0 1275.0 ssil -206.678436 JIJ
1275.0 1290.0 j -205.586319
1290.0 1365.0 ei -864.131836
1365.0 1590.0 ssil -3087.916016
1590.0 1625.0 ssil -470.303650 BRACHT
1625.0 1700.0 b -953.032837
1700.0 1780.0 r -1045.191650
1780.0 2065.0 ac -3282.208984
2065.0 2210.0 x -1955.993042
2210.0 2285.0 t -956.438904
2285.0 2300.0 ssil -203.563065
2300.0 2585.0 ssil -3190.987061 HEEFT
2585.0 2605.0 h -241.732941
2605.0 2695.0 e -1144.201416
2695.0 2710.0 f -250.863815
2710.0 2735.0 ssil -348.976044
2735.0 2755.0 ssil -278.046844 SUZAN
2755.0 2800.0 z -601.256897
2800.0 2890.0 y -1063.884399
2890.0 2975.0 s -1129.086182
2975.0 3100.0 ac -1465.053223
3100.0 3150.0 n -647.242249
3150.0 3165.0 ssil -192.638657
3165.0 3195.0 ssil -379.098328 ALTIJD
3195.0 3395.0 ac -2309.472412
3395.0 3430.0 l -513.173767
3430.0 3500.0 t -1010.195312
3500.0 3560.0 ei -808.359863
3560.0 3590.0 t -437.972443
3590.0 3605.0 ssil -204.755981
3605.0 3620.0 ssil -182.001404 AL
3620.0 3735.0 ac -1189.871582
3735.0 3750.0 l -185.742844
3750.0 3765.0 ssil -184.220749
3765.0 3785.0 ssil -241.992035 GEWILD
3785.0 3800.0 gc -202.939011
3800.0 3820.0 w -246.443192
3820.0 3940.0 ic -1288.972534
3940.0 4090.0 l -1512.651001
4090.0 4170.0 t -990.526611
4170.0 4230.0 ssil -716.019104
4230.0 4440.0 ssil -2594.960938 OMDAT
4440.0 4505.0 oc -794.927734
4505.0 4570.0 m -827.940247
4570.0 4615.0 d -586.813171
4615.0 4770.0 ac -1911.942383
4770.0 4810.0 t -590.211182
4810.0 4845.0 ssil -404.894928
4845.0 4940.0 ssil -1174.548828 DIE
4940.0 4955.0 d -210.528030
4955.0 5000.0 i -629.354614
5000.0 5015.0 ssil -221.142822
5015.0 5030.0 ssil -209.652710 ZO
5030.0 5085.0 z -711.994934
5085.0 5160.0 o -845.397522
5160.0 5175.0 ssil -204.133682
5175.0 5190.0 ssil -216.337448 LEUK
5190.0 5210.0 l -278.290344
5210.0 5505.0 eu -3563.659668
5505.0 5550.0 k -647.876404
5550.0 5565.0 ssil -219.645218
5565.0 5580.0 ssil -212.211731 STAAT
5580.0 5660.0 s -1028.183838
5660.0 5700.0 t -574.872131
5700.0 5905.0 a -2269.750488
5905.0 5990.0 t -1193.092773
5990.0 6040.0 ssil -587.270386
6040.0 6245.0 ssil -2409.612549 BIJ
6245.0 6270.0 b -380.810303
6270.0 6285.0 ei -258.439667
6285.0 6300.0 ssil -203.733017
6300.0 6315.0 ssil -202.642883 HET
6315.0 6330.0 h -232.966522
6330.0 6345.0 ec -249.413345
6345.0 6425.0 t -1093.980835
6425.0 6440.0 ssil -219.337769
6440.0 6455.0 ssil -190.529297 GELE
6455.0 6530.0 x -1020.769409
6530.0 6675.0 e -1463.164917
6675.0 6730.0 l -697.560242
6730.0 6870.0 @ -1747.562012
6870.0 6885.0 ssil -243.019302
6885.0 6900.0 ssil -247.493942 LAKEN
6900.0 7155.0 l -2575.125977
7155.0 7180.0 ac -354.952576
7180.0 7210.0 k -457.724945
7210.0 7245.0 @ -445.082153
7245.0 7420.0 n -1872.351562
7420.0 7990.0 ssil -6468.987305
.
