#!MLF!#
"/net/aistaff/aki/_same-utterance/wav/01/Groningen_and_Drenthe/3354-1449516516-447368.rec"
0.0 350.0 ssil -3483.913330 DE
350.0 365.0 d -243.381699
365.0 590.0 ssil -2777.147461
590.0 930.0 ssil -4411.896484 SPREI
930.0 1095.0 s -2079.917236
1095.0 1120.0 p -357.309021
1120.0 1190.0 r -841.433716
1190.0 1330.0 ei -1451.451172
1330.0 1345.0 ssil -219.844513
1345.0 1360.0 ssil -226.487213 DIE
1360.0 1375.0 d -216.776764
1375.0 1390.0 i -182.412476
1390.0 1405.0 ssil -214.146088
1405.0 1420.0 ssil -244.277084 JIJ
1420.0 1530.0 j -1241.023315
1530.0 1670.0 ei -1473.393555
1670.0 1695.0 ssil -290.922211
1695.0 1710.0 ssil -200.962387 BRACHT
1710.0 1740.0 b -415.284332
1740.0 1820.0 r -1076.052734
1820.0 1925.0 ac -1189.174072
1925.0 2005.0 x -1070.663208
2005.0 2030.0 ssil -295.333496
2030.0 2080.0 ssil -692.626465 HEEFT
2080.0 2115.0 h -416.462158
2115.0 2230.0 e -1203.072266
2230.0 2245.0 f -217.509201
2245.0 2260.0 ssil -185.677719
2260.0 2275.0 ssil -193.911133 SUZAN
2275.0 2355.0 z -1050.529175
2355.0 2415.0 y -733.106812
2415.0 2510.0 s -1290.297729
2510.0 2615.0 ac -1143.611694
2615.0 2660.0 n -518.961243
2660.0 2675.0 ssil -214.191696
2675.0 2690.0 ssil -218.264847 ALTIJD
2690.0 2765.0 ac -950.307678
2765.0 2840.0 l -901.873718
2840.0 2910.0 t -990.760864
2910.0 2940.0 ei -383.399933
2940.0 2955.0 t -211.685959
2955.0 2975.0 ssil -279.546906
2975.0 2990.0 ssil -227.354416 AL
2990.0 3110.0 ac -1417.105591
3110.0 3130.0 l -307.388214
3130.0 3145.0 ssil -226.019226
3145.0 3160.0 ssil -211.567596 GEWILD
3160.0 3245.0 x -1117.318970
3245.0 3345.0 w -1090.984375
3345.0 3390.0 ic -454.470612
3390.0 3525.0 l -1517.082153
3525.0 3615.0 ssil -1282.156372
3615.0 4185.0 ssil -6210.175781 OMDAT
4185.0 4230.0 oc -558.233887
4230.0 4300.0 m -739.456726
4300.0 4320.0 d -264.311676
4320.0 4370.0 ac -568.260376
4370.0 4385.0 t -234.252136
4385.0 4400.0 ssil -207.602097
4400.0 4420.0 ssil -257.231598 DIE
4420.0 4460.0 d -574.988525
4460.0 4525.0 i -771.346313
4525.0 4540.0 ssil -210.665726
4540.0 4555.0 ssil -199.502213 ZO
4555.0 4615.0 z -721.765015
4615.0 4660.0 o -490.148041
4660.0 4675.0 ssil -203.850281
4675.0 4690.0 ssil -187.056076 LEUK
4690.0 4760.0 l -794.536133
4760.0 4875.0 eu -1172.807739
4875.0 4890.0 k -217.780106
4890.0 4905.0 ssil -208.930222
4905.0 4920.0 ssil -213.535202 STAAT
4920.0 5005.0 s -1009.025757
5005.0 5040.0 t -444.417847
5040.0 5210.0 a -1809.356812
5210.0 5230.0 t -285.615112
5230.0 5245.0 ssil -187.735168
5245.0 5305.0 ssil -716.301758 BIJ
5305.0 5335.0 b -414.385956
5335.0 5395.0 ei -627.860535
5395.0 5410.0 ssil -219.391525
5410.0 5425.0 ssil -228.621094 HET
5425.0 5440.0 h -200.014420
5440.0 5525.0 ec -1000.067627
5525.0 5575.0 t -656.224854
5575.0 5590.0 ssil -226.868973
5590.0 5605.0 ssil -234.181335 GELE
5605.0 5695.0 gc -1140.769775
5695.0 5810.0 ic -1461.741821
5810.0 5835.0 l -327.255463
5835.0 5880.0 @ -520.738831
5880.0 5895.0 ssil -191.683182
5895.0 5910.0 ssil -185.556503 LAKEN
5910.0 5980.0 l -754.698669
5980.0 6180.0 ac -2362.992920
6180.0 6230.0 k -685.833496
6230.0 6260.0 @ -372.911743
6260.0 6335.0 n -870.235718
6335.0 6755.0 ssil -4915.699219
.
