#!MLF!#
"/net/aistaff/aki/_same-utterance/wav/01/Groningen_and_Drenthe/3526-1452164654-490978.rec"
0.0 325.0 ssil -2821.149414 DE
325.0 340.0 d -220.414413
340.0 910.0 ssil -7022.547852
910.0 1005.0 ssil -1382.843018 SPREI
1005.0 1120.0 z -1635.291260
1120.0 1155.0 p -538.463318
1155.0 1210.0 r -861.037292
1210.0 1365.0 ei -1764.919067
1365.0 1400.0 ssil -472.940460
1400.0 1415.0 ssil -223.309998 DIE
1415.0 1430.0 d -230.296219
1430.0 1530.0 i -1192.433960
1530.0 1545.0 ssil -205.468384
1545.0 1560.0 ssil -193.909943 JIJ
1560.0 1640.0 j -936.463623
1640.0 1780.0 ei -1610.734741
1780.0 1795.0 ssil -204.165024
1795.0 1810.0 ssil -246.729080 BRACHT
1810.0 1825.0 b -244.155792
1825.0 1860.0 r -558.779297
1860.0 1985.0 ac -1611.774048
1985.0 2100.0 x -1679.905762
2100.0 2160.0 t -876.008789
2160.0 2175.0 ssil -196.313629
2175.0 2215.0 ssil -497.869690 HEEFT
2215.0 2255.0 h -516.921631
2255.0 2360.0 e -1234.665283
2360.0 2395.0 f -514.533325
2395.0 2545.0 t -2183.866699
2545.0 2630.0 ssil -1054.155762
2630.0 2660.0 ssil -413.233673 SUZAN
2660.0 2925.0 z -3548.611084
2925.0 2990.0 y -800.055237
2990.0 3100.0 s -1434.590088
3100.0 3200.0 ac -1121.883423
3200.0 3280.0 n -934.969543
3280.0 3295.0 ssil -209.555267
3295.0 3310.0 ssil -231.005554 ALTIJD
3310.0 3415.0 ac -1323.701538
3415.0 3480.0 l -967.640137
3480.0 3555.0 t -1162.608398
3555.0 3625.0 ei -917.468262
3625.0 3650.0 t -388.866302
3650.0 3665.0 ssil -249.968277
3665.0 3680.0 ssil -233.648163 AL
3680.0 3785.0 l -1340.378418
3785.0 3830.0 ssil -770.236389
3830.0 3855.0 ssil -396.953033 GEWILD
3855.0 3895.0 x -579.862244
3895.0 3925.0 @ -410.659973
3925.0 3995.0 w -825.615051
3995.0 4010.0 ic -227.146484
4010.0 4085.0 l -1015.753052
4085.0 4155.0 t -1048.207886
4155.0 4795.0 ssil -7692.425293
4795.0 4940.0 ssil -1718.996460 OMDAT
4940.0 5005.0 m -812.933411
5005.0 5045.0 d -694.752014
5045.0 5090.0 ac -604.715515
5090.0 5105.0 t -257.835083
5105.0 5120.0 ssil -202.053177
5120.0 5135.0 ssil -195.561935 DIE
5135.0 5190.0 d -802.612793
5190.0 5235.0 i -577.663513
5235.0 5250.0 ssil -244.761139
5250.0 5265.0 ssil -215.213425 ZO
5265.0 5340.0 z -962.055725
5340.0 5400.0 o -676.516968
5400.0 5415.0 ssil -221.505356
5415.0 5430.0 ssil -204.649216 LEUK
5430.0 5485.0 l -844.644409
5485.0 5590.0 eu -1350.114380
5590.0 5610.0 k -344.446838
5610.0 5635.0 ssil -389.090149
5635.0 5670.0 ssil -600.086487 STAAT
5670.0 5740.0 s -1018.761536
5740.0 5790.0 t -819.656006
5790.0 5930.0 a -1825.776855
5930.0 5955.0 t -348.849426
5955.0 5970.0 ssil -184.748230
5970.0 6015.0 ssil -553.880188 BIJ
6015.0 6060.0 b -659.005554
6060.0 6155.0 ei -986.183289
6155.0 6170.0 ssil -182.666824
6170.0 6195.0 ssil -340.091339 HET
6195.0 6210.0 h -225.679733
6210.0 6230.0 ec -357.391388
6230.0 6255.0 t -440.034821
6255.0 6290.0 ssil -561.543640
6290.0 6335.0 ssil -594.440430 GELE
6335.0 6435.0 x -1356.981201
6435.0 6560.0 e -1346.702515
6560.0 6575.0 l -251.281921
6575.0 6590.0 @ -223.788727
6590.0 6615.0 ssil -410.539032
6615.0 6650.0 ssil -540.181335 LAKEN
6650.0 6785.0 l -2015.192383
6785.0 6920.0 a -1426.225830
6920.0 6935.0 k -235.433990
6935.0 6965.0 @ -405.849487
6965.0 7780.0 ssil -9474.032227
.
