#!MLF!#
"/net/aistaff/aki/_same-utterance/wav/01/Groningen_and_Drenthe/3966-1449924790-606574.rec"
0.0 265.0 ssil -2132.148438 DE
265.0 280.0 d -177.799988
280.0 295.0 ssil -137.580215
295.0 310.0 ssil -137.580215 SPREI
310.0 325.0 z -218.777771
325.0 350.0 p -390.049286
350.0 385.0 r -472.990845
385.0 520.0 ei -1666.320923
520.0 535.0 ssil -214.185440
535.0 550.0 ssil -202.744202 DIE
550.0 565.0 d -227.383179
565.0 590.0 i -318.804962
590.0 605.0 ssil -200.520111
605.0 620.0 ssil -200.329071 JIJ
620.0 700.0 j -1023.169373
700.0 850.0 ei -1976.289307
850.0 865.0 ssil -217.270508
865.0 880.0 ssil -213.677979 BRACHT
880.0 910.0 b -438.298370
910.0 960.0 r -719.818298
960.0 1080.0 ac -1570.235718
1080.0 1145.0 x -853.227112
1145.0 1250.0 ssil -1409.817383
1250.0 1335.0 ssil -1107.724609 HEEFT
1335.0 1370.0 h -475.097809
1370.0 1445.0 e -877.158997
1445.0 1460.0 f -230.864182
1460.0 1475.0 ssil -222.545364
1475.0 1490.0 ssil -215.386505 SUZAN
1490.0 1570.0 z -1054.380615
1570.0 1645.0 y -931.323975
1645.0 1715.0 s -994.630127
1715.0 1800.0 ac -1031.316406
1800.0 1820.0 n -298.882141
1820.0 1840.0 ssil -289.997864
1840.0 1855.0 ssil -215.066818 ALTIJD
1855.0 2025.0 ac -2163.560791
2025.0 2085.0 l -857.711914
2085.0 2145.0 t -853.955872
2145.0 2165.0 ei -304.445404
2165.0 2180.0 t -228.350433
2180.0 2200.0 ssil -264.487183
2200.0 2215.0 ssil -231.534592 AL
2215.0 2290.0 ac -856.307617
2290.0 2305.0 l -213.339783
2305.0 2320.0 ssil -219.372086
2320.0 2335.0 ssil -212.572144 GEWILD
2335.0 2440.0 x -1251.774902
2440.0 2495.0 @ -617.761414
2495.0 2525.0 w -359.178009
2525.0 2600.0 ic -857.581299
2600.0 2730.0 l -1709.341187
2730.0 2780.0 t -762.376099
2780.0 3120.0 ssil -4374.786621
3120.0 3315.0 ssil -2438.868896 OMDAT
3315.0 3340.0 @ -379.689575
3340.0 3365.0 m -364.698425
3365.0 3415.0 d -755.704712
3415.0 3480.0 ac -817.402405
3480.0 3495.0 t -250.266663
3495.0 3510.0 ssil -208.293594
3510.0 3540.0 ssil -454.536133 DIE
3540.0 3565.0 d -359.842255
3565.0 3630.0 i -781.375183
3630.0 3645.0 ssil -225.849533
3645.0 3660.0 ssil -216.090607 ZO
3660.0 3745.0 z -1077.127930
3745.0 3760.0 o -203.650604
3760.0 3775.0 ssil -194.099106
3775.0 3795.0 ssil -251.929153 LEUK
3795.0 3880.0 l -988.663452
3880.0 4000.0 eu -1351.674316
4000.0 4015.0 k -225.506760
4015.0 4030.0 ssil -205.061157
4030.0 4045.0 ssil -221.929703 STAAT
4045.0 4100.0 s -747.610046
4100.0 4150.0 t -696.591431
4150.0 4315.0 a -1929.101074
4315.0 4330.0 t -211.340469
4330.0 4395.0 ssil -727.565735
4395.0 4415.0 ssil -276.371338 BIJ
4415.0 4445.0 b -460.952515
4445.0 4560.0 ei -1343.096191
4560.0 4575.0 ssil -214.046921
4575.0 4590.0 ssil -232.983948 HET
4590.0 4605.0 h -209.622696
4605.0 4630.0 ec -385.638519
4630.0 4670.0 t -564.295105
4670.0 4700.0 ssil -373.000793
4700.0 4755.0 ssil -647.858154 GELE
4755.0 4780.0 gc -320.049957
4780.0 4885.0 e -1193.177490
4885.0 4950.0 l -787.818237
4950.0 4990.0 @ -468.956757
4990.0 5005.0 ssil -192.725159
5005.0 5020.0 ssil -208.705612 LAKEN
5020.0 5130.0 l -1350.749268
5130.0 5370.0 a -2649.620605
5370.0 5425.0 k -767.834717
5425.0 5455.0 @ -411.579681
5455.0 5570.0 n -1433.706299
5570.0 6105.0 ssil -6031.704102
.
