#!MLF!#
"/net/aistaff/aki/_same-utterance/wav/01/Groningen_and_Drenthe/4181-1450012289-642668.rec"
0.0 15.0 ssil -154.866226 DE
15.0 30.0 d -168.818939
30.0 650.0 @ -5754.762207
650.0 730.0 ssil -1022.195068
730.0 780.0 ssil -696.000427 SPREI
780.0 980.0 s -2530.432373
980.0 1020.0 p -571.310242
1020.0 1060.0 r -595.294800
1060.0 1230.0 ei -2449.998291
1230.0 1245.0 ssil -238.155304
1245.0 1260.0 ssil -233.100388 DIE
1260.0 1275.0 d -264.501434
1275.0 1305.0 i -414.153839
1305.0 1320.0 ssil -215.237900
1320.0 1335.0 ssil -214.355011 JIJ
1335.0 1470.0 j -1599.982788
1470.0 1520.0 ei -613.719421
1520.0 1535.0 ssil -224.057602
1535.0 1550.0 ssil -218.790237 BRACHT
1550.0 1565.0 b -225.304230
1565.0 1610.0 r -585.210022
1610.0 1725.0 ac -1380.782715
1725.0 1795.0 x -927.757812
1795.0 1815.0 ssil -253.217804
1815.0 1860.0 ssil -596.800232 HEEFT
1860.0 1880.0 h -243.364136
1880.0 1895.0 e -175.694443
1895.0 1910.0 f -231.903137
1910.0 1925.0 ssil -196.034653
1925.0 1940.0 ssil -205.576996 SUZAN
1940.0 2040.0 s -1312.055298
2040.0 2060.0 @ -272.870697
2060.0 2150.0 s -1330.401611
2150.0 2235.0 ac -1065.464233
2235.0 2270.0 n -459.552063
2270.0 2305.0 ssil -427.528900
2305.0 2340.0 ssil -491.195465 ALTIJD
2340.0 2495.0 ac -1949.731567
2495.0 2510.0 l -251.941742
2510.0 2545.0 t -485.997406
2545.0 2560.0 ei -242.619537
2560.0 2575.0 t -277.101959
2575.0 2615.0 ssil -611.143921
2615.0 2635.0 ssil -353.728180 AL
2635.0 2720.0 ac -1063.006104
2720.0 2735.0 l -214.229126
2735.0 2750.0 ssil -235.275528
2750.0 2765.0 ssil -226.553070 GEWILD
2765.0 2860.0 gc -1263.630249
2860.0 2980.0 w -1332.963989
2980.0 3015.0 ic -446.524048
3015.0 3100.0 l -904.120239
3100.0 3230.0 t -1701.038452
3230.0 3270.0 ssil -506.369659
3270.0 3705.0 ssil -4906.571289 OMDAT
3705.0 3730.0 @ -316.972992
3730.0 3745.0 m -203.770035
3745.0 3780.0 d -520.120422
3780.0 3845.0 ac -852.102356
3845.0 3860.0 t -223.819443
3860.0 3875.0 ssil -222.531143
3875.0 3890.0 ssil -241.791336 DIE
3890.0 3905.0 d -233.510361
3905.0 3920.0 i -243.138794
3920.0 3935.0 ssil -207.832108
3935.0 3950.0 ssil -213.637238 ZO
3950.0 4060.0 z -1450.987061
4060.0 4085.0 o -310.795197
4085.0 4100.0 ssil -191.542099
4100.0 4115.0 ssil -225.485580 LEUK
4115.0 4210.0 l -1290.862793
4210.0 4355.0 eu -1880.469971
4355.0 4400.0 k -687.282104
4400.0 4415.0 ssil -209.579391
4415.0 4430.0 ssil -208.663986 STAAT
4430.0 4485.0 s -707.455139
4485.0 4525.0 t -547.132568
4525.0 4695.0 a -2113.087158
4695.0 4710.0 t -203.127106
4710.0 4725.0 ssil -165.275772
4725.0 4740.0 ssil -185.506729 BIJ
4740.0 4765.0 b -371.490814
4765.0 4895.0 ei -1366.510376
4895.0 4910.0 ssil -202.484222
4910.0 4925.0 ssil -210.308838 HET
4925.0 4940.0 h -237.589539
4940.0 4955.0 ec -243.373611
4955.0 4970.0 t -229.956421
4970.0 4990.0 ssil -266.839569
4990.0 5005.0 ssil -202.276764 GELE
5005.0 5075.0 x -897.564209
5075.0 5205.0 e -1390.579712
5205.0 5220.0 l -172.368866
5220.0 5265.0 @ -447.720215
5265.0 5280.0 ssil -188.577682
5280.0 5295.0 ssil -183.869888 LAKEN
5295.0 5345.0 l -645.460876
5345.0 5580.0 a -3017.551514
5580.0 5630.0 k -727.194763
5630.0 5660.0 @ -387.521729
5660.0 5770.0 n -1156.895752
5770.0 6015.0 ssil -2632.757324
.
