#!MLF!#
"/net/aistaff/aki/_same-utterance/wav/01/Groningen_and_Drenthe/420-1449132456-53598.rec"
0.0 15.0 ssil -147.075836 DE
15.0 30.0 d -177.524704
30.0 535.0 @ -4331.008789
535.0 1695.0 ssil -12808.678711
1695.0 2080.0 ssil -4539.554199 SPREI
2080.0 2305.0 s -2806.793213
2305.0 2330.0 p -367.759766
2330.0 2385.0 r -805.778809
2385.0 2680.0 ei -3592.523682
2680.0 2695.0 ssil -200.752686
2695.0 2710.0 ssil -225.045044 DIE
2710.0 2725.0 d -235.980637
2725.0 2835.0 i -1243.630493
2835.0 2850.0 ssil -200.231812
2850.0 2865.0 ssil -196.273682 JIJ
2865.0 2975.0 j -1312.700562
2975.0 3100.0 ei -1566.180298
3100.0 3130.0 ssil -457.317841
3130.0 3165.0 ssil -477.377380 BRACHT
3165.0 3190.0 b -374.587036
3190.0 3230.0 r -637.177979
3230.0 3385.0 ac -1803.730469
3385.0 3490.0 x -1515.690674
3490.0 3555.0 t -901.824707
3555.0 3570.0 ssil -220.556549
3570.0 3590.0 ssil -299.825958 HEEFT
3590.0 3630.0 h -557.841919
3630.0 3745.0 e -1337.836060
3745.0 3760.0 f -216.079681
3760.0 3775.0 ssil -192.904922
3775.0 3795.0 ssil -254.733582 SUZAN
3795.0 3920.0 z -1581.265625
3920.0 3985.0 y -813.424683
3985.0 4075.0 s -1296.170776
4075.0 4245.0 ac -2141.065186
4245.0 4260.0 n -210.859207
4260.0 4275.0 ssil -220.704544
4275.0 4290.0 ssil -209.875290 ALTIJD
4290.0 4430.0 ac -1619.023560
4430.0 4460.0 l -457.248077
4460.0 4505.0 t -729.899780
4505.0 4610.0 ei -1242.671875
4610.0 4630.0 t -291.739685
4630.0 4645.0 ssil -219.637466
4645.0 4660.0 ssil -223.879333 AL
4660.0 4675.0 l -262.725403
4675.0 4690.0 ssil -228.383743
4690.0 4705.0 ssil -219.914764 GEWILD
4705.0 4770.0 x -883.238220
4770.0 4850.0 @ -1020.965271
4850.0 4900.0 w -646.708679
4900.0 4960.0 ic -563.260498
4960.0 5155.0 l -2301.269043
5155.0 5305.0 t -2017.578003
5305.0 5755.0 ssil -5135.193848
5755.0 5795.0 ssil -542.071350 OMDAT
5795.0 5845.0 oc -648.698853
5845.0 5910.0 m -867.908508
5910.0 5930.0 d -290.260010
5930.0 6025.0 ac -1132.893433
6025.0 6040.0 t -271.507172
6040.0 6070.0 ssil -427.624969
6070.0 6085.0 ssil -220.894211 DIE
6085.0 6105.0 d -297.090363
6105.0 6180.0 i -936.882080
6180.0 6195.0 ssil -246.569061
6195.0 6210.0 ssil -229.240677 ZO
6210.0 6295.0 z -1144.709717
6295.0 6350.0 o -667.162537
6350.0 6365.0 ssil -216.915878
6365.0 6380.0 ssil -222.590378 LEUK
6380.0 6430.0 l -655.403687
6430.0 6595.0 eu -2209.260742
6595.0 6610.0 k -268.313843
6610.0 6625.0 ssil -234.960419
6625.0 6655.0 ssil -415.224854 STAAT
6655.0 6755.0 s -1276.035889
6755.0 6790.0 t -481.671021
6790.0 6990.0 a -1925.506714
6990.0 7015.0 t -396.096527
7015.0 7030.0 ssil -175.098541
7030.0 7125.0 ssil -1073.595459 BIJ
7125.0 7145.0 b -308.038025
7145.0 7285.0 ei -1393.742554
7285.0 7300.0 ssil -228.918137
7300.0 7330.0 ssil -465.685181 HET
7330.0 7345.0 h -241.096191
7345.0 7360.0 ec -249.161072
7360.0 7375.0 t -216.146576
7375.0 7390.0 ssil -200.181000
7390.0 7405.0 ssil -202.949677 GELE
7405.0 7450.0 x -656.049622
7450.0 7565.0 e -1417.088501
7565.0 7615.0 l -685.907715
7615.0 7695.0 @ -780.689209
7695.0 7710.0 ssil -195.180786
7710.0 7725.0 ssil -183.074066 LAKEN
7725.0 7785.0 l -659.312927
7785.0 8030.0 a -2340.343506
8030.0 8075.0 k -673.941345
8075.0 8180.0 @ -1260.814453
8180.0 8250.0 n -861.475647
8250.0 9405.0 ssil -12707.673828
.
