#!MLF!#
"/net/aistaff/aki/_same-utterance/wav/01/Groningen_and_Drenthe/4357-1450260221-695051.rec"
0.0 25.0 ssil -273.389526 DE
25.0 65.0 d -589.387939
65.0 845.0 ssil -8974.343750
845.0 865.0 ssil -272.005432 SPREI
865.0 1015.0 s -1888.270020
1015.0 1060.0 p -655.933044
1060.0 1095.0 r -509.131744
1095.0 1280.0 ei -2322.770752
1280.0 1295.0 ssil -202.872192
1295.0 1310.0 ssil -214.900558 DIE
1310.0 1325.0 d -204.296249
1325.0 1415.0 i -1181.078613
1415.0 1430.0 ssil -223.838379
1430.0 1455.0 ssil -362.564758 JIJ
1455.0 1470.0 j -188.121613
1470.0 1545.0 ei -769.801636
1545.0 1560.0 ssil -201.888702
1560.0 1575.0 ssil -193.285141 BRACHT
1575.0 1610.0 b -443.740204
1610.0 1685.0 r -1004.233643
1685.0 1780.0 ac -1157.296997
1780.0 1890.0 x -1509.472656
1890.0 1930.0 t -538.789246
1930.0 1995.0 ssil -763.803467
1995.0 2350.0 ssil -4377.886230 HEEFT
2350.0 2370.0 h -255.341599
2370.0 2460.0 e -1122.080688
2460.0 2495.0 f -503.941284
2495.0 2515.0 ssil -276.802032
2515.0 2530.0 ssil -190.833939 SUZAN
2530.0 2585.0 s -762.500122
2585.0 2630.0 @ -604.318298
2630.0 2690.0 s -852.046265
2690.0 2775.0 ac -1003.969360
2775.0 2800.0 n -370.505249
2800.0 2840.0 ssil -574.597229
2840.0 2865.0 ssil -378.912567 ALTIJD
2865.0 2990.0 ac -1567.093262
2990.0 3040.0 l -724.971436
3040.0 3085.0 t -659.621887
3085.0 3110.0 ei -376.209564
3110.0 3125.0 t -238.691833
3125.0 3140.0 ssil -197.696899
3140.0 3180.0 ssil -593.224670 AL
3180.0 3270.0 ac -1160.678345
3270.0 3305.0 l -419.030090
3305.0 3320.0 ssil -221.355652
3320.0 3335.0 ssil -214.975098 GEWILD
3335.0 3410.0 x -981.862488
3410.0 3430.0 @ -242.902328
3430.0 3485.0 w -641.802734
3485.0 3585.0 ic -1100.732056
3585.0 3675.0 l -933.509399
3675.0 3820.0 t -2004.104614
3820.0 3860.0 ssil -515.015686
3860.0 4110.0 ssil -2881.568359 OMDAT
4110.0 4140.0 @ -384.274109
4140.0 4170.0 m -335.870697
4170.0 4185.0 d -229.173096
4185.0 4240.0 ac -651.537537
4240.0 4255.0 t -257.042542
4255.0 4270.0 ssil -207.751724
4270.0 4285.0 ssil -202.706711 DIE
4285.0 4300.0 d -199.867966
4300.0 4330.0 i -408.785248
4330.0 4345.0 ssil -197.304596
4345.0 4360.0 ssil -190.335281 ZO
4360.0 4435.0 z -959.213196
4435.0 4450.0 o -187.869293
4450.0 4465.0 ssil -198.407898
4465.0 4480.0 ssil -192.256226 LEUK
4480.0 4670.0 l -2388.092773
4670.0 4695.0 eu -353.618439
4695.0 4720.0 k -393.238892
4720.0 4735.0 ssil -212.002701
4735.0 4750.0 ssil -185.551666 STAAT
4750.0 4775.0 s -301.665527
4775.0 4845.0 t -928.027954
4845.0 5025.0 a -2125.424561
5025.0 5045.0 t -319.383453
5045.0 5065.0 ssil -284.595764
5065.0 5115.0 ssil -691.362549 BIJ
5115.0 5130.0 b -247.677048
5130.0 5240.0 ei -1331.032837
5240.0 5265.0 ssil -350.949615
5265.0 5280.0 ssil -222.804764 HET
5280.0 5295.0 h -234.219955
5295.0 5310.0 ec -235.659012
5310.0 5325.0 t -227.428741
5325.0 5340.0 ssil -238.745102
5340.0 5355.0 ssil -228.570175 GELE
5355.0 5395.0 x -544.696045
5395.0 5465.0 e -744.668884
5465.0 5515.0 l -592.287292
5515.0 5575.0 @ -636.589478
5575.0 5590.0 ssil -200.805008
5590.0 5605.0 ssil -180.567703 LAKEN
5605.0 5660.0 l -661.937988
5660.0 5840.0 a -1921.739868
5840.0 5930.0 k -1174.270996
5930.0 5985.0 @ -642.641357
5985.0 6070.0 n -931.624573
6070.0 6665.0 ssil -6773.551270
.
