#!MLF!#
"/net/aistaff/aki/_same-utterance/wav/01/Groningen_and_Drenthe/4378-1450291296-702194.rec"
0.0 15.0 ssil -185.159348 DE
15.0 30.0 d -205.112961
30.0 275.0 @ -2551.490723
275.0 330.0 ssil -761.858215
330.0 895.0 ssil -7336.533691 SPREI
895.0 1040.0 s -1848.759155
1040.0 1085.0 p -595.560242
1085.0 1115.0 r -419.967102
1115.0 1275.0 ei -2039.519775
1275.0 1290.0 ssil -231.427505
1290.0 1305.0 ssil -227.929626 DIE
1305.0 1320.0 d -243.050430
1320.0 1385.0 i -769.586365
1385.0 1400.0 ssil -220.985245
1400.0 1415.0 ssil -219.503937 JIJ
1415.0 1480.0 j -706.169556
1480.0 1535.0 ei -618.902222
1535.0 1550.0 ssil -223.476959
1550.0 1565.0 ssil -195.440201 BRACHT
1565.0 1660.0 b -1310.792725
1660.0 1680.0 r -285.741760
1680.0 1810.0 ac -1508.023682
1810.0 1905.0 x -1279.579834
1905.0 1935.0 t -388.427887
1935.0 1950.0 ssil -197.664261
1950.0 1965.0 ssil -209.213348 HEEFT
1965.0 1985.0 h -270.445923
1985.0 2070.0 e -1041.814331
2070.0 2105.0 f -492.354950
2105.0 2120.0 ssil -197.484207
2120.0 2135.0 ssil -187.872070 SUZAN
2135.0 2170.0 z -480.402161
2170.0 2185.0 @ -233.842758
2185.0 2285.0 s -1298.856201
2285.0 2370.0 ac -1010.460632
2370.0 2420.0 n -648.412109
2420.0 2435.0 ssil -236.294220
2435.0 2450.0 ssil -237.861969 ALTIJD
2450.0 2530.0 ac -987.084045
2530.0 2560.0 l -450.698608
2560.0 2575.0 t -236.861267
2575.0 2590.0 ei -245.180679
2590.0 2650.0 t -817.052612
2650.0 2740.0 ssil -1230.725586
2740.0 2770.0 ssil -445.239319 AL
2770.0 2860.0 ac -1095.168945
2860.0 2885.0 l -350.191284
2885.0 2900.0 ssil -222.666687
2900.0 2915.0 ssil -208.837463 GEWILD
2915.0 2975.0 gc -771.142944
2975.0 3020.0 @ -553.544067
3020.0 3060.0 w -482.988647
3060.0 3120.0 ic -622.938843
3120.0 3230.0 l -1422.651489
3230.0 3375.0 t -1877.930664
3375.0 3395.0 ssil -278.032166
3395.0 3530.0 ssil -1891.506592 OMDAT
3530.0 3600.0 m -896.190552
3600.0 3620.0 d -316.395142
3620.0 3675.0 ac -778.468567
3675.0 3690.0 t -234.356689
3690.0 3705.0 ssil -193.765656
3705.0 3720.0 ssil -209.012772 DIE
3720.0 3755.0 d -509.642731
3755.0 3785.0 i -404.946014
3785.0 3800.0 ssil -222.867249
3800.0 3815.0 ssil -235.267853 ZO
3815.0 3900.0 z -1072.918579
3900.0 3945.0 o -572.908325
3945.0 3960.0 ssil -216.809586
3960.0 3975.0 ssil -214.268982 LEUK
3975.0 4030.0 l -715.486694
4030.0 4150.0 eu -1468.258301
4150.0 4165.0 k -240.349136
4165.0 4180.0 ssil -214.228256
4180.0 4195.0 ssil -249.268829 STAAT
4195.0 4230.0 s -597.353821
4230.0 4295.0 t -878.525452
4295.0 4365.0 a -857.255432
4365.0 4380.0 t -267.184204
4380.0 4395.0 ssil -239.927002
4395.0 4410.0 ssil -195.902908 BIJ
4410.0 4425.0 b -201.698761
4425.0 4440.0 ei -198.578339
4440.0 4460.0 ssil -272.871826
4460.0 4490.0 ssil -465.269836 HET
4490.0 4515.0 h -298.139099
4515.0 4610.0 ec -1126.704102
4610.0 4655.0 t -622.135376
4655.0 4670.0 ssil -235.216751
4670.0 4685.0 ssil -238.778351 GELE
4685.0 4770.0 x -1096.160400
4770.0 4865.0 e -979.124023
4865.0 4880.0 l -184.890610
4880.0 4930.0 @ -521.356995
4930.0 4945.0 ssil -205.742004
4945.0 4960.0 ssil -210.810196 LAKEN
4960.0 5035.0 l -857.125000
5035.0 5215.0 a -1981.436523
5215.0 5285.0 k -943.232422
5285.0 5375.0 @ -1155.056641
5375.0 6245.0 ssil -11203.436523
.
