#!MLF!#
"/net/aistaff/aki/_same-utterance/wav/01/Groningen_and_Drenthe/4895-1451510082-828199.rec"
0.0 765.0 ssil -8734.482422 DE
765.0 795.0 d -400.095154
795.0 810.0 ssil -189.601700
810.0 825.0 ssil -190.766632 SPREI
825.0 930.0 z -1365.315063
930.0 995.0 p -910.098938
995.0 1040.0 r -622.050598
1040.0 1195.0 ei -1605.120361
1195.0 1210.0 ssil -210.836990
1210.0 1225.0 ssil -210.436279 DIE
1225.0 1240.0 d -221.325897
1240.0 1285.0 i -517.665771
1285.0 1300.0 ssil -203.169113
1300.0 1315.0 ssil -204.526566 JIJ
1315.0 1380.0 j -689.296509
1380.0 1465.0 ei -929.246033
1465.0 1480.0 ssil -207.558777
1480.0 1495.0 ssil -199.126801 BRACHT
1495.0 1540.0 b -614.665161
1540.0 1560.0 r -246.732117
1560.0 1685.0 ac -1313.321411
1685.0 1735.0 x -624.196838
1735.0 1775.0 ssil -458.303772
1775.0 1805.0 ssil -357.036865 HEEFT
1805.0 1825.0 h -241.920242
1825.0 1880.0 e -603.451538
1880.0 1895.0 f -216.616821
1895.0 1910.0 ssil -182.265457
1910.0 1975.0 ssil -770.029907 SUZAN
1975.0 2055.0 z -1040.639526
2055.0 2115.0 y -699.688660
2115.0 2170.0 s -717.107666
2170.0 2245.0 ac -777.677429
2245.0 2260.0 n -211.868591
2260.0 2275.0 ssil -186.225800
2275.0 2290.0 ssil -184.844879 ALTIJD
2290.0 2455.0 ac -1641.607788
2455.0 2485.0 l -392.237274
2485.0 2560.0 t -1013.512390
2560.0 2590.0 ei -361.758057
2590.0 2605.0 t -216.349854
2605.0 2635.0 ssil -368.937561
2635.0 2660.0 ssil -355.543304 AL
2660.0 2725.0 ac -699.582825
2725.0 2745.0 l -231.617706
2745.0 2760.0 ssil -203.914795
2760.0 2775.0 ssil -208.834976 GEWILD
2775.0 2840.0 x -861.684998
2840.0 2855.0 @ -179.118973
2855.0 2925.0 w -769.914490
2925.0 2995.0 ic -674.291138
2995.0 3175.0 l -2219.722412
3175.0 3230.0 t -722.129456
3230.0 3345.0 ssil -1326.619751
3345.0 3390.0 ssil -521.248291 OMDAT
3390.0 3420.0 oc -379.802917
3420.0 3490.0 m -842.255127
3490.0 3505.0 d -206.175552
3505.0 3565.0 ac -691.307068
3565.0 3580.0 t -235.374237
3580.0 3595.0 ssil -208.218307
3595.0 3610.0 ssil -225.190277 DIE
3610.0 3635.0 d -362.930725
3635.0 3685.0 i -596.176331
3685.0 3700.0 ssil -187.326233
3700.0 3715.0 ssil -196.531357 ZO
3715.0 3795.0 z -1019.360168
3795.0 3810.0 o -182.606796
3810.0 3825.0 ssil -203.199493
3825.0 3840.0 ssil -221.782959 LEUK
3840.0 3905.0 l -770.835144
3905.0 4025.0 eu -1252.800049
4025.0 4040.0 k -241.126801
4040.0 4060.0 ssil -298.347382
4060.0 4075.0 ssil -228.822449 STAAT
4075.0 4120.0 s -639.669189
4120.0 4155.0 t -489.475006
4155.0 4275.0 a -1355.614380
4275.0 4290.0 t -210.725784
4290.0 4305.0 ssil -205.125793
4305.0 4320.0 ssil -217.014832 BIJ
4320.0 4350.0 b -414.686127
4350.0 4500.0 ei -1240.717529
4500.0 4515.0 ssil -202.570114
4515.0 4530.0 ssil -215.109436 HET
4530.0 4545.0 h -205.420029
4545.0 4560.0 ec -206.340485
4560.0 4575.0 t -194.543808
4575.0 4590.0 ssil -212.712997
4590.0 4605.0 ssil -219.206802 GELE
4605.0 4660.0 x -691.929260
4660.0 4755.0 e -881.257690
4755.0 4770.0 l -171.390396
4770.0 4830.0 @ -589.501526
4830.0 4845.0 ssil -195.406891
4845.0 4860.0 ssil -190.093567 LAKEN
4860.0 4935.0 l -783.519653
4935.0 5140.0 a -2278.832275
5140.0 5175.0 k -518.278381
5175.0 5285.0 @ -1164.169922
5285.0 5990.0 ssil -8049.425781
.
