#!MLF!#
"/net/aistaff/aki/_same-utterance/wav/01/Groningen_and_Drenthe/5153-1453226043-908757.rec"
0.0 170.0 ssil -1582.204346 DE
170.0 190.0 d -302.481171
190.0 530.0 ssil -4027.260010
530.0 565.0 ssil -477.585022 SPREI
565.0 650.0 s -1087.476440
650.0 745.0 p -1362.591187
745.0 760.0 r -224.044189
760.0 910.0 ei -1809.001465
910.0 925.0 ssil -260.580170
925.0 940.0 ssil -213.207123 DIE
940.0 955.0 d -203.658279
955.0 1095.0 i -1505.750854
1095.0 1110.0 ssil -236.293488
1110.0 1125.0 ssil -249.131165 JIJ
1125.0 1155.0 j -360.468140
1155.0 1220.0 ei -724.362854
1220.0 1235.0 ssil -222.184647
1235.0 1250.0 ssil -210.415665 BRACHT
1250.0 1340.0 b -1051.849365
1340.0 1385.0 r -648.937927
1385.0 1545.0 ac -2035.641602
1545.0 1660.0 x -1554.385376
1660.0 1710.0 t -682.509216
1710.0 1790.0 ssil -1023.662720
1790.0 1805.0 ssil -229.802536 HEEFT
1805.0 1845.0 h -570.831787
1845.0 1930.0 e -1109.448486
1930.0 1945.0 f -232.828140
1945.0 1965.0 ssil -320.714752
1965.0 1980.0 ssil -211.992432 SUZAN
1980.0 2075.0 z -1231.810913
2075.0 2140.0 yc -800.818848
2140.0 2230.0 s -1205.800659
2230.0 2325.0 ac -1142.543091
2325.0 2400.0 n -874.688416
2400.0 2475.0 ssil -982.583313
2475.0 2505.0 ssil -439.666840 ALTIJD
2505.0 2700.0 ac -2465.953125
2700.0 2725.0 l -379.211151
2725.0 2765.0 t -569.322449
2765.0 2925.0 ei -1792.714844
2925.0 2980.0 t -815.845154
2980.0 2995.0 ssil -220.991165
2995.0 3010.0 ssil -214.956085 AL
3010.0 3080.0 ac -752.652405
3080.0 3125.0 l -544.522766
3125.0 3140.0 ssil -232.057144
3140.0 3155.0 ssil -218.066437 GEWILD
3155.0 3240.0 x -1116.581177
3240.0 3285.0 @ -545.780762
3285.0 3335.0 w -631.478088
3335.0 3410.0 ic -921.958923
3410.0 3550.0 l -1594.218628
3550.0 3685.0 t -1808.684937
3685.0 3700.0 ssil -204.462097
3700.0 3935.0 ssil -2718.525146 OMDAT
3935.0 3990.0 oc -834.585938
3990.0 4010.0 m -273.069733
4010.0 4120.0 d -1403.676880
4120.0 4165.0 ac -602.864746
4165.0 4180.0 t -241.192642
4180.0 4200.0 ssil -286.790894
4200.0 4215.0 ssil -197.651062 DIE
4215.0 4245.0 d -435.967590
4245.0 4300.0 i -690.346252
4300.0 4315.0 ssil -199.942337
4315.0 4330.0 ssil -204.911407 ZO
4330.0 4415.0 s -1150.802490
4415.0 4480.0 o -795.839294
4480.0 4495.0 ssil -196.112686
4495.0 4510.0 ssil -197.046387 LEUK
4510.0 4535.0 l -316.859741
4535.0 4680.0 eu -1641.114624
4680.0 4695.0 k -215.406433
4695.0 4710.0 ssil -191.795181
4710.0 4725.0 ssil -208.552155 STAAT
4725.0 4800.0 s -969.341187
4800.0 4855.0 t -733.558472
4855.0 5045.0 a -2353.993652
5045.0 5130.0 t -1075.966431
5130.0 5165.0 ssil -420.430786
5165.0 5180.0 ssil -174.886292 BIJ
5180.0 5210.0 b -450.093719
5210.0 5385.0 ei -1860.228027
5385.0 5400.0 ssil -213.123367
5400.0 5415.0 ssil -211.547043 HET
5415.0 5430.0 h -234.496780
5430.0 5445.0 ec -238.704575
5445.0 5465.0 t -279.780579
5465.0 5480.0 ssil -207.356506
5480.0 5495.0 ssil -193.886490 GELE
5495.0 5535.0 gc -579.664856
5535.0 5655.0 e -1484.534302
5655.0 5700.0 l -542.803650
5700.0 5725.0 @ -314.487091
5725.0 5740.0 ssil -191.884445
5740.0 5755.0 ssil -190.834457 LAKEN
5755.0 5855.0 l -1238.365845
5855.0 6065.0 a -2409.441162
6065.0 6130.0 k -863.150757
6130.0 6215.0 @ -995.818359
6215.0 6340.0 ssil -1501.510498
.
