#!MLF!#
"/net/aistaff/aki/_same-utterance/wav/01/Groningen_and_Drenthe/56-1449059221-4702.rec"
0.0 15.0 ssil -197.853378 DE
15.0 30.0 d -256.673401
30.0 85.0 ssil -857.554016
85.0 555.0 ssil -6030.833984 SPREI
555.0 730.0 z -2287.894531
730.0 770.0 p -573.975769
770.0 805.0 r -461.675446
805.0 1175.0 ei -3885.843262
1175.0 1200.0 ssil -320.713806
1200.0 1215.0 ssil -211.443039 DIE
1215.0 1230.0 d -235.382614
1230.0 1340.0 i -1221.173462
1340.0 1355.0 ssil -228.386139
1355.0 1370.0 ssil -228.753723 JIJ
1370.0 1385.0 j -196.178101
1385.0 1490.0 ei -1238.559814
1490.0 1505.0 ssil -193.165894
1505.0 1520.0 ssil -224.080124 BRACHT
1520.0 1550.0 b -427.084351
1550.0 1625.0 r -917.550842
1625.0 1790.0 ac -1768.476074
1790.0 1930.0 x -1816.314697
1930.0 1965.0 t -464.557861
1965.0 1980.0 ssil -206.456833
1980.0 1995.0 ssil -202.245468 HEEFT
1995.0 2060.0 h -781.341003
2060.0 2125.0 e -725.210388
2125.0 2140.0 f -227.032700
2140.0 2155.0 ssil -205.550903
2155.0 2170.0 ssil -199.399796 SUZAN
2170.0 2260.0 z -1087.454712
2260.0 2305.0 y -576.648926
2305.0 2390.0 s -1268.148071
2390.0 2495.0 ac -1175.142700
2495.0 2550.0 n -713.650940
2550.0 2565.0 ssil -226.753586
2565.0 2580.0 ssil -227.397964 ALTIJD
2580.0 2715.0 ac -1626.079712
2715.0 2825.0 l -1597.738403
2825.0 2865.0 t -639.702942
2865.0 2965.0 ei -1187.178589
2965.0 2985.0 t -311.264313
2985.0 3000.0 ssil -235.206192
3000.0 3015.0 ssil -211.973984 AL
3015.0 3130.0 ac -1286.947632
3130.0 3160.0 l -399.396851
3160.0 3175.0 ssil -204.004730
3175.0 3190.0 ssil -201.411255 GEWILD
3190.0 3290.0 x -1307.591797
3290.0 3325.0 @ -467.874420
3325.0 3410.0 w -1040.793701
3410.0 3510.0 ic -1031.495117
3510.0 3705.0 l -2008.201904
3705.0 3870.0 ssil -2199.882324
3870.0 4155.0 ssil -3340.885254 OMDAT
4155.0 4215.0 oc -718.694031
4215.0 4285.0 m -835.699158
4285.0 4320.0 d -486.004425
4320.0 4370.0 ac -609.836304
4370.0 4385.0 t -241.997787
4385.0 4405.0 ssil -303.132324
4405.0 4435.0 ssil -489.314056 DIE
4435.0 4460.0 d -351.927460
4460.0 4640.0 i -2350.027588
4640.0 4740.0 ssil -1298.647217
4740.0 4785.0 ssil -652.017578 ZO
4785.0 4880.0 z -1258.845093
4880.0 4935.0 o -616.579041
4935.0 4950.0 ssil -204.260071
4950.0 4965.0 ssil -191.280533 LEUK
4965.0 5045.0 l -1077.824585
5045.0 5195.0 eu -1687.507568
5195.0 5210.0 k -230.542740
5210.0 5225.0 ssil -209.385376
5225.0 5240.0 ssil -209.615631 STAAT
5240.0 5320.0 s -984.030884
5320.0 5390.0 t -939.060364
5390.0 5670.0 a -3480.645996
5670.0 5685.0 t -243.284836
5685.0 5700.0 ssil -229.632034
5700.0 5775.0 ssil -1145.134766 BIJ
5775.0 5795.0 b -333.405792
5795.0 5955.0 ei -1535.744751
5955.0 5970.0 ssil -198.343582
5970.0 5985.0 ssil -195.654694 HET
5985.0 6000.0 h -183.455734
6000.0 6015.0 ec -200.334991
6015.0 6040.0 t -333.488525
6040.0 6055.0 ssil -210.394897
6055.0 6070.0 ssil -209.579041 GELE
6070.0 6160.0 x -1219.880127
6160.0 6285.0 ic -1432.411377
6285.0 6320.0 l -443.541504
6320.0 6385.0 @ -742.428101
6385.0 6400.0 ssil -216.477951
6400.0 6415.0 ssil -216.650467 LAKEN
6415.0 6480.0 l -823.547852
6480.0 6770.0 a -3376.100098
6770.0 6805.0 k -530.169617
6805.0 6920.0 @ -1345.667603
6920.0 6975.0 n -648.619385
6975.0 7340.0 ssil -4360.294922
.
