#!MLF!#
"/net/aistaff/aki/_same-utterance/wav/01/Groningen_and_Drenthe/7275-1454600912-1329248.rec"
0.0 95.0 ssil -1297.175781 DE
95.0 120.0 d -409.084686
120.0 415.0 ssil -3957.763916
415.0 2045.0 ssil -18927.857422 SPREI
2045.0 2155.0 z -1470.926636
2155.0 2250.0 p -1199.257935
2250.0 2285.0 r -509.129272
2285.0 2430.0 ei -2045.402466
2430.0 2445.0 ssil -234.090332
2445.0 2460.0 ssil -236.387161 DIE
2460.0 2475.0 d -224.284042
2475.0 2580.0 i -1355.218750
2580.0 2595.0 ssil -236.879013
2595.0 2610.0 ssil -205.134247 JIJ
2610.0 2635.0 j -256.658356
2635.0 2670.0 ei -471.000824
2670.0 2715.0 ssil -558.524780
2715.0 2740.0 ssil -366.522400 BRACHT
2740.0 2770.0 b -448.636536
2770.0 2805.0 r -541.046692
2805.0 2935.0 ac -1688.718140
2935.0 3025.0 x -1139.048462
3025.0 3120.0 ssil -1128.240845
3120.0 3155.0 ssil -469.686188 HEEFT
3155.0 3170.0 h -168.102341
3170.0 3220.0 e -605.445679
3220.0 3235.0 f -215.387817
3235.0 3250.0 ssil -197.726547
3250.0 3265.0 ssil -198.639847 SUZAN
3265.0 3330.0 s -816.000366
3330.0 3350.0 @ -287.235229
3350.0 3430.0 s -1111.029907
3430.0 3520.0 ac -1034.285767
3520.0 3540.0 n -310.726440
3540.0 3555.0 ssil -211.878204
3555.0 3575.0 ssil -310.646698 ALTIJD
3575.0 3670.0 ac -1175.590088
3670.0 3720.0 l -749.774841
3720.0 3780.0 t -856.723267
3780.0 3795.0 ei -243.610291
3795.0 3810.0 t -244.384979
3810.0 3825.0 ssil -207.195618
3825.0 3840.0 ssil -230.140182 AL
3840.0 3900.0 ac -741.168213
3900.0 3940.0 l -519.006592
3940.0 3955.0 ssil -238.847733
3955.0 3970.0 ssil -255.013947 GEWILD
3970.0 4030.0 x -776.640198
4030.0 4055.0 @ -313.711639
4055.0 4100.0 w -582.325378
4100.0 4155.0 ic -762.443542
4155.0 4265.0 l -1461.818604
4265.0 4380.0 t -1592.262695
4380.0 4680.0 ssil -3679.084717
4680.0 4705.0 ssil -312.366302 OMDAT
4705.0 4765.0 m -731.887146
4765.0 4800.0 d -544.815125
4800.0 4815.0 ac -208.760330
4815.0 4830.0 t -252.570251
4830.0 4845.0 ssil -207.964935
4845.0 4860.0 ssil -203.447311 DIE
4860.0 4925.0 d -821.081787
4925.0 5010.0 i -1135.119019
5010.0 5025.0 ssil -221.988937
5025.0 5040.0 ssil -204.174301 ZO
5040.0 5115.0 z -1043.871460
5115.0 5165.0 o -646.512573
5165.0 5180.0 ssil -241.357956
5180.0 5195.0 ssil -223.920029 LEUK
5195.0 5275.0 l -971.693604
5275.0 5405.0 eu -1669.253296
5405.0 5425.0 k -313.384460
5425.0 5440.0 ssil -229.928711
5440.0 5455.0 ssil -229.626556 STAAT
5455.0 5475.0 s -266.480835
5475.0 5520.0 t -617.567810
5520.0 5575.0 a -663.807800
5575.0 5590.0 t -237.465073
5590.0 5615.0 ssil -303.690186
5615.0 5630.0 ssil -182.971527 BIJ
5630.0 5665.0 b -460.976013
5665.0 5730.0 ei -658.581787
5730.0 5745.0 ssil -216.127182
5745.0 5760.0 ssil -229.926651 HET
5760.0 5775.0 h -249.193390
5775.0 5805.0 ec -446.491699
5805.0 5830.0 t -391.484985
5830.0 5860.0 ssil -403.262177
5860.0 5905.0 ssil -570.922668 GELE
5905.0 5940.0 x -479.991486
5940.0 6030.0 e -1008.882874
6030.0 6045.0 l -188.628967
6045.0 6075.0 @ -333.488922
6075.0 6090.0 ssil -213.463593
6090.0 6105.0 ssil -201.998764 LAKEN
6105.0 6205.0 l -1173.153564
6205.0 6390.0 a -2131.474609
6390.0 6445.0 k -742.952026
6445.0 6505.0 @ -706.854553
6505.0 6555.0 n -591.166809
6555.0 6665.0 ssil -1228.126831
.
