#!MLF!#
"/net/aistaff/aki/_same-utterance/wav/01/Groningen_and_Drenthe/7279-1454607339-1331920.rec"
0.0 130.0 ssil -1420.473389 DE
130.0 145.0 d -237.193222
145.0 250.0 ssil -1105.616455
250.0 305.0 ssil -766.323608 SPREI
305.0 465.0 z -2123.193359
465.0 515.0 p -722.773926
515.0 560.0 r -642.091675
560.0 690.0 ei -1512.565063
690.0 705.0 ssil -211.081909
705.0 720.0 ssil -247.114212 DIE
720.0 740.0 d -312.476929
740.0 765.0 i -309.394867
765.0 780.0 ssil -199.287842
780.0 795.0 ssil -197.082245 JIJ
795.0 860.0 j -735.074951
860.0 925.0 ei -662.846313
925.0 940.0 ssil -215.752823
940.0 955.0 ssil -188.997345 BRACHT
955.0 1060.0 b -1300.692749
1060.0 1115.0 r -834.935730
1115.0 1230.0 ac -1419.737183
1230.0 1285.0 x -741.181458
1285.0 1345.0 t -819.044922
1345.0 1360.0 ssil -225.520935
1360.0 1385.0 ssil -340.133636 HEEFT
1385.0 1405.0 h -240.931030
1405.0 1475.0 e -807.809814
1475.0 1490.0 f -260.708984
1490.0 1505.0 ssil -245.155167
1505.0 1520.0 ssil -236.951920 SUZAN
1520.0 1585.0 s -889.799561
1585.0 1645.0 y -840.847595
1645.0 1735.0 s -1259.097656
1735.0 1825.0 ac -1151.879761
1825.0 1845.0 n -283.775787
1845.0 1860.0 ssil -229.876190
1860.0 1875.0 ssil -231.034775 ALTIJD
1875.0 2025.0 ac -1937.286865
2025.0 2075.0 l -603.193787
2075.0 2090.0 t -256.166809
2090.0 2105.0 ei -280.321747
2105.0 2120.0 t -252.400421
2120.0 2135.0 ssil -248.198929
2135.0 2150.0 ssil -261.706940 AL
2150.0 2235.0 ac -989.822083
2235.0 2250.0 l -220.772202
2250.0 2265.0 ssil -243.526917
2265.0 2280.0 ssil -224.647217 GEWILD
2280.0 2365.0 x -1132.389771
2365.0 2420.0 @ -644.798767
2420.0 2475.0 w -595.468445
2475.0 2545.0 ic -744.867371
2545.0 2675.0 l -1584.675171
2675.0 2780.0 t -1489.441162
2780.0 2865.0 ssil -1160.598755
2865.0 3070.0 ssil -2624.918213 OMDAT
3070.0 3085.0 @ -212.634277
3085.0 3125.0 m -468.202728
3125.0 3140.0 d -223.077469
3140.0 3185.0 ac -557.913940
3185.0 3200.0 t -240.546036
3200.0 3230.0 ssil -380.977325
3230.0 3245.0 ssil -198.364868 DIE
3245.0 3275.0 d -418.780457
3275.0 3325.0 i -621.198853
3325.0 3340.0 ssil -231.446152
3340.0 3355.0 ssil -255.078369 ZO
3355.0 3395.0 z -549.896667
3395.0 3410.0 o -213.546829
3410.0 3425.0 ssil -209.701187
3425.0 3440.0 ssil -215.022949 LEUK
3440.0 3535.0 l -1194.582764
3535.0 3665.0 eu -1490.582031
3665.0 3700.0 k -515.855347
3700.0 3715.0 ssil -248.637833
3715.0 3730.0 ssil -219.753342 STAAT
3730.0 3770.0 s -534.830322
3770.0 3810.0 t -575.647705
3810.0 3905.0 a -958.489624
3905.0 3920.0 t -256.099701
3920.0 3935.0 ssil -223.502213
3935.0 3950.0 ssil -197.869919 BIJ
3950.0 4015.0 b -919.907593
4015.0 4050.0 ei -428.069580
4050.0 4065.0 ssil -216.009201
4065.0 4080.0 ssil -224.811844 HET
4080.0 4095.0 h -218.212509
4095.0 4120.0 ec -381.872986
4120.0 4165.0 t -648.544739
4165.0 4180.0 ssil -230.774857
4180.0 4195.0 ssil -228.504852 GELE
4195.0 4250.0 x -757.378052
4250.0 4345.0 e -1132.208862
4345.0 4360.0 l -213.957138
4360.0 4385.0 @ -260.574127
4385.0 4400.0 ssil -180.215210
4400.0 4415.0 ssil -192.941086 LAKEN
4415.0 4515.0 l -1087.731079
4515.0 4730.0 a -2734.379883
4730.0 4770.0 k -620.085083
4770.0 4860.0 @ -1043.854126
4860.0 4915.0 n -731.809265
4915.0 5410.0 ssil -5475.679199
.
