#!MLF!#
"/net/aistaff/aki/_same-utterance/wav/01/Groningen_and_Drenthe/7394-1454794114-1373538.rec"
0.0 325.0 ssil -3829.864746 DE
325.0 345.0 d -316.408356
345.0 1135.0 ssil -9617.559570
1135.0 1440.0 ssil -3901.267822 SPREI
1440.0 1590.0 z -1936.420288
1590.0 1745.0 p -1854.819214
1745.0 1855.0 r -1465.344971
1855.0 2095.0 ei -3017.506836
2095.0 2110.0 ssil -193.760010
2110.0 2125.0 ssil -228.014786 DIE
2125.0 2140.0 d -226.443832
2140.0 2270.0 i -1600.229004
2270.0 2285.0 ssil -212.563583
2285.0 2300.0 ssil -202.861008 JIJ
2300.0 2315.0 j -194.579330
2315.0 2415.0 ei -1325.228516
2415.0 2430.0 ssil -205.656738
2430.0 2445.0 ssil -220.655273 BRACHT
2445.0 2475.0 b -426.518616
2475.0 2565.0 r -1201.322266
2565.0 2650.0 ac -1114.576660
2650.0 2740.0 x -1206.406006
2740.0 2780.0 t -519.540405
2780.0 2875.0 ssil -1125.563477
2875.0 3080.0 ssil -2547.033691 HEEFT
3080.0 3145.0 e -850.236511
3145.0 3160.0 f -252.670181
3160.0 3180.0 ssil -302.967621
3180.0 3215.0 ssil -479.721802 SUZAN
3215.0 3290.0 s -974.382568
3290.0 3380.0 y -1086.058105
3380.0 3445.0 s -854.873047
3445.0 3580.0 ac -1721.023560
3580.0 3600.0 n -310.371826
3600.0 3615.0 ssil -227.283279
3615.0 3630.0 ssil -235.897079 ALTIJD
3630.0 3740.0 ac -1458.990234
3740.0 3840.0 l -1452.674927
3840.0 3890.0 t -806.467896
3890.0 3925.0 ei -520.693481
3925.0 3955.0 t -410.390839
3955.0 3985.0 ssil -437.108093
3985.0 4000.0 ssil -235.279083 AL
4000.0 4115.0 ac -1293.390259
4115.0 4140.0 l -331.161194
4140.0 4155.0 ssil -230.507095
4155.0 4170.0 ssil -223.584045 GEWILD
4170.0 4225.0 gc -736.815247
4225.0 4315.0 @ -1209.522949
4315.0 4340.0 w -377.930634
4340.0 4405.0 ic -942.398376
4405.0 4520.0 l -1576.005371
4520.0 4610.0 t -1265.176514
4610.0 4700.0 ssil -1217.779053
4700.0 5100.0 ssil -4762.813477 OMDAT
5100.0 5125.0 oc -330.882721
5125.0 5215.0 m -1136.746338
5215.0 5240.0 d -341.676575
5240.0 5295.0 ac -640.510010
5295.0 5310.0 t -239.027557
5310.0 5325.0 ssil -212.605789
5325.0 5350.0 ssil -361.855957 DIE
5350.0 5385.0 d -518.655151
5385.0 5445.0 i -719.159302
5445.0 5460.0 ssil -212.147614
5460.0 5475.0 ssil -225.009628 ZO
5475.0 5535.0 z -785.424744
5535.0 5590.0 o -630.480652
5590.0 5605.0 ssil -195.526566
5605.0 5620.0 ssil -200.518555 LEUK
5620.0 5730.0 l -1446.793213
5730.0 5840.0 eu -1396.933228
5840.0 5865.0 k -357.237671
5865.0 5880.0 ssil -225.842850
5880.0 5895.0 ssil -204.588898 STAAT
5895.0 5940.0 s -573.225830
5940.0 5980.0 t -533.840942
5980.0 6130.0 a -1874.251099
6130.0 6155.0 t -370.695465
6155.0 6175.0 ssil -287.653381
6175.0 6230.0 ssil -663.050659 BIJ
6230.0 6260.0 b -395.447540
6260.0 6345.0 ei -929.486084
6345.0 6360.0 ssil -215.794754
6360.0 6375.0 ssil -236.898560 HET
6375.0 6390.0 h -242.407547
6390.0 6405.0 ec -255.141556
6405.0 6430.0 t -370.155884
6430.0 6445.0 ssil -223.015839
6445.0 6460.0 ssil -216.694519 GELE
6460.0 6540.0 x -1021.982056
6540.0 6650.0 ic -1407.933472
6650.0 6690.0 l -556.228088
6690.0 6730.0 @ -501.043610
6730.0 6745.0 ssil -205.404388
6745.0 6760.0 ssil -233.619553 LAKEN
6760.0 6890.0 l -1774.684937
6890.0 7110.0 a -2686.516846
7110.0 7150.0 k -607.584045
7150.0 7225.0 @ -873.519409
7225.0 7265.0 n -487.633453
7265.0 8405.0 ssil -13597.276367
.
