#!MLF!#
"/net/aistaff/aki/_same-utterance/wav/01/Groningen_and_Drenthe/7661-1455632007-1463650.rec"
0.0 145.0 ssil -1297.711548 DE
145.0 160.0 d -198.579880
160.0 200.0 ssil -599.919983
200.0 1235.0 ssil -12341.006836 SPREI
1235.0 1390.0 s -2049.363770
1390.0 1420.0 p -423.729279
1420.0 1455.0 r -456.633057
1455.0 1640.0 ei -1818.435547
1640.0 1655.0 ssil -239.120438
1655.0 1670.0 ssil -236.346390 DIE
1670.0 1690.0 d -287.986084
1690.0 1780.0 i -967.632507
1780.0 1795.0 ssil -207.713013
1795.0 1810.0 ssil -202.009338 JIJ
1810.0 1830.0 j -250.468781
1830.0 1895.0 ei -719.106873
1895.0 1910.0 ssil -216.716125
1910.0 1925.0 ssil -196.444824 BRACHT
1925.0 1990.0 b -859.306702
1990.0 2045.0 r -841.483398
2045.0 2175.0 ac -1520.339722
2175.0 2265.0 x -1260.641235
2265.0 2290.0 ssil -341.448578
2290.0 2315.0 ssil -385.887939 HEEFT
2315.0 2330.0 h -190.475143
2330.0 2415.0 e -974.642090
2415.0 2430.0 f -256.630859
2430.0 2455.0 t -396.104126
2455.0 2470.0 ssil -231.021332
2470.0 2495.0 ssil -378.546478 SUZAN
2495.0 2575.0 s -958.724976
2575.0 2625.0 y -594.284851
2625.0 2705.0 s -1155.143433
2705.0 2800.0 ac -1119.904419
2800.0 2835.0 n -463.192291
2835.0 2855.0 ssil -311.109894
2855.0 2875.0 ssil -293.078674 ALTIJD
2875.0 3000.0 ac -1525.652954
3000.0 3050.0 l -681.045227
3050.0 3100.0 t -705.192688
3100.0 3165.0 ei -896.348633
3165.0 3220.0 t -794.058167
3220.0 3235.0 ssil -226.872284
3235.0 3250.0 ssil -210.934875 AL
3250.0 3285.0 ac -399.132385
3285.0 3360.0 l -923.662659
3360.0 3375.0 ssil -203.234329
3375.0 3390.0 ssil -186.348236 GEWILD
3390.0 3465.0 x -929.361511
3465.0 3520.0 @ -645.905823
3520.0 3560.0 w -461.709778
3560.0 3650.0 ic -954.696228
3650.0 3795.0 l -1753.855103
3795.0 3850.0 t -804.224670
3850.0 3865.0 ssil -228.936096
3865.0 3890.0 ssil -377.891632 OMDAT
3890.0 3965.0 oc -955.020935
3965.0 4030.0 m -788.504211
4030.0 4060.0 d -443.350983
4060.0 4145.0 ac -948.237244
4145.0 4160.0 t -237.300690
4160.0 4175.0 ssil -210.021378
4175.0 4190.0 ssil -223.184464 DIE
4190.0 4230.0 d -608.501038
4230.0 4280.0 i -567.646606
4280.0 4295.0 ssil -216.264771
4295.0 4310.0 ssil -212.657669 ZO
4310.0 4390.0 z -947.071533
4390.0 4415.0 o -292.214111
4415.0 4430.0 ssil -185.973236
4430.0 4445.0 ssil -204.675934 LEUK
4445.0 4515.0 l -858.555420
4515.0 4670.0 eu -1749.361816
4670.0 4700.0 k -474.419678
4700.0 4715.0 ssil -235.100769
4715.0 4730.0 ssil -228.061829 STAAT
4730.0 4800.0 s -914.019836
4800.0 4840.0 t -694.679138
4840.0 5000.0 a -1796.503174
5000.0 5035.0 t -449.223694
5035.0 5050.0 ssil -230.199036
5050.0 5090.0 ssil -563.716919 BIJ
5090.0 5150.0 b -778.774109
5150.0 5190.0 ei -425.846710
5190.0 5205.0 ssil -180.480118
5205.0 5220.0 ssil -177.424469 HET
5220.0 5235.0 h -163.618134
5235.0 5315.0 ec -851.584290
5315.0 5330.0 t -209.166672
5330.0 5345.0 ssil -206.826950
5345.0 5360.0 ssil -215.573425 GELE
5360.0 5470.0 x -1427.569458
5470.0 5610.0 e -1629.976685
5610.0 5660.0 l -601.797913
5660.0 5710.0 @ -563.858337
5710.0 5725.0 ssil -200.998657
5725.0 5740.0 ssil -199.223389 LAKEN
5740.0 5815.0 l -925.350647
5815.0 5980.0 a -1757.425171
5980.0 6085.0 k -1415.546875
6085.0 6170.0 @ -1080.227417
6170.0 6225.0 n -673.351501
6225.0 6550.0 ssil -4030.781250
.
