#!MLF!#
"/net/aistaff/aki/_same-utterance/wav/01/Groningen_and_Drenthe/7955-1456509034-1528984.rec"
0.0 125.0 ssil -1111.877808 DE
125.0 140.0 d -212.764954
140.0 175.0 ssil -511.407410
175.0 635.0 ssil -5553.821289 SPREI
635.0 820.0 s -2376.830811
820.0 860.0 p -610.971252
860.0 905.0 r -607.474365
905.0 1130.0 ei -2433.259766
1130.0 1145.0 ssil -217.548828
1145.0 1160.0 ssil -221.499985 DIE
1160.0 1175.0 d -235.957397
1175.0 1195.0 i -267.730927
1195.0 1210.0 ssil -226.215439
1210.0 1225.0 ssil -219.891006 JIJ
1225.0 1390.0 j -1897.224487
1390.0 1525.0 ei -1487.061035
1525.0 1540.0 ssil -204.999374
1540.0 1555.0 ssil -222.616974 BRACHT
1555.0 1585.0 b -388.277588
1585.0 1670.0 r -1060.260010
1670.0 1760.0 ac -1086.901489
1760.0 1910.0 x -1906.164917
1910.0 1925.0 ssil -212.967484
1925.0 1970.0 ssil -657.843933 HEEFT
1970.0 2075.0 e -1204.815552
2075.0 2090.0 f -229.379868
2090.0 2105.0 ssil -210.358002
2105.0 2120.0 ssil -199.994370 SUZAN
2120.0 2250.0 z -1704.749756
2250.0 2300.0 y -633.686829
2300.0 2390.0 s -1191.092896
2390.0 2470.0 ac -872.069885
2470.0 2525.0 n -652.100830
2525.0 2540.0 ssil -209.048935
2540.0 2555.0 ssil -218.129745 ALTIJD
2555.0 2840.0 ac -3540.248291
2840.0 2855.0 l -231.479782
2855.0 2910.0 t -762.688965
2910.0 2940.0 ei -404.628815
2940.0 2955.0 t -228.322266
2955.0 2980.0 ssil -329.786652
2980.0 3045.0 ssil -901.001831 AL
3045.0 3125.0 ac -968.489868
3125.0 3185.0 l -703.302307
3185.0 3200.0 ssil -216.328522
3200.0 3215.0 ssil -219.347626 GEWILD
3215.0 3335.0 x -1536.346069
3335.0 3425.0 w -1004.727356
3425.0 3550.0 ic -1436.571899
3550.0 3660.0 l -1222.145508
3660.0 3875.0 ssil -2663.483398
3875.0 4175.0 ssil -3785.609863 OMDAT
4175.0 4205.0 oc -350.341339
4205.0 4260.0 m -623.564087
4260.0 4375.0 d -1463.672241
4375.0 4455.0 ac -898.703430
4455.0 4470.0 t -223.000977
4470.0 4485.0 ssil -206.557877
4485.0 4525.0 ssil -511.244965 DIE
4525.0 4555.0 d -432.061005
4555.0 4610.0 i -682.756104
4610.0 4625.0 ssil -221.894913
4625.0 4640.0 ssil -213.312088 ZO
4640.0 4760.0 z -1615.124756
4760.0 4775.0 o -207.262924
4775.0 4790.0 ssil -173.077728
4790.0 4805.0 ssil -163.500580 LEUK
4805.0 4860.0 l -709.463867
4860.0 5125.0 eu -3077.843750
5125.0 5140.0 k -229.868134
5140.0 5155.0 ssil -209.519562
5155.0 5170.0 ssil -219.306900 STAAT
5170.0 5250.0 s -1052.608032
5250.0 5315.0 t -851.994751
5315.0 5455.0 a -1416.634644
5455.0 5470.0 t -214.305573
5470.0 5505.0 ssil -414.587219
5505.0 5535.0 ssil -395.174286 BIJ
5535.0 5560.0 b -322.156982
5560.0 5710.0 ei -1503.732910
5710.0 5725.0 ssil -199.085571
5725.0 5740.0 ssil -205.317245 HET
5740.0 5755.0 h -179.384323
5755.0 5775.0 ec -260.963501
5775.0 5800.0 t -331.240448
5800.0 5815.0 ssil -199.749771
5815.0 5830.0 ssil -219.851776 GELE
5830.0 5965.0 x -1773.466797
5965.0 6105.0 e -1561.749878
6105.0 6135.0 l -424.832184
6135.0 6230.0 @ -1014.395996
6230.0 6245.0 ssil -250.625793
6245.0 6260.0 ssil -247.904022 LAKEN
6260.0 6330.0 l -861.944153
6330.0 6630.0 a -3409.543213
6630.0 6705.0 k -1032.366577
6705.0 6720.0 @ -177.397736
6720.0 6875.0 n -1787.431763
6875.0 7615.0 ssil -8412.226562
.
