#!MLF!#
"/net/aistaff/aki/_same-utterance/wav/01/Groningen_and_Drenthe/8674-1457952440-1627065.rec"
0.0 520.0 ssil -4413.013672 DE
520.0 535.0 d -206.154846
535.0 645.0 ssil -1411.450073
645.0 760.0 ssil -1650.390991 SPREI
760.0 890.0 s -1673.712524
890.0 915.0 p -369.031128
915.0 995.0 r -1149.505005
995.0 1105.0 ei -1330.756104
1105.0 1120.0 ssil -237.503754
1120.0 1135.0 ssil -238.438461 DIE
1135.0 1150.0 d -225.398148
1150.0 1200.0 i -603.402649
1200.0 1215.0 ssil -225.261658
1215.0 1230.0 ssil -220.619995 JIJ
1230.0 1300.0 j -931.968384
1300.0 1375.0 ei -965.681946
1375.0 1405.0 ssil -392.785706
1405.0 1435.0 ssil -408.591736 BRACHT
1435.0 1455.0 b -295.764862
1455.0 1495.0 r -599.113220
1495.0 1690.0 ac -2526.038330
1690.0 1780.0 x -1182.073120
1780.0 1935.0 t -2124.401367
1935.0 2010.0 ssil -851.681335
2010.0 2045.0 ssil -438.455475 HEEFT
2045.0 2070.0 h -345.043518
2070.0 2175.0 e -1291.446167
2175.0 2190.0 f -232.912048
2190.0 2205.0 ssil -215.764633
2205.0 2220.0 ssil -226.620575 SUZAN
2220.0 2275.0 z -733.879700
2275.0 2315.0 y -561.190857
2315.0 2430.0 s -1513.133057
2430.0 2500.0 ac -898.437744
2500.0 2515.0 n -231.869400
2515.0 2530.0 ssil -213.753235
2530.0 2545.0 ssil -209.484299 ALTIJD
2545.0 2655.0 ac -1555.613525
2655.0 2685.0 l -425.959320
2685.0 2700.0 t -241.375687
2700.0 2715.0 ei -248.831604
2715.0 2765.0 t -719.568787
2765.0 2800.0 ssil -539.462830
2800.0 2840.0 ssil -665.351807 AL
2840.0 2910.0 ac -931.630798
2910.0 2960.0 l -634.684998
2960.0 2975.0 ssil -233.543716
2975.0 2990.0 ssil -211.401978 GEWILD
2990.0 3045.0 gc -727.598816
3045.0 3070.0 @ -311.710449
3070.0 3135.0 w -745.144104
3135.0 3240.0 ic -1323.256226
3240.0 3335.0 l -1129.729492
3335.0 3500.0 t -2318.041504
3500.0 3580.0 ssil -1085.677612
3580.0 3645.0 ssil -991.517273 OMDAT
3645.0 3685.0 oc -558.989380
3685.0 3765.0 m -960.507019
3765.0 3785.0 d -277.586060
3785.0 3840.0 ac -724.225830
3840.0 3855.0 t -233.023483
3855.0 3870.0 ssil -230.846634
3870.0 3885.0 ssil -237.737259 DIE
3885.0 3900.0 d -222.330826
3900.0 3935.0 i -464.293976
3935.0 3950.0 ssil -197.968658
3950.0 3965.0 ssil -208.231155 ZO
3965.0 4040.0 z -932.371582
4040.0 4110.0 o -854.760559
4110.0 4130.0 ssil -255.294464
4130.0 4150.0 ssil -249.885071 LEUK
4150.0 4175.0 l -350.200928
4175.0 4300.0 eu -1574.167847
4300.0 4320.0 k -313.408875
4320.0 4335.0 ssil -214.936783
4335.0 4350.0 ssil -201.322510 STAAT
4350.0 4370.0 s -245.390625
4370.0 4405.0 t -486.468811
4405.0 4490.0 a -958.054199
4490.0 4505.0 t -219.047867
4505.0 4530.0 ssil -313.919556
4530.0 4560.0 ssil -407.649963 BIJ
4560.0 4590.0 b -432.960510
4590.0 4730.0 ei -1503.481201
4730.0 4745.0 ssil -204.237167
4745.0 4760.0 ssil -218.669708 HET
4760.0 4775.0 h -213.207458
4775.0 4790.0 ec -223.847656
4790.0 4835.0 t -656.924805
4835.0 4850.0 ssil -218.170547
4850.0 4870.0 ssil -292.279602 GELE
4870.0 4910.0 x -554.746582
4910.0 4980.0 e -772.535767
4980.0 5020.0 l -525.810120
5020.0 5070.0 @ -542.561523
5070.0 5085.0 ssil -184.921814
5085.0 5100.0 ssil -184.146622 LAKEN
5100.0 5155.0 l -674.356445
5155.0 5310.0 a -1623.209961
5310.0 5390.0 k -1121.973267
5390.0 5435.0 @ -548.662659
5435.0 5515.0 n -965.756348
5515.0 5850.0 ssil -4208.870605
.
