#!MLF!#
"/net/aistaff/aki/_same-utterance/wav/01/Groningen_and_Drenthe/8763-1457981483-1631842.rec"
0.0 15.0 ssil -153.629700 DE
15.0 30.0 d -182.271835
30.0 310.0 @ -2518.480713
310.0 325.0 ssil -227.281387
325.0 340.0 ssil -255.027267 SPREI
340.0 510.0 s -2300.259766
510.0 540.0 p -422.754639
540.0 580.0 r -552.680359
580.0 760.0 ei -2218.062500
760.0 775.0 ssil -229.707764
775.0 790.0 ssil -229.075699 DIE
790.0 805.0 d -234.185028
805.0 905.0 i -1163.726440
905.0 920.0 ssil -216.148026
920.0 935.0 ssil -217.956131 JIJ
935.0 960.0 j -290.879089
960.0 1060.0 ei -1144.409790
1060.0 1090.0 ssil -361.622803
1090.0 1105.0 ssil -199.717865 BRACHT
1105.0 1135.0 b -417.058716
1135.0 1310.0 r -2300.350098
1310.0 1335.0 ac -364.926270
1335.0 1465.0 x -1622.778564
1465.0 1555.0 ssil -1096.695679
1555.0 1660.0 ssil -1309.445312 HEEFT
1660.0 1700.0 h -540.660828
1700.0 1805.0 e -1185.948120
1805.0 1820.0 f -218.921616
1820.0 1860.0 ssil -554.638245
1860.0 1880.0 ssil -273.009491 SUZAN
1880.0 1995.0 z -1532.627686
1995.0 2050.0 @ -687.928406
2050.0 2185.0 s -1940.510498
2185.0 2335.0 ac -1982.876221
2335.0 2385.0 n -695.316223
2385.0 2410.0 ssil -334.863983
2410.0 2460.0 ssil -718.619141 ALTIJD
2460.0 2570.0 ac -1568.049561
2570.0 2645.0 l -1034.907104
2645.0 2690.0 t -660.575012
2690.0 2720.0 ei -418.463684
2720.0 2755.0 t -597.193970
2755.0 2780.0 ssil -330.290009
2780.0 2815.0 ssil -508.800964 AL
2815.0 2895.0 ac -1032.510010
2895.0 2925.0 l -409.426147
2925.0 2940.0 ssil -203.538757
2940.0 2960.0 ssil -266.843933 GEWILD
2960.0 3015.0 gc -723.667664
3015.0 3080.0 @ -822.599060
3080.0 3115.0 w -432.326355
3115.0 3225.0 ic -1189.152954
3225.0 3325.0 l -1158.653931
3325.0 3450.0 t -1708.581421
3450.0 3580.0 ssil -1615.646851
3580.0 4105.0 ssil -6044.635254 OMDAT
4105.0 4215.0 m -1340.329468
4215.0 4290.0 d -1095.479248
4290.0 4355.0 ac -827.588745
4355.0 4380.0 t -437.325592
4380.0 4400.0 ssil -278.247711
4400.0 4440.0 ssil -672.615173 DIE
4440.0 4470.0 d -425.129242
4470.0 4580.0 i -1399.974854
4580.0 4595.0 ssil -231.930130
4595.0 4610.0 ssil -209.937576 ZO
4610.0 4700.0 z -1210.908081
4700.0 4775.0 o -823.241577
4775.0 4790.0 ssil -203.144348
4790.0 4805.0 ssil -199.136490 LEUK
4805.0 4840.0 l -408.492950
4840.0 5045.0 eu -2593.674561
5045.0 5060.0 k -238.967575
5060.0 5080.0 ssil -287.612640
5080.0 5095.0 ssil -208.021027 STAAT
5095.0 5175.0 s -1044.413696
5175.0 5275.0 t -1395.575317
5275.0 5560.0 a -3373.718994
5560.0 5620.0 t -806.916138
5620.0 5680.0 ssil -774.039246
5680.0 5750.0 ssil -831.369202 BIJ
5750.0 5775.0 b -402.722656
5775.0 5895.0 ei -1199.134521
5895.0 5910.0 ssil -214.396790
5910.0 5925.0 ssil -211.814636 HET
5925.0 5940.0 h -248.159805
5940.0 5955.0 ec -287.646057
5955.0 5975.0 t -281.785339
5975.0 6005.0 ssil -438.780396
6005.0 6025.0 ssil -262.603912 GELE
6025.0 6085.0 x -811.324036
6085.0 6205.0 e -1317.070068
6205.0 6220.0 l -193.735779
6220.0 6325.0 @ -1164.103882
6325.0 6340.0 ssil -188.429382
6340.0 6355.0 ssil -193.339935 LAKEN
6355.0 6395.0 l -475.998322
6395.0 6650.0 a -2828.846680
6650.0 6685.0 k -535.209412
6685.0 6725.0 @ -522.044373
6725.0 6915.0 n -2406.187012
6915.0 7290.0 ssil -4551.922852
.
