#!MLF!#
"/net/aistaff/aki/_same-utterance/wav/01/Groningen_and_Drenthe/9396-1462889633-1804983.rec"
0.0 105.0 ssil -1071.546143 DE
105.0 125.0 d -300.890442
125.0 645.0 ssil -5775.442383
645.0 740.0 ssil -1287.671753 SPREI
740.0 890.0 s -1889.490601
890.0 985.0 p -1177.972778
985.0 1050.0 r -875.769531
1050.0 1315.0 ei -2982.422852
1315.0 1330.0 ssil -182.692032
1330.0 1345.0 ssil -182.112167 DIE
1345.0 1410.0 d -828.172668
1410.0 1500.0 i -974.324707
1500.0 1515.0 ssil -179.589218
1515.0 1530.0 ssil -196.401962 JIJ
1530.0 1610.0 j -871.929993
1610.0 1785.0 ei -1837.504761
1785.0 1800.0 ssil -182.001724
1800.0 1815.0 ssil -184.173828 BRACHT
1815.0 1855.0 b -562.679993
1855.0 1910.0 r -782.618835
1910.0 2065.0 ac -1905.842529
2065.0 2205.0 x -1808.595215
2205.0 2275.0 ssil -931.651245
2275.0 2305.0 ssil -375.397675 HEEFT
2305.0 2330.0 h -302.811737
2330.0 2460.0 e -1325.413208
2460.0 2505.0 f -613.417114
2505.0 2530.0 ssil -339.807190
2530.0 2570.0 ssil -591.825073 SUZAN
2570.0 2650.0 s -1063.577148
2650.0 2795.0 y -1828.570068
2795.0 2810.0 s -248.083344
2810.0 2915.0 ac -1289.274170
2915.0 2985.0 n -938.325745
2985.0 3020.0 ssil -500.052277
3020.0 3065.0 ssil -672.184509 ALTIJD
3065.0 3245.0 ac -2319.285645
3245.0 3270.0 l -357.343292
3270.0 3315.0 t -636.846191
3315.0 3420.0 ei -1208.939453
3420.0 3465.0 t -651.232239
3465.0 3480.0 ssil -242.655930
3480.0 3495.0 ssil -218.260452 AL
3495.0 3615.0 ac -1264.304932
3615.0 3635.0 l -275.017334
3635.0 3650.0 ssil -244.315506
3650.0 3665.0 ssil -219.377426 GEWILD
3665.0 3755.0 x -1146.443970
3755.0 3825.0 @ -882.396606
3825.0 3860.0 w -428.703827
3860.0 4005.0 ic -1456.591553
4005.0 4130.0 l -1617.090088
4130.0 4300.0 t -2206.276123
4300.0 4330.0 ssil -391.211914
4330.0 4640.0 ssil -3605.153076 OMDAT
4640.0 4705.0 oc -728.339905
4705.0 4775.0 m -801.953308
4775.0 4835.0 d -838.999634
4835.0 4910.0 ac -869.295044
4910.0 4930.0 t -271.334351
4930.0 4985.0 ssil -793.635620
4985.0 5000.0 ssil -245.726181 DIE
5000.0 5015.0 d -243.357788
5015.0 5065.0 i -581.041626
5065.0 5080.0 ssil -213.022766
5080.0 5095.0 ssil -205.341522 ZO
5095.0 5195.0 z -1315.469849
5195.0 5255.0 o -653.743530
5255.0 5270.0 ssil -214.215897
5270.0 5285.0 ssil -183.868835 LEUK
5285.0 5350.0 l -762.831177
5350.0 5515.0 eu -1941.191650
5515.0 5550.0 k -485.077026
5550.0 5565.0 ssil -204.268051
5565.0 5580.0 ssil -200.360992 STAAT
5580.0 5635.0 s -757.759094
5635.0 5685.0 t -704.639099
5685.0 5875.0 a -1998.234985
5875.0 5920.0 t -661.477173
5920.0 5935.0 ssil -207.274139
5935.0 5965.0 ssil -364.795471 BIJ
5965.0 5995.0 b -450.094421
5995.0 6060.0 ei -713.289124
6060.0 6075.0 ssil -189.020004
6075.0 6090.0 ssil -179.521622 HET
6090.0 6120.0 h -325.744476
6120.0 6165.0 ec -596.561951
6165.0 6215.0 t -673.997803
6215.0 6230.0 ssil -232.621307
6230.0 6245.0 ssil -200.879074 GELE
6245.0 6330.0 x -1105.416992
6330.0 6595.0 e -3101.766846
6595.0 6645.0 l -620.543274
6645.0 6660.0 @ -193.542633
6660.0 6675.0 ssil -193.408951
6675.0 6690.0 ssil -183.252914 LAKEN
6690.0 6800.0 l -1240.354858
6800.0 6980.0 a -1951.264160
6980.0 7095.0 k -1479.314819
7095.0 7170.0 @ -908.482666
7170.0 7265.0 n -1009.137756
7265.0 8265.0 ssil -11545.535156
.
