#!MLF!#
"/net/aistaff/aki/_same-utterance/wav/01/Groningen_and_Drenthe/9571-1463949148-1831570.rec"
0.0 260.0 ssil -2013.821167 DE
260.0 275.0 d -186.354507
275.0 290.0 ssil -133.186493
290.0 305.0 ssil -174.059296 SPREI
305.0 345.0 s -591.745850
345.0 360.0 p -225.197693
360.0 375.0 r -228.877640
375.0 530.0 ei -1799.691040
530.0 545.0 ssil -222.479691
545.0 560.0 ssil -232.248825 DIE
560.0 575.0 d -240.817993
575.0 645.0 i -799.178650
645.0 660.0 ssil -217.920578
660.0 675.0 ssil -211.856491 JIJ
675.0 710.0 j -376.314026
710.0 755.0 ei -584.234985
755.0 775.0 ssil -257.488281
775.0 790.0 ssil -189.021301 BRACHT
790.0 825.0 b -445.384766
825.0 880.0 r -663.192871
880.0 1000.0 ac -1475.002319
1000.0 1015.0 x -224.483932
1015.0 1060.0 ssil -642.267395
1060.0 1145.0 ssil -1155.193115 HEEFT
1145.0 1195.0 h -627.937500
1195.0 1265.0 e -847.522644
1265.0 1285.0 f -258.883759
1285.0 1300.0 ssil -181.066742
1300.0 1315.0 ssil -184.501923 SUZAN
1315.0 1340.0 z -339.760803
1340.0 1405.0 y -778.753967
1405.0 1480.0 s -1016.947144
1480.0 1540.0 ac -655.467407
1540.0 1555.0 n -175.681747
1555.0 1570.0 ssil -188.762299
1570.0 1585.0 ssil -203.585068 ALTIJD
1585.0 1750.0 ac -1971.012695
1750.0 1820.0 l -850.531799
1820.0 1860.0 t -537.406982
1860.0 1900.0 ei -473.335938
1900.0 1915.0 t -221.247604
1915.0 1930.0 ssil -204.979507
1930.0 1945.0 ssil -200.942535 AL
1945.0 2025.0 ac -892.133850
2025.0 2040.0 l -211.272018
2040.0 2070.0 ssil -375.502411
2070.0 2095.0 ssil -296.538849 GEWILD
2095.0 2145.0 gc -647.203430
2145.0 2180.0 @ -435.719330
2180.0 2270.0 w -961.675781
2270.0 2310.0 ic -411.981995
2310.0 2435.0 l -1300.400757
2435.0 2855.0 ssil -5129.907715
2855.0 2910.0 ssil -702.037720 OMDAT
2910.0 2985.0 m -930.665894
2985.0 3000.0 d -189.737274
3000.0 3015.0 ac -171.117844
3015.0 3030.0 t -218.541901
3030.0 3045.0 ssil -193.302322
3045.0 3060.0 ssil -192.006439 DIE
3060.0 3135.0 d -907.590088
3135.0 3205.0 i -815.208557
3205.0 3220.0 ssil -195.377609
3220.0 3235.0 ssil -208.427246 ZO
3235.0 3310.0 z -943.629028
3310.0 3325.0 o -199.986649
3325.0 3340.0 ssil -196.373932
3340.0 3355.0 ssil -192.727737 LEUK
3355.0 3415.0 l -683.263855
3415.0 3565.0 eu -1579.541870
3565.0 3580.0 k -223.310822
3580.0 3605.0 ssil -340.392487
3605.0 3620.0 ssil -205.163513 STAAT
3620.0 3670.0 s -696.725159
3670.0 3710.0 t -545.285583
3710.0 3880.0 a -1581.906006
3880.0 3895.0 t -210.173706
3895.0 3920.0 ssil -291.491150
3920.0 3950.0 ssil -357.110016 BIJ
3950.0 3980.0 b -402.527893
3980.0 4080.0 ei -940.114197
4080.0 4095.0 ssil -190.384781
4095.0 4110.0 ssil -195.116943 HET
4110.0 4125.0 h -206.488007
4125.0 4140.0 ec -197.911026
4140.0 4155.0 t -192.581924
4155.0 4190.0 ssil -398.389740
4190.0 4205.0 ssil -163.762161 GELE
4205.0 4250.0 gc -589.284729
4250.0 4365.0 e -1284.899048
4365.0 4380.0 l -187.299744
4380.0 4405.0 @ -268.537231
4405.0 4420.0 ssil -188.172180
4420.0 4435.0 ssil -199.795700 LAKEN
4435.0 4540.0 l -1149.945679
4540.0 4755.0 a -2377.686768
4755.0 4810.0 k -708.834595
4810.0 4855.0 @ -553.684937
4855.0 4975.0 n -1346.951538
4975.0 5085.0 ssil -1267.522217
.
