#!MLF!#
"/net/aistaff/aki/_same-utterance/wav/01/Groningen_and_Drenthe/9623-1463763294-1834049.rec"
0.0 95.0 ssil -840.211426 DE
95.0 120.0 d -353.709320
120.0 180.0 ssil -860.297363
180.0 600.0 ssil -5525.872070 SPREI
600.0 690.0 s -1314.988037
690.0 780.0 p -1186.577637
780.0 835.0 r -852.181152
835.0 1005.0 ei -2100.503174
1005.0 1025.0 ssil -295.842163
1025.0 1040.0 ssil -240.408539 DIE
1040.0 1055.0 d -239.445602
1055.0 1140.0 i -944.793884
1140.0 1155.0 ssil -215.757294
1155.0 1170.0 ssil -207.439087 JIJ
1170.0 1205.0 j -389.107605
1205.0 1330.0 ei -1523.446655
1330.0 1345.0 ssil -201.150970
1345.0 1360.0 ssil -227.497238 BRACHT
1360.0 1385.0 b -401.724823
1385.0 1425.0 r -589.196289
1425.0 1580.0 ac -1928.640869
1580.0 1675.0 x -1347.376831
1675.0 1700.0 ssil -358.959290
1700.0 1730.0 ssil -456.419220 HEEFT
1730.0 1745.0 h -225.241486
1745.0 1825.0 e -989.796082
1825.0 1840.0 f -234.920746
1840.0 1855.0 ssil -223.720230
1855.0 1870.0 ssil -222.118652 SUZAN
1870.0 1950.0 z -1049.409424
1950.0 1990.0 y -532.904785
1990.0 2120.0 s -1846.451294
2120.0 2230.0 ac -1438.805664
2230.0 2295.0 n -790.841125
2295.0 2310.0 ssil -235.603790
2310.0 2325.0 ssil -227.832672 ALTIJD
2325.0 2485.0 ac -2010.287354
2485.0 2530.0 l -639.851013
2530.0 2570.0 t -638.470215
2570.0 2640.0 ei -852.475891
2640.0 2655.0 t -240.377808
2655.0 2675.0 ssil -296.809143
2675.0 2690.0 ssil -220.965088 AL
2690.0 2705.0 l -220.781998
2705.0 2725.0 ssil -274.836639
2725.0 2740.0 ssil -202.499100 GEWILD
2740.0 2820.0 gc -1061.916260
2820.0 2840.0 @ -260.781006
2840.0 2920.0 w -894.004272
2920.0 3015.0 ic -954.692627
3015.0 3095.0 l -1060.432251
3095.0 3190.0 t -1354.691284
3190.0 3545.0 ssil -4567.408203
3545.0 3575.0 ssil -417.786438 OMDAT
3575.0 3615.0 oc -546.106445
3615.0 3705.0 m -1189.086792
3705.0 3725.0 d -325.955902
3725.0 3795.0 ac -880.149719
3795.0 3810.0 t -240.720154
3810.0 3830.0 ssil -272.948425
3830.0 3850.0 ssil -265.818024 DIE
3850.0 3870.0 d -292.641907
3870.0 3930.0 i -811.522400
3930.0 3945.0 ssil -231.975372
3945.0 3960.0 ssil -220.167908 ZO
3960.0 4030.0 z -969.361816
4030.0 4085.0 o -665.742432
4085.0 4100.0 ssil -215.889145
4100.0 4115.0 ssil -208.355255 LEUK
4115.0 4190.0 l -921.259338
4190.0 4315.0 eu -1345.585693
4315.0 4330.0 k -232.153488
4330.0 4345.0 ssil -224.949890
4345.0 4360.0 ssil -219.992264 STAAT
4360.0 4435.0 s -974.719910
4435.0 4480.0 t -641.541687
4480.0 4585.0 a -1260.160278
4585.0 4600.0 t -240.276077
4600.0 4615.0 ssil -215.224930
4615.0 4630.0 ssil -233.847839 BIJ
4630.0 4655.0 b -350.851776
4655.0 4775.0 ei -1030.727051
4775.0 4790.0 ssil -187.348282
4790.0 4805.0 ssil -211.205109 HET
4805.0 4820.0 h -231.037872
4820.0 4835.0 ec -247.115051
4835.0 4860.0 t -346.881348
4860.0 4875.0 ssil -217.352676
4875.0 4890.0 ssil -258.087860 GELE
4890.0 4970.0 x -1196.318359
4970.0 5060.0 e -1028.334106
5060.0 5120.0 l -869.929688
5120.0 5135.0 @ -175.274063
5135.0 5150.0 ssil -209.121796
5150.0 5165.0 ssil -209.745590 LAKEN
5165.0 5250.0 l -930.561035
5250.0 5515.0 a -2995.489258
5515.0 5570.0 k -802.027832
5570.0 5615.0 @ -584.726685
5615.0 5795.0 n -2039.045410
5795.0 5990.0 ssil -2638.103027
.
