#!MLF!#
"/net/aistaff/aki/_same-utterance/wav/01/Groningen_and_Drenthe/9789-1464934225-2213362.rec"
0.0 100.0 ssil -1035.259888 DE
100.0 130.0 d -431.295929
130.0 385.0 ssil -3434.533691
385.0 735.0 ssil -4719.964844 SPREI
735.0 865.0 z -1849.275269
865.0 895.0 p -496.423737
895.0 910.0 r -231.361755
910.0 1090.0 ei -2471.772949
1090.0 1105.0 ssil -203.217377
1105.0 1120.0 ssil -219.843689 DIE
1120.0 1135.0 d -225.360870
1135.0 1195.0 i -769.799133
1195.0 1210.0 ssil -210.128235
1210.0 1225.0 ssil -234.402313 JIJ
1225.0 1270.0 j -580.153992
1270.0 1370.0 ei -1242.176270
1370.0 1385.0 ssil -238.854080
1385.0 1400.0 ssil -243.452881 BRACHT
1400.0 1415.0 b -226.073639
1415.0 1480.0 r -882.691467
1480.0 1605.0 ac -1574.909790
1605.0 1755.0 x -1822.385498
1755.0 1835.0 t -1116.816040
1835.0 1850.0 ssil -206.602478
1850.0 1865.0 ssil -212.400162 HEEFT
1865.0 1890.0 h -344.244507
1890.0 1960.0 e -1015.736450
1960.0 1975.0 f -224.956192
1975.0 1990.0 ssil -212.335587
1990.0 2005.0 ssil -204.260361 SUZAN
2005.0 2070.0 s -954.530762
2070.0 2140.0 y -889.632751
2140.0 2200.0 s -904.541931
2200.0 2280.0 ac -1093.169067
2280.0 2295.0 n -222.845215
2295.0 2310.0 ssil -206.647217
2310.0 2325.0 ssil -214.150330 ALTIJD
2325.0 2475.0 ac -1831.824097
2475.0 2525.0 l -820.589355
2525.0 2565.0 t -615.624268
2565.0 2585.0 ei -287.304291
2585.0 2600.0 t -222.658112
2600.0 2645.0 ssil -733.830383
2645.0 2660.0 ssil -232.100143 AL
2660.0 2765.0 ac -1326.930054
2765.0 2790.0 l -352.653259
2790.0 2805.0 ssil -233.163162
2805.0 2820.0 ssil -231.770432 GEWILD
2820.0 2895.0 gc -1036.302856
2895.0 2915.0 @ -277.300323
2915.0 2990.0 w -911.839722
2990.0 3065.0 ic -965.804871
3065.0 3280.0 l -2607.772461
3280.0 3425.0 t -2022.234863
3425.0 3460.0 ssil -471.445160
3460.0 3475.0 ssil -205.936600 OMDAT
3475.0 3525.0 oc -710.393250
3525.0 3555.0 m -416.604645
3555.0 3605.0 d -832.924988
3605.0 3670.0 ac -878.867981
3670.0 3685.0 t -233.496613
3685.0 3700.0 ssil -229.308502
3700.0 3715.0 ssil -245.361160 DIE
3715.0 3740.0 d -426.050476
3740.0 3765.0 i -325.406799
3765.0 3780.0 ssil -226.985825
3780.0 3795.0 ssil -254.166824 ZO
3795.0 3870.0 z -1144.930420
3870.0 3925.0 o -738.205750
3925.0 3940.0 ssil -199.457352
3940.0 3965.0 ssil -305.359314 LEUK
3965.0 4005.0 l -592.629272
4005.0 4115.0 eu -1352.746948
4115.0 4130.0 k -222.487823
4130.0 4145.0 ssil -206.824341
4145.0 4160.0 ssil -206.953659 STAAT
4160.0 4215.0 s -746.445618
4215.0 4255.0 t -612.365295
4255.0 4415.0 a -2147.172852
4415.0 4430.0 t -231.780548
4430.0 4450.0 ssil -263.169983
4450.0 4465.0 ssil -206.599533 BIJ
4465.0 4500.0 b -487.285431
4500.0 4645.0 ei -1650.840088
4645.0 4660.0 ssil -230.282745
4660.0 4675.0 ssil -221.525314 HET
4675.0 4690.0 h -223.035690
4690.0 4705.0 ec -222.830444
4705.0 4720.0 t -211.902344
4720.0 4735.0 ssil -185.277191
4735.0 4750.0 ssil -199.626282 GELE
4750.0 4800.0 gc -686.773865
4800.0 4885.0 ic -1149.417847
4885.0 4920.0 l -513.969055
4920.0 4935.0 @ -230.207443
4935.0 4950.0 ssil -237.169098
4950.0 4965.0 ssil -232.284698 LAKEN
4965.0 5060.0 l -1220.834839
5060.0 5335.0 a -3468.479248
5335.0 5355.0 k -279.609528
5355.0 5395.0 @ -508.644501
5395.0 5715.0 n -3736.365723
5715.0 6085.0 ssil -4510.694336
.
