#!MLF!#
"/net/aistaff/aki/_same-utterance/wav/01/Groningen_and_Drenthe/9822-1464254306-1957038.rec"
0.0 325.0 ssil -3009.989990 DE
325.0 340.0 d -205.735840
340.0 450.0 ssil -1325.711060
450.0 880.0 ssil -5285.359863 SPREI
880.0 1050.0 z -2195.083496
1050.0 1070.0 p -284.046387
1070.0 1110.0 r -554.138916
1110.0 1310.0 ei -2471.547852
1310.0 1325.0 ssil -210.301178
1325.0 1340.0 ssil -204.360947 DIE
1340.0 1355.0 d -220.149231
1355.0 1430.0 i -785.594482
1430.0 1445.0 ssil -222.619324
1445.0 1460.0 ssil -221.992661 JIJ
1460.0 1515.0 j -614.246094
1515.0 1615.0 ei -1152.615967
1615.0 1635.0 ssil -237.159454
1635.0 1650.0 ssil -200.162033 BRACHT
1650.0 1685.0 b -508.984894
1685.0 1740.0 r -767.932861
1740.0 1870.0 ac -1486.982666
1870.0 1975.0 x -1476.089111
1975.0 2015.0 t -525.851379
2015.0 2030.0 ssil -195.883575
2030.0 2055.0 ssil -329.003387 HEEFT
2055.0 2095.0 h -478.913208
2095.0 2180.0 e -1011.964233
2180.0 2195.0 f -210.766479
2195.0 2210.0 ssil -201.277756
2210.0 2225.0 ssil -210.130814 SUZAN
2225.0 2305.0 s -988.332825
2305.0 2370.0 y -786.863220
2370.0 2500.0 s -1708.374146
2500.0 2600.0 ac -1047.755005
2600.0 2675.0 n -1017.028809
2675.0 2735.0 ssil -836.763306
2735.0 2755.0 ssil -334.934235 ALTIJD
2755.0 2860.0 ac -1310.549316
2860.0 2965.0 l -1394.831909
2965.0 3015.0 t -711.326233
3015.0 3065.0 ei -603.134888
3065.0 3080.0 t -250.358673
3080.0 3095.0 ssil -238.471100
3095.0 3110.0 ssil -228.718796 AL
3110.0 3235.0 ac -1382.104126
3235.0 3250.0 l -234.647034
3250.0 3265.0 ssil -224.568253
3265.0 3280.0 ssil -223.225815 GEWILD
3280.0 3360.0 gc -1082.141602
3360.0 3405.0 @ -583.797546
3405.0 3460.0 w -656.010986
3460.0 3565.0 ic -1148.739746
3565.0 3665.0 l -1215.780640
3665.0 3740.0 t -977.796814
3740.0 3755.0 ssil -186.658859
3755.0 4160.0 ssil -4863.369629 OMDAT
4160.0 4210.0 oc -667.976013
4210.0 4265.0 m -655.123840
4265.0 4300.0 d -489.142395
4300.0 4350.0 ac -562.121460
4350.0 4365.0 t -213.743942
4365.0 4380.0 ssil -212.569672
4380.0 4410.0 ssil -432.765747 DIE
4410.0 4435.0 d -371.548340
4435.0 4540.0 i -1252.703125
4540.0 4560.0 ssil -296.224640
4560.0 4580.0 ssil -286.191162 ZO
4580.0 4665.0 z -1054.142700
4665.0 4805.0 o -1566.000732
4805.0 4820.0 ssil -229.345596
4820.0 4835.0 ssil -215.295197 LEUK
4835.0 4890.0 l -791.521790
4890.0 5015.0 eu -1573.731323
5015.0 5035.0 k -311.384888
5035.0 5050.0 ssil -239.535126
5050.0 5065.0 ssil -225.479004 STAAT
5065.0 5130.0 s -799.028259
5130.0 5185.0 t -756.012390
5185.0 5375.0 a -2211.448486
5375.0 5400.0 t -400.301819
5400.0 5450.0 ssil -678.278748
5450.0 5475.0 ssil -370.089722 BIJ
5475.0 5500.0 b -368.360565
5500.0 5645.0 ei -1485.907593
5645.0 5695.0 ssil -739.883057
5695.0 5720.0 ssil -349.656281 HET
5720.0 5735.0 h -225.213699
5735.0 5750.0 ec -231.146667
5750.0 5765.0 t -214.003952
5765.0 5780.0 ssil -214.375031
5780.0 5795.0 ssil -187.237000 GELE
5795.0 5825.0 x -390.232727
5825.0 5975.0 e -1645.533325
5975.0 6020.0 l -642.240173
6020.0 6075.0 @ -643.260376
6075.0 6090.0 ssil -210.795670
6090.0 6105.0 ssil -206.586182 LAKEN
6105.0 6165.0 l -812.337402
6165.0 6400.0 a -2611.807373
6400.0 6460.0 k -833.279297
6460.0 6520.0 @ -652.961365
6520.0 6605.0 n -1152.508423
6605.0 7175.0 ssil -6492.714844
.
