#!MLF!#
"/net/aistaff/aki/_same-utterance/wav/06/Groningen_and_Drenthe/10185-1464085489-1854854.rec"
0.0 920.0 ssil -10851.833984 NA
920.0 970.0 n -714.287598
970.0 1095.0 a -1463.864868
1095.0 1110.0 ssil -211.888779
1110.0 1125.0 ssil -232.056854 ZIJN
1125.0 1205.0 z -1060.658569
1205.0 1275.0 ei -851.204529
1275.0 1290.0 n -190.176376
1290.0 1305.0 ssil -197.164719
1305.0 1320.0 ssil -201.967957 REIS
1320.0 1400.0 r -980.158142
1400.0 1615.0 ei -2224.995605
1615.0 1835.0 s -2697.354248
1835.0 1885.0 ssil -576.838440
1885.0 2105.0 ssil -2569.407227 MAAKT
2105.0 2150.0 m -623.233643
2150.0 2285.0 a -1711.461304
2285.0 2305.0 k -319.075470
2305.0 2350.0 ssil -698.891357
2350.0 2380.0 ssil -485.164215 HIJ
2380.0 2420.0 h -457.533722
2420.0 2600.0 ei -1618.891602
2600.0 2615.0 ssil -226.701294
2615.0 2630.0 ssil -204.719543 EEN
2630.0 2680.0 n -632.100403
2680.0 2695.0 ssil -196.994614
2695.0 2715.0 ssil -256.690338 KAART
2715.0 2765.0 k -773.871277
2765.0 2960.0 a -2240.870117
2960.0 2990.0 r -417.241089
2990.0 3015.0 t -376.279205
3015.0 3035.0 ssil -289.157745
3035.0 3055.0 ssil -258.781372 VAN
3055.0 3190.0 f -1733.017700
3190.0 3235.0 ac -700.138733
3235.0 3265.0 n -346.036041
3265.0 3280.0 ssil -190.387924
3280.0 3295.0 ssil -227.508896 DE
3295.0 3310.0 d -238.729065
3310.0 3325.0 ssil -227.836243
3325.0 3340.0 ssil -223.805817 ONVERHARDE
3340.0 3490.0 oc -1851.982300
3490.0 3505.0 n -256.040771
3505.0 3605.0 f -1289.240479
3605.0 3620.0 ec -232.290833
3620.0 3635.0 r -204.126205
3635.0 3650.0 h -200.865341
3650.0 3665.0 ac -192.893204
3665.0 3780.0 r -1503.593018
3780.0 3815.0 d -539.753601
3815.0 3895.0 @ -889.752136
3895.0 3910.0 ssil -184.897964
3910.0 3925.0 ssil -188.944870 WEGEN
3925.0 3950.0 w -289.495422
3950.0 4145.0 e -1947.084473
4145.0 4240.0 gc -1368.064819
4240.0 4415.0 @ -2198.829346
4415.0 4465.0 ssil -629.674133
4465.0 4920.0 ssil -5337.968262 EN
4920.0 5005.0 ec -900.033752
5005.0 5020.0 n -206.647949
5020.0 5035.0 ssil -195.509232
5035.0 5050.0 ssil -201.651001 DIE
5050.0 5090.0 d -591.213928
5090.0 5145.0 i -619.475342
5145.0 5160.0 ssil -218.337372
5160.0 5175.0 ssil -226.044067 ZET
5175.0 5260.0 z -1092.396973
5260.0 5350.0 ec -935.512695
5350.0 5385.0 t -562.293274
5385.0 5400.0 ssil -219.101532
5400.0 5420.0 ssil -283.661987 HIJ
5420.0 5445.0 h -297.160492
5445.0 5525.0 ei -916.635315
5525.0 5540.0 ssil -209.202148
5540.0 5555.0 ssil -203.776291 DIRECT
5555.0 5605.0 d -755.119080
5605.0 5620.0 ac -276.900116
5620.0 5675.0 j -596.313782
5675.0 5740.0 r -909.888855
5740.0 5835.0 ec -1165.822510
5835.0 5900.0 k -957.143494
5900.0 6000.0 t -1512.825073
6000.0 6020.0 ssil -300.102417
6020.0 6105.0 ssil -967.986145 OP
6105.0 6170.0 oc -884.759827
6170.0 6190.0 p -273.016815
6190.0 6210.0 ssil -254.746155
6210.0 6245.0 ssil -513.492554 EEN
6245.0 6275.0 @ -431.868744
6275.0 6335.0 n -650.228027
6335.0 6350.0 ssil -207.986786
6350.0 6365.0 ssil -237.371094 DVD
6365.0 6390.0 d -346.232605
6390.0 6520.0 e -1332.006714
6520.0 6595.0 f -984.261353
6595.0 6615.0 e -279.254120
6615.0 6690.0 d -950.584290
6690.0 6940.0 e -2678.421631
6940.0 7800.0 ssil -9859.518555
.
