#!MLF!#
"/net/aistaff/aki/_same-utterance/wav/06/Groningen_and_Drenthe/13411-1464763920-2174929.rec"
0.0 535.0 ssil -6571.791992 NA
535.0 580.0 n -695.592346
580.0 700.0 a -1413.755127
700.0 715.0 ssil -207.838837
715.0 730.0 ssil -205.582169 ZIJN
730.0 805.0 z -1018.820862
805.0 850.0 ei -522.893127
850.0 955.0 n -1170.820068
955.0 970.0 ssil -231.429993
970.0 985.0 ssil -209.336868 REIS
985.0 1035.0 r -668.314270
1035.0 1210.0 ei -1871.425171
1210.0 1295.0 s -1048.667603
1295.0 1310.0 ssil -199.435623
1310.0 1365.0 ssil -698.751770 MAAKT
1365.0 1380.0 m -197.276917
1380.0 1515.0 a -1471.002075
1515.0 1530.0 k -218.654617
1530.0 1545.0 ssil -198.188110
1545.0 1600.0 ssil -810.297302 HIJ
1600.0 1630.0 h -347.305542
1630.0 1770.0 ei -1396.535889
1770.0 1785.0 ssil -208.635574
1785.0 1800.0 ssil -197.750259 EEN
1800.0 1875.0 n -866.063416
1875.0 1890.0 ssil -188.831192
1890.0 1905.0 ssil -238.161652 KAART
1905.0 1955.0 k -734.925293
1955.0 2080.0 a -1275.943237
2080.0 2115.0 r -453.736847
2115.0 2145.0 t -416.321014
2145.0 2160.0 ssil -192.318619
2160.0 2175.0 ssil -175.703262 VAN
2175.0 2245.0 f -867.402405
2245.0 2270.0 ac -322.293884
2270.0 2330.0 n -661.936584
2330.0 2345.0 ssil -184.506989
2345.0 2360.0 ssil -212.724960 DE
2360.0 2375.0 d -226.838516
2375.0 2390.0 ssil -230.716537
2390.0 2405.0 ssil -216.492981 ONVERHARDE
2405.0 2535.0 oc -1476.690063
2535.0 2585.0 n -684.988220
2585.0 2660.0 f -1021.379211
2660.0 2675.0 ec -213.125656
2675.0 2735.0 r -783.990723
2735.0 2765.0 h -359.149963
2765.0 2820.0 ac -567.160461
2820.0 2890.0 r -904.453247
2890.0 2920.0 d -416.723785
2920.0 2985.0 @ -704.867126
2985.0 3000.0 ssil -154.348724
3000.0 3015.0 ssil -166.846924 WEGEN
3015.0 3030.0 w -166.267532
3030.0 3235.0 e -2173.683838
3235.0 3355.0 gc -1614.844971
3355.0 3395.0 @ -480.908600
3395.0 3475.0 n -981.644531
3475.0 3995.0 ssil -6469.523438
3995.0 4025.0 ssil -349.083313 EN
4025.0 4085.0 n -681.558594
4085.0 4100.0 ssil -206.908676
4100.0 4115.0 ssil -234.848511 DIE
4115.0 4140.0 d -375.734406
4140.0 4285.0 i -1710.390869
4285.0 4305.0 ssil -271.346130
4305.0 4320.0 ssil -215.220352 ZET
4320.0 4370.0 z -611.597290
4370.0 4470.0 ec -1220.428345
4470.0 4490.0 t -291.387970
4490.0 4505.0 ssil -204.248199
4505.0 4520.0 ssil -198.561478 HIJ
4520.0 4540.0 h -220.271729
4540.0 4655.0 ei -1153.177490
4655.0 4670.0 ssil -178.860657
4670.0 4685.0 ssil -206.991074 DIRECT
4685.0 4705.0 d -268.667053
4705.0 4720.0 ac -243.481781
4720.0 4795.0 j -843.196777
4795.0 4860.0 r -921.613892
4860.0 5010.0 @ -1757.221924
5010.0 5025.0 k -237.903961
5025.0 5050.0 ssil -367.313263
5050.0 5095.0 ssil -653.479431 OP
5095.0 5120.0 p -405.544373
5120.0 5135.0 ssil -189.026138
5135.0 5170.0 ssil -515.031189 EEN
5170.0 5235.0 @ -867.509033
5235.0 5265.0 n -369.525269
5265.0 5290.0 ssil -345.918823
5290.0 5305.0 ssil -231.754318 DVD
5305.0 5345.0 d -621.737610
5345.0 5480.0 e -1482.098755
5480.0 5555.0 f -879.771790
5555.0 5570.0 e -267.404297
5570.0 5670.0 d -1464.862183
5670.0 5835.0 e -1999.781738
5835.0 6295.0 ssil -5495.200195
.
