#!MLF!#
"/net/aistaff/aki/_same-utterance/wav/06/Groningen_and_Drenthe/14576-1464469217-2108388.rec"
0.0 485.0 ssil -6259.145508 NA
485.0 515.0 n -476.927673
515.0 655.0 a -1677.999268
655.0 670.0 ssil -226.070190
670.0 685.0 ssil -220.901993 ZIJN
685.0 755.0 z -995.835449
755.0 850.0 ei -1082.162354
850.0 865.0 n -212.654434
865.0 880.0 ssil -206.929794
880.0 895.0 ssil -195.735321 REIS
895.0 915.0 r -275.256927
915.0 1130.0 ei -2544.742676
1130.0 1210.0 s -1080.032593
1210.0 1225.0 ssil -217.266937
1225.0 1240.0 ssil -218.315735 MAAKT
1240.0 1305.0 m -847.958496
1305.0 1395.0 a -987.533813
1395.0 1440.0 k -637.477051
1440.0 1470.0 ssil -437.070099
1470.0 1485.0 ssil -206.892380 HIJ
1485.0 1520.0 h -411.796112
1520.0 1680.0 ei -1620.942261
1680.0 1695.0 ssil -201.960632
1695.0 1725.0 ssil -376.359619 EEN
1725.0 1740.0 @ -222.902466
1740.0 1755.0 ssil -219.339584
1755.0 1770.0 ssil -213.686234 KAART
1770.0 1830.0 k -854.725830
1830.0 1980.0 a -1640.174927
1980.0 2000.0 r -286.076019
2000.0 2055.0 t -804.430237
2055.0 2070.0 ssil -204.863251
2070.0 2090.0 ssil -294.327362 VAN
2090.0 2125.0 f -478.177307
2125.0 2175.0 ac -606.392944
2175.0 2230.0 n -706.066223
2230.0 2245.0 ssil -237.947586
2245.0 2260.0 ssil -240.310364 DE
2260.0 2275.0 d -221.540970
2275.0 2290.0 ssil -206.233948
2290.0 2305.0 ssil -208.989090 ONVERHARDE
2305.0 2450.0 oc -1747.919189
2450.0 2520.0 n -897.683411
2520.0 2600.0 f -1059.485474
2600.0 2615.0 ec -248.980118
2615.0 2630.0 r -212.462021
2630.0 2680.0 h -601.287903
2680.0 2750.0 ac -890.121338
2750.0 2770.0 r -291.499664
2770.0 2815.0 d -645.054565
2815.0 2875.0 @ -680.322083
2875.0 2890.0 ssil -179.994339
2890.0 2905.0 ssil -183.208191 WEGEN
2905.0 2950.0 w -519.056519
2950.0 3190.0 e -2331.588135
3190.0 3260.0 gc -857.035522
3260.0 3325.0 @ -768.975708
3325.0 3365.0 ssil -568.472961
3365.0 3435.0 ssil -1010.943115 EN
3435.0 3505.0 ec -871.617188
3505.0 3570.0 n -673.178772
3570.0 3585.0 ssil -179.444962
3585.0 3600.0 ssil -228.742554 DIE
3600.0 3615.0 d -231.544357
3615.0 3690.0 i -899.290527
3690.0 3705.0 ssil -266.369385
3705.0 3720.0 ssil -230.905380 ZET
3720.0 3765.0 z -608.375793
3765.0 3830.0 ec -745.275208
3830.0 3855.0 t -382.568176
3855.0 3870.0 ssil -233.284592
3870.0 3885.0 ssil -218.067703 HIJ
3885.0 3900.0 h -215.536636
3900.0 4005.0 ei -973.013672
4005.0 4020.0 ssil -228.250473
4020.0 4035.0 ssil -201.005157 DIRECT
4035.0 4060.0 d -359.129333
4060.0 4075.0 ac -265.777191
4075.0 4165.0 j -958.247192
4165.0 4205.0 r -598.059875
4205.0 4330.0 ec -1615.133179
4330.0 4415.0 k -1168.085815
4415.0 4430.0 ssil -227.695557
4430.0 4470.0 ssil -661.761963 OP
4470.0 4535.0 oc -962.253784
4535.0 4550.0 p -218.509979
4550.0 4585.0 ssil -426.215698
4585.0 4610.0 ssil -321.520172 EEN
4610.0 4645.0 @ -494.993805
4645.0 4660.0 ssil -236.487381
4660.0 4675.0 ssil -211.809647 DVD
4675.0 4790.0 d -1426.134277
4790.0 4915.0 e -1366.951782
4915.0 4990.0 f -1013.065918
4990.0 5035.0 e -606.219910
5035.0 5100.0 d -835.796204
5100.0 5305.0 e -1880.712646
5305.0 5665.0 ssil -4256.468262
.
