#!MLF!#
"/net/aistaff/aki/_same-utterance/wav/06/Groningen_and_Drenthe/15527-1466446667-2349331.rec"
0.0 595.0 ssil -6999.656250 NA
595.0 685.0 n -1034.487793
685.0 810.0 a -1422.236816
810.0 855.0 ssil -683.764343
855.0 900.0 ssil -658.823425 ZIJN
900.0 980.0 s -1077.308228
980.0 1110.0 ei -1459.261475
1110.0 1125.0 n -236.954605
1125.0 1140.0 ssil -245.355804
1140.0 1155.0 ssil -227.263580 REIS
1155.0 1170.0 r -195.674438
1170.0 1415.0 ei -3021.810547
1415.0 1595.0 s -2379.347656
1595.0 1620.0 ssil -316.610779
1620.0 1675.0 ssil -663.230530 MAAKT
1675.0 1750.0 m -1028.375244
1750.0 1885.0 a -1635.669312
1885.0 1910.0 k -397.960144
1910.0 1990.0 t -1141.857300
1990.0 2005.0 ssil -192.928604
2005.0 2100.0 ssil -1156.792114 HIJ
2100.0 2200.0 h -1250.521362
2200.0 2335.0 ei -1544.034790
2335.0 2350.0 ssil -194.739532
2350.0 2390.0 ssil -521.947876 EEN
2390.0 2420.0 @ -406.446625
2420.0 2535.0 n -1370.164307
2535.0 2550.0 ssil -179.951096
2550.0 2590.0 ssil -462.363068 KAART
2590.0 2650.0 k -814.740295
2650.0 2800.0 a -1851.998535
2800.0 2875.0 r -1053.350708
2875.0 2930.0 t -732.116089
2930.0 2945.0 ssil -200.376266
2945.0 2960.0 ssil -186.704742 VAN
2960.0 2995.0 f -460.821625
2995.0 3045.0 ac -622.466309
3045.0 3125.0 n -915.942017
3125.0 3140.0 ssil -232.336349
3140.0 3160.0 ssil -319.111115 DE
3160.0 3175.0 d -214.260483
3175.0 3195.0 ssil -247.541290
3195.0 3225.0 ssil -386.259857 ONVERHARDE
3225.0 3395.0 oc -2290.096436
3395.0 3420.0 n -359.495514
3420.0 3525.0 f -1345.088989
3525.0 3540.0 ec -215.063828
3540.0 3555.0 r -197.779221
3555.0 3675.0 h -1408.588257
3675.0 3725.0 ac -639.767212
3725.0 3750.0 r -397.718964
3750.0 3810.0 d -868.197510
3810.0 3835.0 @ -307.414978
3835.0 3850.0 ssil -179.299133
3850.0 3865.0 ssil -178.940308 WEGEN
3865.0 3920.0 w -632.836975
3920.0 4125.0 e -2409.005859
4125.0 4265.0 x -2000.790894
4265.0 4305.0 @ -583.661377
4305.0 4395.0 ssil -1025.950562
4395.0 4435.0 ssil -622.330994 EN
4435.0 4480.0 ec -563.298950
4480.0 4495.0 n -193.360504
4495.0 4510.0 ssil -177.032288
4510.0 4525.0 ssil -185.947952 DIE
4525.0 4540.0 d -204.854370
4540.0 4590.0 i -634.604004
4590.0 4605.0 ssil -208.245300
4605.0 4620.0 ssil -206.820328 ZET
4620.0 4670.0 z -734.003235
4670.0 4725.0 ec -686.515930
4725.0 4770.0 t -606.762085
4770.0 4785.0 ssil -236.305191
4785.0 4800.0 ssil -233.312683 HIJ
4800.0 4830.0 h -417.804932
4830.0 4875.0 ei -509.105377
4875.0 4890.0 ssil -204.436508
4890.0 4905.0 ssil -184.271042 DIRECT
4905.0 4920.0 d -202.312103
4920.0 4935.0 ac -234.219284
4935.0 5095.0 j -1849.055908
5095.0 5170.0 r -1074.302612
5170.0 5205.0 @ -466.612518
5205.0 5225.0 k -280.363708
5225.0 5280.0 t -744.268311
5280.0 5295.0 ssil -272.704498
5295.0 5345.0 ssil -875.563232 OP
5345.0 5395.0 oc -671.656921
5395.0 5410.0 p -208.568726
5410.0 5435.0 ssil -322.854858
5435.0 5470.0 ssil -510.740082 EEN
5470.0 5490.0 @ -304.979553
5490.0 5505.0 ssil -226.319626
5505.0 5520.0 ssil -222.186951 DVD
5520.0 5590.0 d -940.624512
5590.0 5730.0 e -1608.563843
5730.0 5785.0 f -723.848999
5785.0 5840.0 e -678.344177
5840.0 5860.0 d -264.001862
5860.0 6215.0 e -4058.484863
6215.0 6315.0 ssil -1388.250122
.
