#!MLF!#
"/net/aistaff/aki/_same-utterance/wav/06/Groningen_and_Drenthe/16245-1469550633-2414603.rec"
0.0 540.0 ssil -6262.949219 NA
540.0 555.0 n -225.501083
555.0 705.0 a -1914.662842
705.0 730.0 ssil -408.019257
730.0 765.0 ssil -555.418396 ZIJN
765.0 795.0 z -453.541779
795.0 920.0 ei -1328.863770
920.0 935.0 n -192.627426
935.0 955.0 ssil -254.522491
955.0 970.0 ssil -167.208191 REIS
970.0 995.0 r -308.994720
995.0 1210.0 ei -2232.999023
1210.0 1235.0 s -356.015259
1235.0 1260.0 ssil -341.595886
1260.0 1390.0 ssil -1669.244263 MAAKT
1390.0 1455.0 m -774.706970
1455.0 1545.0 a -923.709167
1545.0 1560.0 k -215.242569
1560.0 1580.0 ssil -246.728561
1580.0 1625.0 ssil -626.571045 HIJ
1625.0 1675.0 h -591.738708
1675.0 1875.0 ei -2016.997925
1875.0 1890.0 ssil -190.454193
1890.0 1950.0 ssil -675.707520 EEN
1950.0 1965.0 @ -177.671555
1965.0 1980.0 ssil -166.398727
1980.0 1995.0 ssil -215.045242 KAART
1995.0 2035.0 k -554.451294
2035.0 2225.0 a -2051.361328
2225.0 2250.0 r -363.712158
2250.0 2280.0 t -456.582916
2280.0 2295.0 ssil -240.803757
2295.0 2330.0 ssil -459.480835 VAN
2330.0 2370.0 v -509.966858
2370.0 2405.0 ac -399.370331
2405.0 2440.0 n -392.712708
2440.0 2455.0 ssil -200.692032
2455.0 2470.0 ssil -220.106598 DE
2470.0 2485.0 d -214.150909
2485.0 2500.0 ssil -201.017181
2500.0 2515.0 ssil -200.434235 ONVERHARDE
2515.0 2605.0 oc -1164.256226
2605.0 2735.0 n -1339.143799
2735.0 2770.0 f -446.839935
2770.0 2785.0 ec -182.204483
2785.0 2800.0 r -204.704681
2800.0 2840.0 h -468.146484
2840.0 2970.0 ac -1430.307129
2970.0 3065.0 r -1254.081665
3065.0 3095.0 d -399.082764
3095.0 3155.0 @ -651.798645
3155.0 3170.0 ssil -176.812973
3170.0 3185.0 ssil -172.240295 WEGEN
3185.0 3225.0 w -417.714294
3225.0 3410.0 e -1882.737061
3410.0 3535.0 gc -1670.682617
3535.0 3750.0 ssil -2556.911377
3750.0 3950.0 ssil -2204.797852 EN
3950.0 4010.0 ec -699.829346
4010.0 4070.0 n -653.906799
4070.0 4085.0 ssil -172.977188
4085.0 4100.0 ssil -191.716293 DIE
4100.0 4115.0 d -205.507233
4115.0 4250.0 i -1594.795288
4250.0 4265.0 ssil -209.826904
4265.0 4280.0 ssil -213.571045 ZET
4280.0 4325.0 z -638.305786
4325.0 4395.0 ec -729.575623
4395.0 4410.0 t -217.726257
4410.0 4450.0 ssil -523.462952
4450.0 4480.0 ssil -376.593597 HIJ
4480.0 4535.0 h -643.067200
4535.0 4625.0 ei -923.250305
4625.0 4640.0 ssil -176.685547
4640.0 4655.0 ssil -186.308670 DIRECT
4655.0 4675.0 d -274.679138
4675.0 4690.0 ac -232.461166
4690.0 4785.0 j -1109.918213
4785.0 4825.0 r -506.822296
4825.0 4950.0 ec -1520.860840
4950.0 5010.0 k -808.756226
5010.0 5045.0 t -505.742035
5045.0 5060.0 ssil -204.531082
5060.0 5075.0 ssil -188.405731 OP
5075.0 5120.0 p -515.924561
5120.0 5135.0 ssil -219.035156
5135.0 5155.0 ssil -268.862000 EEN
5155.0 5185.0 @ -375.516876
5185.0 5255.0 n -791.551636
5255.0 5270.0 ssil -208.972733
5270.0 5285.0 ssil -242.251358 DVD
5285.0 5310.0 d -330.388031
5310.0 5490.0 e -1867.545654
5490.0 5505.0 f -198.984512
5505.0 5580.0 e -902.280518
5580.0 5630.0 d -669.350281
5630.0 5800.0 e -1732.901489
5800.0 6315.0 ssil -6148.721680
.
