#!MLF!#
"/net/aistaff/aki/_same-utterance/wav/06/Groningen_and_Drenthe/16266-1464425238-2081149.rec"
0.0 650.0 ssil -6095.971680 NA
650.0 735.0 n -1077.048340
735.0 870.0 a -1230.111816
870.0 885.0 ssil -229.447403
885.0 900.0 ssil -220.638474 ZIJN
900.0 960.0 z -755.019470
960.0 1055.0 ei -969.165283
1055.0 1070.0 n -231.236801
1070.0 1085.0 ssil -231.227249
1085.0 1100.0 ssil -199.951843 REIS
1100.0 1130.0 r -377.178894
1130.0 1300.0 ei -1755.133789
1300.0 1325.0 s -361.933685
1325.0 1340.0 ssil -230.941879
1340.0 1360.0 ssil -277.549225 MAAKT
1360.0 1430.0 m -842.003662
1430.0 1550.0 a -1370.074951
1550.0 1570.0 k -317.205078
1570.0 1645.0 t -1086.635376
1645.0 1665.0 ssil -296.557739
1665.0 1680.0 ssil -213.157883 HIJ
1680.0 1700.0 h -227.833252
1700.0 1760.0 ei -667.303528
1760.0 1780.0 ssil -265.020752
1780.0 1795.0 ssil -197.612183 EEN
1795.0 1820.0 @ -316.998108
1820.0 1835.0 ssil -200.155075
1835.0 1850.0 ssil -179.398727 KAART
1850.0 1910.0 k -902.977539
1910.0 2055.0 a -1572.351318
2055.0 2080.0 r -376.899994
2080.0 2100.0 ssil -315.812958
2100.0 2115.0 ssil -208.316757 VAN
2115.0 2215.0 f -1315.305298
2215.0 2240.0 ac -352.951782
2240.0 2255.0 n -212.835464
2255.0 2270.0 ssil -183.453690
2270.0 2285.0 ssil -207.709061 DE
2285.0 2310.0 d -354.791687
2310.0 2335.0 @ -342.210846
2335.0 2350.0 ssil -237.482986
2350.0 2370.0 ssil -285.080994 ONVERHARDE
2370.0 2525.0 oc -1684.607666
2525.0 2540.0 n -190.630417
2540.0 2555.0 ec -223.208710
2555.0 2570.0 r -206.068024
2570.0 2610.0 h -505.231018
2610.0 2775.0 ac -1605.082153
2775.0 2805.0 r -453.576996
2805.0 2825.0 d -290.315277
2825.0 2865.0 @ -512.876526
2865.0 2880.0 ssil -192.895096
2880.0 2895.0 ssil -180.887802 WEGEN
2895.0 2970.0 w -780.049744
2970.0 3150.0 e -1766.160645
3150.0 3240.0 gc -1229.014404
3240.0 3360.0 @ -1350.406006
3360.0 3440.0 n -949.646851
3440.0 3490.0 ssil -589.228943
3490.0 3550.0 ssil -750.350281 EN
3550.0 3660.0 ec -1398.825073
3660.0 3675.0 n -207.709549
3675.0 3690.0 ssil -182.098495
3690.0 3705.0 ssil -196.843552 DIE
3705.0 3720.0 d -212.582397
3720.0 3755.0 i -453.526764
3755.0 3770.0 ssil -211.905411
3770.0 3785.0 ssil -201.895142 ZET
3785.0 3855.0 z -844.084839
3855.0 3905.0 ec -599.057739
3905.0 3945.0 t -566.919250
3945.0 3965.0 ssil -274.667053
3965.0 3995.0 ssil -413.749329 HIJ
3995.0 4010.0 h -211.529007
4010.0 4025.0 ei -209.648285
4025.0 4040.0 ssil -209.188690
4040.0 4055.0 ssil -249.709045 DIRECT
4055.0 4070.0 d -234.748062
4070.0 4085.0 ac -279.437225
4085.0 4145.0 j -690.610840
4145.0 4185.0 r -567.846069
4185.0 4270.0 ec -1049.892700
4270.0 4295.0 k -372.649872
4295.0 4350.0 t -847.810120
4350.0 4365.0 ssil -243.093719
4365.0 4380.0 ssil -227.093231 OP
4380.0 4445.0 oc -793.768921
4445.0 4460.0 p -214.261749
4460.0 4480.0 ssil -302.365509
4480.0 4495.0 ssil -235.299805 EEN
4495.0 4555.0 n -709.174133
4555.0 4570.0 ssil -245.876801
4570.0 4585.0 ssil -243.716690 DVD
4585.0 4600.0 d -228.875702
4600.0 4715.0 e -1285.904419
4715.0 4740.0 f -346.287445
4740.0 4780.0 e -518.756287
4780.0 4855.0 d -973.948975
4855.0 5025.0 e -1849.716187
5025.0 5385.0 ssil -4830.256348
.
