#!MLF!#
"/net/aistaff/aki/_same-utterance/wav/06/Groningen_and_Drenthe/16334-1464157167-1897542.rec"
0.0 545.0 ssil -6877.032227 NA
545.0 600.0 n -727.938416
600.0 710.0 a -1159.987793
710.0 725.0 ssil -220.195587
725.0 740.0 ssil -244.810287 ZIJN
740.0 830.0 s -1223.422363
830.0 965.0 ei -1417.255737
965.0 980.0 n -211.532379
980.0 995.0 ssil -229.336273
995.0 1010.0 ssil -219.310776 REIS
1010.0 1025.0 r -190.924606
1025.0 1160.0 ei -1305.609741
1160.0 1245.0 s -1105.031860
1245.0 1260.0 ssil -242.884598
1260.0 1275.0 ssil -231.575409 MAAKT
1275.0 1330.0 m -717.453552
1330.0 1440.0 a -1247.307373
1440.0 1465.0 k -353.957031
1465.0 1515.0 t -684.480774
1515.0 1530.0 ssil -206.990479
1530.0 1545.0 ssil -186.763138 HIJ
1545.0 1560.0 h -166.454132
1560.0 1800.0 ei -2295.144043
1800.0 1815.0 ssil -204.495041
1815.0 1830.0 ssil -206.339005 EEN
1830.0 1865.0 n -431.043274
1865.0 1880.0 ssil -209.849884
1880.0 1895.0 ssil -235.895142 KAART
1895.0 1955.0 k -924.401123
1955.0 2120.0 a -1686.746826
2120.0 2140.0 r -263.094757
2140.0 2155.0 ssil -229.811096
2155.0 2170.0 ssil -245.587677 VAN
2170.0 2280.0 f -1392.078613
2280.0 2305.0 ac -318.936646
2305.0 2330.0 n -320.741821
2330.0 2345.0 ssil -221.509735
2345.0 2360.0 ssil -250.424698 DE
2360.0 2375.0 d -240.118134
2375.0 2390.0 ssil -221.788574
2390.0 2405.0 ssil -205.124908 ONVERHARDE
2405.0 2570.0 oc -1822.940918
2570.0 2605.0 n -463.275513
2605.0 2620.0 ec -235.801865
2620.0 2635.0 r -236.233063
2635.0 2650.0 h -235.043915
2650.0 2800.0 ac -1598.634399
2800.0 2875.0 r -949.184814
2875.0 2895.0 d -282.560944
2895.0 2945.0 @ -581.333008
2945.0 2960.0 ssil -203.722488
2960.0 2975.0 ssil -181.254852 WEGEN
2975.0 3025.0 w -582.408691
3025.0 3215.0 e -1858.344238
3215.0 3300.0 x -1108.246948
3300.0 3320.0 @ -240.342926
3320.0 3335.0 ssil -184.914032
3335.0 3350.0 ssil -188.866669 EN
3350.0 3425.0 ec -855.535156
3425.0 3460.0 n -415.002716
3460.0 3475.0 ssil -207.762756
3475.0 3490.0 ssil -232.928009 DIE
3490.0 3505.0 d -241.953812
3505.0 3520.0 i -201.195389
3520.0 3535.0 ssil -221.057480
3535.0 3550.0 ssil -230.741364 ZET
3550.0 3650.0 s -1195.446777
3650.0 3700.0 ec -589.891907
3700.0 3795.0 t -1348.118042
3795.0 3810.0 ssil -207.506958
3810.0 3825.0 ssil -193.681961 HIJ
3825.0 3845.0 h -219.502945
3845.0 3945.0 ei -1038.409912
3945.0 3960.0 ssil -223.293549
3960.0 3975.0 ssil -220.280319 DIRECT
3975.0 4035.0 d -866.547607
4035.0 4050.0 ac -248.709900
4050.0 4115.0 j -695.856812
4115.0 4145.0 r -506.558044
4145.0 4250.0 ec -1314.340820
4250.0 4270.0 k -321.720490
4270.0 4330.0 t -894.909180
4330.0 4345.0 ssil -299.178101
4345.0 4380.0 ssil -640.297913 OP
4380.0 4485.0 oc -1418.382812
4485.0 4525.0 p -563.480103
4525.0 4540.0 ssil -218.713531
4540.0 4555.0 ssil -253.149109 EEN
4555.0 4610.0 n -636.986145
4610.0 4625.0 ssil -234.139130
4625.0 4640.0 ssil -263.340698 DVD
4640.0 4655.0 d -230.421829
4655.0 4790.0 e -1635.729736
4790.0 4850.0 f -798.847656
4850.0 4900.0 e -727.538208
4900.0 4955.0 d -778.493103
4955.0 5185.0 e -2556.428223
5185.0 5525.0 ssil -4440.505859
.
