#!MLF!#
"/net/aistaff/aki/_same-utterance/wav/06/Groningen_and_Drenthe/16681-1465940293-2317396.rec"
0.0 820.0 ssil -10140.638672 NA
820.0 895.0 n -1063.483521
895.0 1080.0 a -2222.792969
1080.0 1115.0 ssil -588.987854
1115.0 1145.0 ssil -463.043854 ZIJN
1145.0 1260.0 s -1724.064819
1260.0 1400.0 ei -1542.475342
1400.0 1415.0 n -224.635742
1415.0 1430.0 ssil -233.929657
1430.0 1445.0 ssil -246.822128 REIS
1445.0 1460.0 r -211.867355
1460.0 1685.0 ei -2314.335205
1685.0 1835.0 s -1951.843140
1835.0 1855.0 ssil -255.845566
1855.0 1875.0 ssil -281.617584 MAAKT
1875.0 1930.0 m -760.170898
1930.0 2060.0 a -1756.853271
2060.0 2080.0 k -277.739716
2080.0 2110.0 ssil -441.129333
2110.0 2170.0 ssil -930.531067 HIJ
2170.0 2205.0 h -474.766663
2205.0 2380.0 ei -1856.152954
2380.0 2395.0 ssil -230.963989
2395.0 2410.0 ssil -241.331177 EEN
2410.0 2465.0 n -820.580566
2465.0 2485.0 ssil -256.058380
2485.0 2500.0 ssil -216.457901 KAART
2500.0 2545.0 k -649.693542
2545.0 2760.0 a -2295.874268
2760.0 2775.0 r -204.401581
2775.0 2815.0 t -518.376099
2815.0 2830.0 ssil -193.740326
2830.0 2875.0 ssil -557.324463 VAN
2875.0 2910.0 f -487.135162
2910.0 2970.0 ac -728.912476
2970.0 3040.0 n -882.912659
3040.0 3065.0 ssil -391.136383
3065.0 3090.0 ssil -425.095703 DE
3090.0 3105.0 d -223.059677
3105.0 3120.0 ssil -195.076553
3120.0 3140.0 ssil -282.674438 ONVERHARDE
3140.0 3280.0 oc -1873.572510
3280.0 3325.0 n -635.960938
3325.0 3395.0 f -1038.625244
3395.0 3410.0 ec -230.032425
3410.0 3440.0 r -393.083557
3440.0 3465.0 h -311.430664
3465.0 3480.0 ac -187.632690
3480.0 3580.0 r -1296.257446
3580.0 3635.0 d -793.290710
3635.0 3670.0 @ -393.147003
3670.0 3685.0 ssil -175.882187
3685.0 3700.0 ssil -173.940872 WEGEN
3700.0 3750.0 w -565.655212
3750.0 3960.0 e -1773.926147
3960.0 4055.0 gc -1331.667969
4055.0 4080.0 @ -362.023285
4080.0 4140.0 n -809.792175
4140.0 4180.0 ssil -531.266357
4180.0 4435.0 ssil -3360.450439 EN
4435.0 4455.0 n -359.483948
4455.0 4470.0 ssil -255.397186
4470.0 4505.0 ssil -595.071777 DIE
4505.0 4520.0 d -253.164764
4520.0 4545.0 i -360.367340
4545.0 4560.0 ssil -217.432861
4560.0 4575.0 ssil -204.692291 ZET
4575.0 4625.0 z -665.116638
4625.0 4685.0 ec -799.199402
4685.0 4710.0 t -356.526520
4710.0 4725.0 ssil -215.171188
4725.0 4770.0 ssil -661.216248 HIJ
4770.0 4815.0 h -550.557739
4815.0 4910.0 ei -1104.051758
4910.0 4925.0 ssil -209.522629
4925.0 4940.0 ssil -220.773590 DIRECT
4940.0 4970.0 d -449.004059
4970.0 4985.0 ac -269.389832
4985.0 5060.0 j -883.768433
5060.0 5090.0 r -494.683990
5090.0 5205.0 ec -1418.601196
5205.0 5265.0 k -906.592957
5265.0 5320.0 t -830.302307
5320.0 5335.0 ssil -214.943130
5335.0 5355.0 ssil -274.062347 OP
5355.0 5445.0 oc -1238.742065
5445.0 5490.0 p -603.236389
5490.0 5505.0 ssil -217.958252
5505.0 5520.0 ssil -226.590607 EEN
5520.0 5535.0 n -203.376724
5535.0 5550.0 ssil -191.587234
5550.0 5565.0 ssil -185.226746 DVD
5565.0 5640.0 d -1045.386353
5640.0 5785.0 e -1402.827271
5785.0 5845.0 f -877.299683
5845.0 5915.0 e -805.495850
5915.0 5980.0 d -898.635620
5980.0 6185.0 e -2084.022461
6185.0 6620.0 ssil -5389.089355
.
