#!MLF!#
"/net/aistaff/aki/_same-utterance/wav/06/Groningen_and_Drenthe/1669-1449359318-324814.rec"
0.0 375.0 ssil -4442.837891 NA
375.0 395.0 n -340.147827
395.0 505.0 a -1415.503174
505.0 520.0 ssil -226.764511
520.0 535.0 ssil -218.514969 ZIJN
535.0 575.0 z -572.372864
575.0 670.0 ei -1053.853394
670.0 685.0 n -224.974579
685.0 700.0 ssil -244.210754
700.0 715.0 ssil -248.940155 REIS
715.0 810.0 r -1244.402100
810.0 900.0 ei -1122.643921
900.0 1010.0 s -1437.381470
1010.0 1025.0 ssil -249.194275
1025.0 1055.0 ssil -407.733398 MAAKT
1055.0 1110.0 m -691.849487
1110.0 1195.0 a -1074.057129
1195.0 1210.0 k -221.387772
1210.0 1230.0 ssil -254.024445
1230.0 1270.0 ssil -554.935730 HIJ
1270.0 1290.0 h -259.118439
1290.0 1490.0 ei -1972.574951
1490.0 1505.0 ssil -173.899597
1505.0 1520.0 ssil -170.987274 EEN
1520.0 1540.0 n -235.108536
1540.0 1580.0 ssil -514.082825
1580.0 1670.0 ssil -1019.876587 KAART
1670.0 1740.0 k -968.496155
1740.0 1935.0 a -2396.362305
1935.0 1965.0 r -396.104492
1965.0 2125.0 t -2086.737061
2125.0 2185.0 ssil -708.599243
2185.0 2200.0 ssil -182.253860 VAN
2200.0 2260.0 f -791.646667
2260.0 2295.0 ac -460.330170
2295.0 2310.0 n -211.190079
2310.0 2325.0 ssil -185.028046
2325.0 2340.0 ssil -211.390656 DE
2340.0 2355.0 d -249.926315
2355.0 2385.0 @ -456.304047
2385.0 2400.0 ssil -249.731995
2400.0 2415.0 ssil -223.135941 ONVERHARDE
2415.0 2545.0 oc -1604.181274
2545.0 2570.0 n -338.861206
2570.0 2675.0 f -1321.575317
2675.0 2690.0 ec -231.171143
2690.0 2705.0 r -224.341324
2705.0 2765.0 h -756.284241
2765.0 2785.0 ac -269.067749
2785.0 2835.0 r -688.731384
2835.0 2860.0 d -321.182037
2860.0 2915.0 @ -610.284546
2915.0 2930.0 ssil -177.909485
2930.0 2945.0 ssil -182.423813 WEGEN
2945.0 2985.0 w -426.725677
2985.0 3160.0 e -2073.997070
3160.0 3190.0 gc -410.109436
3190.0 3345.0 @ -1943.037720
3345.0 3360.0 ssil -176.689682
3360.0 3395.0 ssil -444.719604 EN
3395.0 3445.0 ec -618.048706
3445.0 3460.0 n -215.306122
3460.0 3475.0 ssil -217.576828
3475.0 3490.0 ssil -216.432770 DIE
3490.0 3510.0 d -269.894012
3510.0 3545.0 i -412.893555
3545.0 3560.0 ssil -207.119263
3560.0 3575.0 ssil -218.922211 ZET
3575.0 3655.0 z -1039.765991
3655.0 3690.0 ec -525.185852
3690.0 3715.0 t -389.456726
3715.0 3730.0 ssil -230.607452
3730.0 3745.0 ssil -238.555145 HIJ
3745.0 3760.0 h -216.052124
3760.0 3905.0 ei -1663.400146
3905.0 3930.0 ssil -304.092560
3930.0 4045.0 ssil -1309.964355 DIRECT
4045.0 4095.0 d -673.805664
4095.0 4110.0 ac -252.581482
4110.0 4215.0 j -1345.453247
4215.0 4300.0 r -1122.880981
4300.0 4355.0 ec -733.071777
4355.0 4375.0 k -287.052155
4375.0 4435.0 t -798.004578
4435.0 4450.0 ssil -247.952972
4450.0 4465.0 ssil -253.639206 OP
4465.0 4530.0 oc -838.593262
4530.0 4545.0 p -195.891251
4545.0 4560.0 ssil -197.166595
4560.0 4575.0 ssil -223.936768 EEN
4575.0 4615.0 @ -539.801941
4615.0 4630.0 ssil -221.713013
4630.0 4645.0 ssil -199.657837 DVD
4645.0 4715.0 d -862.287720
4715.0 4855.0 e -1619.699463
4855.0 4875.0 f -295.955994
4875.0 4935.0 e -737.364746
4935.0 4990.0 d -736.134094
4990.0 5140.0 e -1778.810791
5140.0 5155.0 ssil -194.185852
.
