#!MLF!#
"/net/aistaff/aki/_same-utterance/wav/06/Groningen_and_Drenthe/16704-1465676300-2301529.rec"
0.0 620.0 ssil -7667.245605 NA
620.0 725.0 n -1309.136719
725.0 910.0 a -2123.469727
910.0 925.0 ssil -224.008820
925.0 940.0 ssil -205.884216 ZIJN
940.0 1000.0 s -869.224487
1000.0 1120.0 ei -1267.694214
1120.0 1135.0 n -199.397598
1135.0 1150.0 ssil -203.144440
1150.0 1165.0 ssil -196.172348 REIS
1165.0 1200.0 r -493.611755
1200.0 1475.0 ei -2897.784912
1475.0 1625.0 s -1903.190430
1625.0 1640.0 ssil -212.924652
1640.0 1655.0 ssil -204.861954 MAAKT
1655.0 1745.0 m -1178.329834
1745.0 1875.0 a -1556.287598
1875.0 1895.0 k -302.608337
1895.0 1940.0 ssil -604.358765
1940.0 1955.0 ssil -234.595490 HIJ
1955.0 1995.0 h -546.721863
1995.0 2155.0 ei -1806.065430
2155.0 2170.0 ssil -240.111938
2170.0 2185.0 ssil -269.539368 EEN
2185.0 2220.0 n -470.425964
2220.0 2235.0 ssil -195.827713
2235.0 2250.0 ssil -190.311707 KAART
2250.0 2370.0 k -1608.656860
2370.0 2580.0 a -2069.096680
2580.0 2720.0 r -1893.182251
2720.0 2760.0 t -543.298401
2760.0 2775.0 ssil -203.320160
2775.0 2790.0 ssil -202.864105 VAN
2790.0 2860.0 f -904.640686
2860.0 2930.0 ac -900.051086
2930.0 3000.0 n -845.534546
3000.0 3015.0 ssil -255.059723
3015.0 3070.0 ssil -799.537964 DE
3070.0 3085.0 d -203.943161
3085.0 3100.0 ssil -209.480347
3100.0 3115.0 ssil -208.383255 ONVERHARDE
3115.0 3175.0 oc -707.191101
3175.0 3310.0 n -1863.265869
3310.0 3350.0 f -574.965271
3350.0 3365.0 ec -252.180771
3365.0 3380.0 r -217.503937
3380.0 3395.0 h -222.830048
3395.0 3515.0 ac -1596.023193
3515.0 3590.0 r -1065.121582
3590.0 3635.0 d -705.129639
3635.0 3680.0 @ -572.441345
3680.0 3695.0 ssil -195.804291
3695.0 3710.0 ssil -184.877289 WEGEN
3710.0 3790.0 w -919.360657
3790.0 4015.0 e -2479.520020
4015.0 4115.0 gc -1407.895264
4115.0 4170.0 @ -656.614380
4170.0 4315.0 n -1948.566772
4315.0 4365.0 ssil -682.608154
4365.0 4870.0 ssil -6003.947754 EN
4870.0 4915.0 ec -626.430542
4915.0 4940.0 n -314.618439
4940.0 4955.0 ssil -178.715820
4955.0 4970.0 ssil -176.829788 DIE
4970.0 5010.0 d -561.519165
5010.0 5085.0 i -848.096741
5085.0 5100.0 ssil -214.595520
5100.0 5115.0 ssil -207.753418 ZET
5115.0 5175.0 z -754.809875
5175.0 5260.0 ec -1156.100464
5260.0 5310.0 t -750.254639
5310.0 5325.0 ssil -221.957047
5325.0 5340.0 ssil -206.654312 HIJ
5340.0 5370.0 h -387.801117
5370.0 5545.0 ei -2029.006226
5545.0 5560.0 ssil -204.433365
5560.0 5575.0 ssil -195.451706 DIRECT
5575.0 5620.0 d -629.757812
5620.0 5635.0 ac -224.544067
5635.0 5650.0 j -178.949127
5650.0 5725.0 r -1072.174438
5725.0 5865.0 ec -1943.112305
5865.0 5880.0 k -239.719940
5880.0 5955.0 ssil -1120.261230
5955.0 5975.0 ssil -320.923767 OP
5975.0 6050.0 oc -956.009521
6050.0 6065.0 p -211.568100
6065.0 6085.0 ssil -266.931702
6085.0 6115.0 ssil -419.673218 EEN
6115.0 6165.0 @ -638.209778
6165.0 6210.0 n -494.943024
6210.0 6225.0 ssil -172.023773
6225.0 6240.0 ssil -210.579590 DVD
6240.0 6280.0 d -621.034851
6280.0 6435.0 e -1771.957764
6435.0 6495.0 f -798.711975
6495.0 6550.0 e -771.848999
6550.0 6625.0 d -1073.334473
6625.0 6850.0 e -2517.576172
6850.0 7175.0 ssil -3993.053223
.
