#!MLF!#
"/net/aistaff/aki/_same-utterance/wav/06/Groningen_and_Drenthe/17145-1472490523-2475659.rec"
0.0 1809.9999 ssil -22441.294922 NA
1809.9999 1894.9999 n -1070.510010
1894.9999 2084.9999 a -2132.478271
2084.9999 2099.9999 ssil -211.618393
2100.0 2115.0 ssil -226.611191 ZIJN
2115.0 2225.0 s -1419.836548
2225.0 2320.0 ei -1212.398193
2320.0 2385.0 n -723.598267
2385.0 2405.0 ssil -284.568024
2405.0 2420.0 ssil -209.379059 REIS
2420.0 2475.0 r -726.535278
2475.0 2690.0 ei -2410.797607
2690.0 2820.0 s -1672.533325
2820.0 2960.0 ssil -1676.358643
2960.0 3145.0 ssil -2315.257080 MAAKT
3145.0 3185.0 m -557.907166
3185.0 3260.0 a -899.576172
3260.0 3275.0 k -234.831924
3275.0 3310.0 ssil -491.302979
3310.0 3345.0 ssil -497.833923 HIJ
3345.0 3425.0 h -1074.131958
3425.0 3555.0 ei -1352.763916
3555.0 3570.0 ssil -226.506424
3570.0 3585.0 ssil -204.555374 EEN
3585.0 3655.0 n -901.068726
3655.0 3685.0 ssil -430.392151
3685.0 3730.0 ssil -694.012573 KAART
3730.0 3745.0 k -225.730270
3745.0 3920.0 a -1675.143677
3920.0 3945.0 r -355.678375
3945.0 3990.0 ssil -607.501404
3990.0 4005.0 ssil -183.765625 VAN
4005.0 4090.0 f -1031.389160
4090.0 4115.0 ac -346.485565
4115.0 4140.0 n -321.908234
4140.0 4155.0 ssil -207.504730
4155.0 4170.0 ssil -201.171494 DE
4170.0 4185.0 d -213.310349
4185.0 4200.0 ssil -203.395584
4200.0 4215.0 ssil -208.981110 ONVERHARDE
4215.0 4355.0 oc -1703.811768
4355.0 4415.0 n -811.480896
4415.0 4480.0 f -880.857910
4480.0 4495.0 ec -231.540970
4495.0 4565.0 r -1038.456787
4565.0 4630.0 h -790.212524
4630.0 4705.0 ac -971.784729
4705.0 4735.0 r -406.462341
4735.0 4775.0 d -547.248657
4775.0 4805.0 @ -366.336884
4805.0 4820.0 ssil -193.116760
4820.0 4835.0 ssil -184.163452 WEGEN
4835.0 4885.0 w -560.905090
4885.0 5065.0 e -1755.845703
5065.0 5170.0 gc -1431.293701
5170.0 5200.0 @ -403.152771
5200.0 5385.0 n -2274.284668
5385.0 5710.0 ssil -3881.509521
5710.0 5790.0 ssil -1008.464478 EN
5790.0 5885.0 n -1069.018066
5885.0 5900.0 ssil -187.685577
5900.0 5915.0 ssil -206.061142 DIE
5915.0 5930.0 d -208.361908
5930.0 6010.0 i -935.287659
6010.0 6025.0 ssil -208.469788
6025.0 6040.0 ssil -206.548492 ZET
6040.0 6115.0 s -993.087646
6115.0 6215.0 ec -1198.024780
6215.0 6260.0 t -641.726440
6260.0 6275.0 ssil -214.699417
6275.0 6290.0 ssil -216.089279 HIJ
6290.0 6325.0 h -411.574646
6325.0 6495.0 ei -1976.497070
6495.0 6510.0 ssil -209.400436
6510.0 6525.0 ssil -224.984070 DIRECT
6525.0 6570.0 d -581.688354
6570.0 6585.0 ac -189.666214
6585.0 6600.0 j -195.029449
6600.0 6640.0 r -543.709106
6640.0 6775.0 ec -1723.308838
6775.0 6790.0 k -221.577133
6790.0 6820.0 t -442.078156
6820.0 6835.0 ssil -233.959427
6835.0 6850.0 ssil -225.042236 OP
6850.0 6910.0 oc -771.344788
6910.0 6955.0 p -581.345276
6955.0 6975.0 ssil -266.805847
6975.0 6990.0 ssil -211.901367 EEN
6990.0 7070.0 n -912.369934
7070.0 7085.0 ssil -202.370178
7085.0 7100.0 ssil -231.356522 DVD
7100.0 7120.0 d -301.352783
7120.0 7275.0 e -1587.943726
7275.0 7295.0 f -257.693237
7295.0 7395.0 e -1170.559204
7395.0 7430.0 d -484.897217
7430.0 7610.0 e -1994.656128
7610.0 8035.0 ssil -5131.397461
.
