#!MLF!#
"/net/aistaff/aki/_same-utterance/wav/06/Groningen_and_Drenthe/2963-1449520034-453955.rec"
0.0 625.0 ssil -7638.996094 NA
625.0 665.0 n -566.151611
665.0 805.0 a -1676.700562
805.0 850.0 ssil -654.041626
850.0 865.0 ssil -199.179413 ZIJN
865.0 900.0 z -502.796356
900.0 1030.0 ei -1436.396240
1030.0 1045.0 n -226.403717
1045.0 1060.0 ssil -226.613663
1060.0 1075.0 ssil -217.368546 REIS
1075.0 1105.0 r -403.634705
1105.0 1325.0 ei -2485.255615
1325.0 1380.0 s -750.544495
1380.0 1395.0 ssil -207.230820
1395.0 1435.0 ssil -545.094116 MAAKT
1435.0 1485.0 m -663.394836
1485.0 1565.0 a -978.145447
1565.0 1580.0 k -220.150818
1580.0 1625.0 ssil -583.770081
1625.0 1655.0 ssil -438.381287 HIJ
1655.0 1670.0 h -200.117493
1670.0 1800.0 ei -1348.956543
1800.0 1815.0 ssil -202.503357
1815.0 1830.0 ssil -184.271332 EEN
1830.0 1880.0 n -536.083801
1880.0 1895.0 ssil -185.334579
1895.0 1925.0 ssil -361.374634 KAART
1925.0 1975.0 k -791.251221
1975.0 2180.0 a -2195.370850
2180.0 2225.0 r -617.759277
2225.0 2265.0 t -574.811462
2265.0 2280.0 ssil -199.268875
2280.0 2305.0 ssil -285.912689 VAN
2305.0 2345.0 f -521.860779
2345.0 2415.0 ac -810.782166
2415.0 2430.0 n -195.430832
2430.0 2445.0 ssil -208.500580
2445.0 2460.0 ssil -240.288376 DE
2460.0 2485.0 d -366.643463
2485.0 2500.0 ssil -222.567551
2500.0 2515.0 ssil -203.282852 ONVERHARDE
2515.0 2645.0 oc -1496.023926
2645.0 2725.0 n -1004.508911
2725.0 2785.0 f -805.418030
2785.0 2800.0 ec -206.681213
2800.0 2850.0 r -669.672180
2850.0 2910.0 h -674.730469
2910.0 2930.0 ac -252.939209
2930.0 3005.0 r -993.366089
3005.0 3035.0 d -415.909210
3035.0 3060.0 @ -282.992676
3060.0 3075.0 ssil -182.192520
3075.0 3090.0 ssil -185.540314 WEGEN
3090.0 3155.0 w -753.881714
3155.0 3420.0 e -2831.431396
3420.0 3490.0 x -951.428406
3490.0 3785.0 @ -3421.415527
3785.0 3865.0 n -979.821594
3865.0 3965.0 ssil -1339.852661
3965.0 4065.0 ssil -1423.100220 EN
4065.0 4345.0 ec -3180.089355
4345.0 4445.0 n -1172.259644
4445.0 4580.0 ssil -1818.493652
4580.0 5025.0 ssil -6248.064941 DIE
5025.0 5175.0 d -1845.524902
5175.0 5480.0 i -3734.646973
5480.0 5725.0 ssil -3133.306152
5725.0 5845.0 ssil -1652.596680 ZET
5845.0 5975.0 z -1563.636108
5975.0 6030.0 ec -663.466309
6030.0 6085.0 t -741.941406
6085.0 6100.0 ssil -222.634399
6100.0 6115.0 ssil -219.772629 HIJ
6115.0 6150.0 h -398.242188
6150.0 6250.0 ei -1024.418945
6250.0 6265.0 ssil -186.585052
6265.0 6280.0 ssil -211.166962 DIRECT
6280.0 6310.0 d -400.149567
6310.0 6325.0 ac -230.668472
6325.0 6390.0 j -712.223938
6390.0 6410.0 r -294.274902
6410.0 6560.0 ec -1700.828003
6560.0 6580.0 k -286.208191
6580.0 6615.0 t -478.259094
6615.0 6630.0 ssil -241.520401
6630.0 6645.0 ssil -217.978134 OP
6645.0 6730.0 oc -1066.986572
6730.0 6750.0 p -294.713654
6750.0 6765.0 ssil -193.367859
6765.0 6790.0 ssil -403.557953 EEN
6790.0 6825.0 @ -441.518463
6825.0 6920.0 n -1054.041626
6920.0 6945.0 ssil -289.972412
6945.0 6965.0 ssil -251.827377 DVD
6965.0 7000.0 d -535.854065
7000.0 7175.0 e -1881.608154
7175.0 7240.0 f -935.118958
7240.0 7325.0 e -1113.954346
7325.0 7365.0 d -600.410217
7365.0 7585.0 e -2428.264893
7585.0 9125.0 ssil -17997.703125
.
