#!MLF!#
"/net/aistaff/aki/_same-utterance/wav/06/Groningen_and_Drenthe/299-1449161141-95686.rec"
0.0 620.0 ssil -7959.686035 NA
620.0 735.0 n -1442.193359
735.0 850.0 a -1285.990234
850.0 865.0 ssil -247.321854
865.0 880.0 ssil -246.252274 ZIJN
880.0 955.0 z -1116.746460
955.0 1120.0 ei -1868.584229
1120.0 1135.0 n -217.848602
1135.0 1150.0 ssil -216.296280
1150.0 1165.0 ssil -228.429779 REIS
1165.0 1180.0 r -224.826492
1180.0 1390.0 ei -2358.367676
1390.0 1545.0 s -2042.743042
1545.0 1585.0 ssil -549.701416
1585.0 1605.0 ssil -291.344116 MAAKT
1605.0 1670.0 m -809.968018
1670.0 1770.0 a -1118.066528
1770.0 1795.0 k -383.204559
1795.0 1825.0 ssil -426.204559
1825.0 1855.0 ssil -417.707123 HIJ
1855.0 1910.0 h -639.585449
1910.0 2015.0 ei -1354.879883
2015.0 2030.0 ssil -203.315857
2030.0 2045.0 ssil -205.262955 EEN
2045.0 2115.0 n -885.211792
2115.0 2135.0 ssil -251.029221
2135.0 2155.0 ssil -290.214539 KAART
2155.0 2200.0 k -657.402222
2200.0 2370.0 a -2090.370605
2370.0 2460.0 r -1252.761963
2460.0 2520.0 t -829.503174
2520.0 2585.0 ssil -919.658020
2585.0 2600.0 ssil -221.602356 VAN
2600.0 2700.0 f -1263.756836
2700.0 2750.0 ac -663.739014
2750.0 2765.0 n -221.590195
2765.0 2780.0 ssil -211.480392
2780.0 2795.0 ssil -241.353119 DE
2795.0 2810.0 d -242.228806
2810.0 2825.0 ssil -217.161285
2825.0 2840.0 ssil -190.218414 ONVERHARDE
2840.0 2935.0 oc -1005.239746
2935.0 2995.0 n -785.877380
2995.0 3045.0 f -636.019165
3045.0 3060.0 ec -222.999390
3060.0 3075.0 r -204.340790
3075.0 3140.0 h -748.955139
3140.0 3190.0 ac -671.657349
3190.0 3245.0 r -753.649658
3245.0 3265.0 d -294.928589
3265.0 3315.0 @ -572.861267
3315.0 3330.0 ssil -184.340530
3330.0 3345.0 ssil -184.257675 WEGEN
3345.0 3380.0 w -415.402740
3380.0 3565.0 e -1971.411865
3565.0 3640.0 gc -963.203674
3640.0 3865.0 @ -2579.127930
3865.0 3880.0 ssil -193.732010
3880.0 3960.0 ssil -1088.847778 EN
3960.0 4035.0 ec -987.312927
4035.0 4095.0 n -758.399719
4095.0 4110.0 ssil -222.179047
4110.0 4125.0 ssil -220.569962 DIE
4125.0 4140.0 d -203.493118
4140.0 4190.0 i -527.391968
4190.0 4205.0 ssil -205.583496
4205.0 4220.0 ssil -228.355133 ZET
4220.0 4290.0 z -927.454895
4290.0 4360.0 ec -839.278992
4360.0 4400.0 t -504.497040
4400.0 4415.0 ssil -215.123672
4415.0 4430.0 ssil -230.267349 HIJ
4430.0 4445.0 h -196.910446
4445.0 4550.0 ei -1196.427124
4550.0 4565.0 ssil -202.381470
4565.0 4580.0 ssil -176.596130 DIRECT
4580.0 4595.0 d -186.291977
4595.0 4610.0 ac -216.538483
4610.0 4720.0 j -1241.461914
4720.0 4760.0 r -584.809204
4760.0 4915.0 ec -2094.429199
4915.0 4945.0 k -480.487671
4945.0 5030.0 t -1334.955811
5030.0 5070.0 ssil -606.969849
5070.0 5085.0 ssil -233.787125 OP
5085.0 5170.0 oc -1140.921631
5170.0 5185.0 p -228.300217
5185.0 5205.0 ssil -271.597351
5205.0 5225.0 ssil -328.157166 EEN
5225.0 5265.0 @ -548.122559
5265.0 5305.0 n -459.741455
5305.0 5320.0 ssil -183.561905
5320.0 5335.0 ssil -238.485107 DVD
5335.0 5365.0 d -457.671326
5365.0 5480.0 e -1319.083984
5480.0 5555.0 f -929.044739
5555.0 5615.0 e -727.966064
5615.0 5645.0 d -450.714203
5645.0 5770.0 e -1411.571289
5770.0 6035.0 ssil -3323.692871
.
