#!MLF!#
"/net/aistaff/aki/_same-utterance/wav/06/Groningen_and_Drenthe/333-1449236455-195964.rec"
0.0 400.0 ssil -4988.494141 NA
400.0 485.0 n -990.115417
485.0 635.0 a -1857.590820
635.0 650.0 ssil -245.030472
650.0 665.0 ssil -236.860977 ZIJN
665.0 735.0 z -916.175049
735.0 910.0 ei -1888.648926
910.0 925.0 n -224.128632
925.0 940.0 ssil -207.244904
940.0 955.0 ssil -205.844604 REIS
955.0 970.0 r -197.502594
970.0 1165.0 ei -2155.286865
1165.0 1310.0 s -1958.634644
1310.0 1325.0 ssil -204.173676
1325.0 1570.0 ssil -2893.354980 MAAKT
1570.0 1630.0 m -764.012390
1630.0 1725.0 a -1179.952759
1725.0 1755.0 k -397.700348
1755.0 1780.0 ssil -366.913147
1780.0 1860.0 ssil -1139.553223 HIJ
1860.0 1905.0 h -616.794739
1905.0 2000.0 ei -1067.090942
2000.0 2015.0 ssil -207.244064
2015.0 2030.0 ssil -199.369461 EEN
2030.0 2065.0 n -428.679474
2065.0 2080.0 ssil -196.963272
2080.0 2095.0 ssil -198.916672 KAART
2095.0 2155.0 k -811.364136
2155.0 2315.0 a -1806.241333
2315.0 2430.0 r -1672.739258
2430.0 2505.0 t -1028.355713
2505.0 2560.0 ssil -730.880798
2560.0 2795.0 ssil -2948.292480 VAN
2795.0 2845.0 f -641.784668
2845.0 2905.0 ac -845.688965
2905.0 2935.0 n -369.272400
2935.0 2950.0 ssil -193.557831
2950.0 2965.0 ssil -234.571335 DE
2965.0 2985.0 d -361.408295
2985.0 3075.0 @ -1226.089478
3075.0 3090.0 ssil -211.365829
3090.0 3105.0 ssil -225.427277 ONVERHARDE
3105.0 3160.0 oc -702.019592
3160.0 3255.0 n -1284.746216
3255.0 3340.0 f -1171.000732
3340.0 3380.0 ec -470.989532
3380.0 3395.0 r -201.325821
3395.0 3530.0 h -1679.260864
3530.0 3570.0 ac -493.107208
3570.0 3630.0 r -917.961304
3630.0 3670.0 d -562.525085
3670.0 3725.0 @ -576.080566
3725.0 3740.0 ssil -193.545898
3740.0 3755.0 ssil -207.738922 WEGEN
3755.0 3775.0 w -237.514130
3775.0 3975.0 e -2133.471924
3975.0 4070.0 x -1419.627563
4070.0 4115.0 @ -626.033997
4115.0 4160.0 n -610.501099
4160.0 4265.0 ssil -1321.740479
4265.0 4545.0 ssil -3417.254150 EN
4545.0 4580.0 ec -537.970337
4580.0 4595.0 n -216.278763
4595.0 4610.0 ssil -185.685486
4610.0 4625.0 ssil -196.423248 DIE
4625.0 4640.0 d -230.057297
4640.0 4685.0 i -590.995667
4685.0 4700.0 ssil -207.391296
4700.0 4715.0 ssil -222.614212 ZET
4715.0 4785.0 z -1065.223511
4785.0 4860.0 ec -926.971741
4860.0 4880.0 t -280.649536
4880.0 4895.0 ssil -201.139664
4895.0 4910.0 ssil -215.379974 HIJ
4910.0 4970.0 h -807.041870
4970.0 5055.0 ei -1000.434814
5055.0 5070.0 ssil -198.711700
5070.0 5085.0 ssil -173.108932 DIRECT
5085.0 5120.0 d -467.246613
5120.0 5135.0 ac -293.709991
5135.0 5240.0 j -1396.057739
5240.0 5280.0 r -631.193787
5280.0 5405.0 ec -1605.240723
5405.0 5455.0 k -689.473633
5455.0 5515.0 t -889.182068
5515.0 5565.0 ssil -768.793335
5565.0 5635.0 ssil -867.921692 OP
5635.0 5695.0 oc -762.997009
5695.0 5725.0 p -409.970551
5725.0 5740.0 ssil -213.626816
5740.0 5760.0 ssil -284.870605 EEN
5760.0 5810.0 @ -729.069702
5810.0 5860.0 n -588.613098
5860.0 5875.0 ssil -215.169861
5875.0 5890.0 ssil -256.351501 DVD
5890.0 5905.0 d -225.675888
5905.0 6020.0 e -1252.227905
6020.0 6085.0 f -888.869080
6085.0 6115.0 e -458.028595
6115.0 6185.0 d -946.990173
6185.0 6385.0 e -2587.584717
6385.0 6525.0 ssil -1894.842285
.
