#!MLF!#
"/net/aistaff/aki/_same-utterance/wav/06/Groningen_and_Drenthe/3385-1450452022-716769.rec"
0.0 15.0 ssil -156.371170 NA
15.0 105.0 n -806.394897
105.0 120.0 a -180.731522
120.0 370.0 ssil -2997.522217
370.0 520.0 ssil -2274.852783 ZIJN
520.0 615.0 s -1296.722778
615.0 705.0 ei -1071.735962
705.0 720.0 n -220.950073
720.0 735.0 ssil -212.588989
735.0 750.0 ssil -203.776184 REIS
750.0 780.0 r -374.577423
780.0 880.0 ei -1067.144409
880.0 1025.0 s -1753.338989
1025.0 1040.0 ssil -194.805298
1040.0 1070.0 ssil -390.335327 MAAKT
1070.0 1120.0 m -642.629333
1120.0 1180.0 a -791.240112
1180.0 1210.0 k -440.938477
1210.0 1225.0 ssil -213.927063
1225.0 1260.0 ssil -490.531311 HIJ
1260.0 1310.0 h -605.652771
1310.0 1435.0 ei -1253.094971
1435.0 1450.0 ssil -198.533585
1450.0 1465.0 ssil -196.041367 EEN
1465.0 1480.0 @ -195.497894
1480.0 1495.0 ssil -185.535156
1495.0 1510.0 ssil -189.879623 KAART
1510.0 1565.0 k -722.879333
1565.0 1690.0 a -1527.848633
1690.0 1715.0 r -349.972015
1715.0 1735.0 t -290.642883
1735.0 1770.0 ssil -484.158478
1770.0 1785.0 ssil -175.339142 VAN
1785.0 1850.0 v -813.305054
1850.0 1875.0 ac -353.212158
1875.0 1925.0 n -603.715393
1925.0 1940.0 ssil -224.645447
1940.0 1955.0 ssil -236.153732 DE
1955.0 1970.0 d -249.726562
1970.0 1985.0 @ -263.433350
1985.0 2000.0 ssil -235.749588
2000.0 2020.0 ssil -302.108368 ONVERHARDE
2020.0 2130.0 oc -1261.073730
2130.0 2170.0 n -624.705505
2170.0 2220.0 f -703.908997
2220.0 2235.0 ec -232.771317
2235.0 2260.0 r -357.113281
2260.0 2280.0 h -248.815643
2280.0 2330.0 ac -586.432678
2330.0 2365.0 r -431.177032
2365.0 2380.0 d -196.238739
2380.0 2395.0 @ -177.069031
2395.0 2410.0 ssil -187.482971
2410.0 2425.0 ssil -180.919525 WEGEN
2425.0 2440.0 w -158.212952
2440.0 2665.0 e -2379.380615
2665.0 2800.0 gc -1859.762573
2800.0 2875.0 @ -891.798889
2875.0 3090.0 ssil -2406.895752
3090.0 3470.0 ssil -4281.177734 EN
3470.0 3510.0 ec -499.323456
3510.0 3540.0 n -344.062988
3540.0 3555.0 ssil -179.148682
3555.0 3570.0 ssil -190.531998 DIE
3570.0 3585.0 d -216.845276
3585.0 3625.0 i -514.819580
3625.0 3640.0 ssil -219.733932
3640.0 3655.0 ssil -210.811676 ZET
3655.0 3710.0 z -696.455688
3710.0 3730.0 ec -243.080887
3730.0 3750.0 t -260.999023
3750.0 3775.0 ssil -351.694031
3775.0 3790.0 ssil -204.207001 HIJ
3790.0 3805.0 h -192.822922
3805.0 3890.0 ei -965.136353
3890.0 3920.0 ssil -376.195404
3920.0 3950.0 ssil -410.400024 DIRECT
3950.0 3985.0 d -508.851654
3985.0 4000.0 ac -261.255219
4000.0 4030.0 j -399.525452
4030.0 4045.0 r -192.283157
4045.0 4130.0 ec -1063.610840
4130.0 4210.0 k -1163.679321
4210.0 4260.0 ssil -748.233215
4260.0 4325.0 ssil -855.783020 OP
4325.0 4345.0 p -277.340424
4345.0 4365.0 ssil -250.884674
4365.0 4405.0 ssil -513.289429 EEN
4405.0 4435.0 n -366.403076
4435.0 4450.0 ssil -209.804077
4450.0 4465.0 ssil -195.982239 DVD
4465.0 4490.0 d -351.805695
4490.0 4630.0 e -1577.625000
4630.0 4695.0 f -907.004272
4695.0 4710.0 e -217.213684
4710.0 4775.0 d -803.523926
4775.0 4965.0 e -1976.337769
4965.0 5410.0 ssil -5447.940918
.
