#!MLF!#
"/net/aistaff/aki/_same-utterance/wav/06/Groningen_and_Drenthe/3966-1449926532-608859.rec"
0.0 355.0 ssil -3249.016113 NA
355.0 430.0 n -989.795898
430.0 585.0 a -2016.732910
585.0 600.0 ssil -242.919495
600.0 625.0 ssil -393.619659 ZIJN
625.0 685.0 s -835.278625
685.0 850.0 ei -1844.531860
850.0 865.0 n -196.979111
865.0 880.0 ssil -205.997299
880.0 895.0 ssil -213.746140 REIS
895.0 915.0 r -248.083359
915.0 1110.0 ei -2322.056885
1110.0 1290.0 s -2222.922852
1290.0 1335.0 ssil -532.905518
1335.0 1365.0 ssil -380.887177 MAAKT
1365.0 1465.0 m -1291.543945
1465.0 1605.0 a -1771.718750
1605.0 1620.0 k -234.613495
1620.0 1635.0 ssil -206.070374
1635.0 1655.0 ssil -293.408630 HIJ
1655.0 1715.0 h -811.367188
1715.0 1825.0 ei -1333.116211
1825.0 1845.0 ssil -271.281219
1845.0 1860.0 ssil -196.370270 EEN
1860.0 1930.0 @ -779.619507
1930.0 1945.0 ssil -177.479874
1945.0 1960.0 ssil -205.962662 KAART
1960.0 2005.0 k -733.673096
2005.0 2185.0 a -2415.227295
2185.0 2200.0 r -250.320206
2200.0 2215.0 ssil -243.009323
2215.0 2245.0 ssil -439.118378 VAN
2245.0 2355.0 f -1331.944580
2355.0 2385.0 ac -419.031616
2385.0 2445.0 n -710.515442
2445.0 2520.0 ssil -1089.691162
2520.0 2560.0 ssil -502.217896 DE
2560.0 2595.0 d -538.397217
2595.0 2625.0 ssil -531.375549
2625.0 2640.0 ssil -235.082352 ONVERHARDE
2640.0 2655.0 oc -224.217331
2655.0 2790.0 n -1918.138550
2790.0 2855.0 f -938.796326
2855.0 2870.0 ec -253.367462
2870.0 2895.0 r -368.745483
2895.0 2910.0 h -206.159531
2910.0 2975.0 ac -838.344482
2975.0 3055.0 r -1112.374268
3055.0 3085.0 d -435.290161
3085.0 3100.0 @ -191.375458
3100.0 3115.0 ssil -192.836090
3115.0 3130.0 ssil -181.247116 WEGEN
3130.0 3150.0 w -218.276581
3150.0 3375.0 e -2301.141113
3375.0 3495.0 gc -1587.620239
3495.0 3560.0 @ -793.958374
3560.0 3585.0 n -322.379791
3585.0 3880.0 ssil -3481.623047
3880.0 3910.0 ssil -457.739838 EN
3910.0 3965.0 ec -613.990967
3965.0 4025.0 n -678.427979
4025.0 4040.0 ssil -182.394440
4040.0 4055.0 ssil -228.396103 DIE
4055.0 4075.0 d -296.884369
4075.0 4170.0 i -1186.518311
4170.0 4185.0 ssil -235.957062
4185.0 4200.0 ssil -240.283356 ZET
4200.0 4265.0 z -846.458862
4265.0 4345.0 ec -969.582275
4345.0 4385.0 t -575.057617
4385.0 4400.0 ssil -241.713837
4400.0 4415.0 ssil -245.519470 HIJ
4415.0 4430.0 h -219.113693
4430.0 4525.0 ei -1241.199707
4525.0 4540.0 ssil -215.411530
4540.0 4555.0 ssil -216.750549 DIRECT
4555.0 4585.0 d -433.269257
4585.0 4600.0 ac -249.954041
4600.0 4665.0 j -746.648193
4665.0 4690.0 r -375.600891
4690.0 4800.0 ec -1535.762695
4800.0 4850.0 k -749.595093
4850.0 4890.0 t -640.796204
4890.0 4945.0 ssil -760.402283
4945.0 5000.0 ssil -687.547913 OP
5000.0 5065.0 oc -835.957092
5065.0 5080.0 p -241.950104
5080.0 5095.0 ssil -228.484909
5095.0 5110.0 ssil -205.837540 EEN
5110.0 5160.0 @ -620.138123
5160.0 5200.0 n -468.810181
5200.0 5215.0 ssil -197.521667
5215.0 5230.0 ssil -222.731750 DVD
5230.0 5255.0 d -337.544708
5255.0 5395.0 e -1538.518311
5395.0 5450.0 f -750.008118
5450.0 5485.0 e -475.861908
5485.0 5580.0 d -1225.510986
5580.0 5840.0 e -2861.871338
5840.0 6360.0 ssil -5961.710449
.
