#!MLF!#
"/net/aistaff/aki/_same-utterance/wav/06/Groningen_and_Drenthe/4616-1450896875-770554.rec"
0.0 970.0 ssil -10606.367188 NA
970.0 1035.0 n -939.501709
1035.0 1210.0 a -2300.010010
1210.0 1225.0 ssil -257.437500
1225.0 1240.0 ssil -250.504745 ZIJN
1240.0 1295.0 z -910.579834
1295.0 1455.0 ei -1893.200195
1455.0 1470.0 n -230.466110
1470.0 1485.0 ssil -220.215378
1485.0 1500.0 ssil -205.395508 REIS
1500.0 1515.0 r -185.097778
1515.0 1690.0 ei -1997.981323
1690.0 1770.0 s -1072.806030
1770.0 1785.0 ssil -202.328186
1785.0 1805.0 ssil -278.273499 MAAKT
1805.0 1855.0 m -660.291748
1855.0 1960.0 a -1104.146606
1960.0 1985.0 k -352.810089
1985.0 2075.0 t -1184.191162
2075.0 2090.0 ssil -209.369476
2090.0 2105.0 ssil -227.504684 HIJ
2105.0 2125.0 h -261.799652
2125.0 2205.0 ei -837.718201
2205.0 2220.0 ssil -176.367157
2220.0 2235.0 ssil -178.212799 EEN
2235.0 2280.0 @ -507.521210
2280.0 2320.0 ssil -526.074829
2320.0 2360.0 ssil -525.494080 KAART
2360.0 2415.0 k -827.257812
2415.0 2450.0 a -506.162720
2450.0 2600.0 r -2212.388672
2600.0 2620.0 t -315.977356
2620.0 2670.0 ssil -782.282349
2670.0 2685.0 ssil -200.846878 VAN
2685.0 2745.0 f -763.389771
2745.0 2780.0 ac -439.187256
2780.0 2835.0 n -668.112000
2835.0 2875.0 ssil -596.708130
2875.0 2920.0 ssil -688.349365 DE
2920.0 2935.0 d -229.897110
2935.0 2950.0 ssil -217.033112
2950.0 2965.0 ssil -214.743195 ONVERHARDE
2965.0 3060.0 oc -1165.841431
3060.0 3125.0 n -955.529602
3125.0 3200.0 f -1199.945312
3200.0 3225.0 ec -389.851715
3225.0 3255.0 r -422.935760
3255.0 3270.0 h -228.129639
3270.0 3285.0 ac -216.079681
3285.0 3380.0 r -1382.601196
3380.0 3405.0 d -381.655792
3405.0 3435.0 @ -436.942291
3435.0 3450.0 ssil -211.787796
3450.0 3465.0 ssil -191.654999 WEGEN
3465.0 3525.0 w -781.484924
3525.0 3710.0 e -2060.352783
3710.0 3800.0 gc -1401.819702
3800.0 3960.0 @ -1911.507935
3960.0 4135.0 ssil -2206.418213
4135.0 4280.0 ssil -1887.862183 EN
4280.0 4355.0 ec -876.177612
4355.0 4395.0 n -431.156097
4395.0 4410.0 ssil -207.636780
4410.0 4425.0 ssil -222.413025 DIE
4425.0 4440.0 d -215.127579
4440.0 4480.0 i -518.020264
4480.0 4495.0 ssil -267.717743
4495.0 4510.0 ssil -281.671570 ZET
4510.0 4590.0 z -1259.577026
4590.0 4660.0 ec -944.832397
4660.0 4675.0 t -225.947769
4675.0 4725.0 ssil -672.640015
4725.0 4745.0 ssil -292.475494 HIJ
4745.0 4785.0 h -533.763184
4785.0 4890.0 ei -1080.132690
4890.0 4905.0 ssil -197.829865
4905.0 4920.0 ssil -202.771255 DIRECT
4920.0 4955.0 d -561.636353
4955.0 4970.0 ac -272.597961
4970.0 5005.0 j -519.107483
5005.0 5055.0 r -859.004211
5055.0 5185.0 ec -1709.088867
5185.0 5205.0 k -321.951874
5205.0 5270.0 ssil -1143.411499
5270.0 5285.0 ssil -236.055771 OP
5285.0 5330.0 oc -611.981750
5330.0 5400.0 p -937.272522
5400.0 5425.0 ssil -375.130005
5425.0 5440.0 ssil -216.528580 EEN
5440.0 5485.0 n -504.985870
5485.0 5500.0 ssil -208.444702
5500.0 5515.0 ssil -235.193481 DVD
5515.0 5540.0 d -357.265961
5540.0 5670.0 e -1612.698120
5670.0 5710.0 f -701.148987
5710.0 5775.0 e -1052.052002
5775.0 5810.0 d -542.555054
5810.0 6025.0 e -2661.613037
6025.0 6455.0 ssil -5110.516602
.
