#!MLF!#
"/net/aistaff/aki/_same-utterance/wav/06/Groningen_and_Drenthe/4725-1451144171-786729.rec"
0.0 440.0 ssil -5438.913574 NA
440.0 510.0 n -849.168457
510.0 660.0 a -1878.394531
660.0 685.0 ssil -368.799530
685.0 730.0 ssil -597.378235 ZIJN
730.0 755.0 s -406.794739
755.0 935.0 ei -2083.021484
935.0 950.0 n -248.409836
950.0 965.0 ssil -220.687408
965.0 980.0 ssil -217.023697 REIS
980.0 995.0 r -215.891571
995.0 1185.0 ei -2272.046143
1185.0 1265.0 s -1218.896484
1265.0 1280.0 ssil -193.212067
1280.0 1310.0 ssil -403.950684 MAAKT
1310.0 1375.0 m -795.696472
1375.0 1560.0 a -2144.451904
1560.0 1585.0 k -385.356232
1585.0 1615.0 ssil -457.930450
1615.0 1630.0 ssil -226.216217 HIJ
1630.0 1755.0 h -1506.459351
1755.0 1910.0 ei -1905.865479
1910.0 1925.0 ssil -206.100540
1925.0 1940.0 ssil -184.927521 EEN
1940.0 1975.0 n -437.207703
1975.0 1990.0 ssil -195.823608
1990.0 2015.0 ssil -308.649017 KAART
2015.0 2085.0 k -1002.950623
2085.0 2265.0 a -2009.964478
2265.0 2315.0 r -679.476929
2315.0 2330.0 ssil -221.933441
2330.0 2370.0 ssil -509.210052 VAN
2370.0 2415.0 f -541.044495
2415.0 2430.0 ac -229.202896
2430.0 2485.0 n -641.259094
2485.0 2500.0 ssil -232.420059
2500.0 2515.0 ssil -255.333939 DE
2515.0 2530.0 d -237.594406
2530.0 2580.0 @ -669.065247
2580.0 2595.0 ssil -214.129807
2595.0 2610.0 ssil -205.788864 ONVERHARDE
2610.0 2755.0 oc -1742.017334
2755.0 2800.0 n -571.113464
2800.0 2815.0 ec -206.900681
2815.0 2890.0 r -975.777954
2890.0 2915.0 h -280.530762
2915.0 3025.0 ac -1302.014038
3025.0 3140.0 r -1551.613647
3140.0 3155.0 d -207.826401
3155.0 3230.0 @ -857.695312
3230.0 3245.0 ssil -185.436264
3245.0 3260.0 ssil -191.643005 WEGEN
3260.0 3290.0 w -408.468506
3290.0 3530.0 e -2754.012939
3530.0 3600.0 gc -919.142029
3600.0 3640.0 @ -523.978943
3640.0 3670.0 ssil -379.264221
3670.0 3835.0 ssil -2007.712036 EN
3835.0 3880.0 ec -622.035828
3880.0 3920.0 n -494.738983
3920.0 3935.0 ssil -213.229187
3935.0 3950.0 ssil -238.885223 DIE
3950.0 3965.0 d -228.265915
3965.0 4075.0 i -1393.023071
4075.0 4090.0 ssil -221.562820
4090.0 4105.0 ssil -214.415924 ZET
4105.0 4145.0 z -605.192505
4145.0 4205.0 ec -776.853088
4205.0 4230.0 t -374.570160
4230.0 4250.0 ssil -292.828217
4250.0 4265.0 ssil -228.721100 HIJ
4265.0 4280.0 h -224.589417
4280.0 4370.0 ei -1115.443726
4370.0 4385.0 ssil -252.421768
4385.0 4400.0 ssil -238.372070 DIRECT
4400.0 4415.0 d -208.607666
4415.0 4430.0 ac -229.668808
4430.0 4530.0 j -1514.629517
4530.0 4565.0 r -484.148590
4565.0 4715.0 ec -1916.035156
4715.0 4730.0 k -254.224808
4730.0 4785.0 t -785.458008
4785.0 4840.0 ssil -800.510620
4840.0 4875.0 ssil -447.488586 OP
4875.0 4890.0 p -228.361008
4890.0 4905.0 ssil -225.254074
4905.0 4920.0 ssil -225.201187 EEN
4920.0 4950.0 @ -427.335907
4950.0 5005.0 n -630.091797
5005.0 5020.0 ssil -197.618790
5020.0 5035.0 ssil -222.090088 DVD
5035.0 5050.0 d -209.860046
5050.0 5240.0 e -2118.931885
5240.0 5270.0 f -427.217072
5270.0 5360.0 e -1149.264160
5360.0 5380.0 d -268.903809
5380.0 5610.0 e -2733.435547
5610.0 6410.0 ssil -9328.359375
.
