#!MLF!#
"/net/aistaff/aki/_same-utterance/wav/06/Groningen_and_Drenthe/4923-1453397707-915603.rec"
0.0 720.0 ssil -8010.944824 NA
720.0 810.0 n -1009.573547
810.0 960.0 a -1730.059937
960.0 975.0 ssil -220.307800
975.0 990.0 ssil -219.732697 ZIJN
990.0 1035.0 z -621.082947
1035.0 1150.0 ei -1071.213745
1150.0 1165.0 n -230.787781
1165.0 1180.0 ssil -225.314392
1180.0 1195.0 ssil -222.970947 REIS
1195.0 1210.0 r -209.516266
1210.0 1420.0 ei -2092.810303
1420.0 1490.0 s -1039.602295
1490.0 1505.0 ssil -181.851837
1505.0 1530.0 ssil -318.903290 MAAKT
1530.0 1610.0 m -1018.275146
1610.0 1725.0 a -1352.753052
1725.0 1760.0 k -558.505310
1760.0 1795.0 t -473.678986
1795.0 1810.0 ssil -214.722855
1810.0 1825.0 ssil -189.247498 HIJ
1825.0 1840.0 h -178.712112
1840.0 2025.0 ei -2056.471191
2025.0 2040.0 ssil -172.187851
2040.0 2065.0 ssil -311.643097 EEN
2065.0 2175.0 n -1369.091309
2175.0 2235.0 ssil -789.502686
2235.0 2290.0 ssil -736.919128 KAART
2290.0 2345.0 k -763.027039
2345.0 2580.0 a -2905.488525
2580.0 2595.0 r -243.454041
2595.0 2675.0 t -1086.192993
2675.0 2710.0 ssil -455.630768
2710.0 2725.0 ssil -204.243149 VAN
2725.0 2840.0 f -1373.641602
2840.0 2920.0 ac -968.756897
2920.0 2945.0 n -286.883514
2945.0 2960.0 ssil -190.470886
2960.0 2975.0 ssil -211.644577 DE
2975.0 2990.0 d -209.788528
2990.0 3075.0 @ -1084.258789
3075.0 3125.0 ssil -628.570374
3125.0 3160.0 ssil -462.411682 ONVERHARDE
3160.0 3220.0 oc -846.135742
3220.0 3330.0 n -1362.982300
3330.0 3395.0 f -868.919128
3395.0 3430.0 ec -445.168304
3430.0 3455.0 r -353.222748
3455.0 3540.0 h -1155.092529
3540.0 3595.0 ac -742.057861
3595.0 3620.0 r -380.917755
3620.0 3635.0 d -206.529343
3635.0 3685.0 @ -528.480591
3685.0 3700.0 ssil -184.327896
3700.0 3715.0 ssil -176.717239 WEGEN
3715.0 3745.0 w -310.395813
3745.0 3930.0 e -1798.231812
3930.0 4010.0 gc -1141.746094
4010.0 4150.0 @ -1563.351196
4150.0 4450.0 ssil -3420.400879
4450.0 4515.0 ssil -819.080933 EN
4515.0 4575.0 ec -719.694641
4575.0 4615.0 n -476.072540
4615.0 4630.0 ssil -228.985138
4630.0 4645.0 ssil -258.442841 DIE
4645.0 4660.0 d -220.564911
4660.0 4725.0 i -685.248596
4725.0 4740.0 ssil -205.153366
4740.0 4755.0 ssil -208.218613 ZET
4755.0 4840.0 z -1026.978638
4840.0 4920.0 ec -824.595825
4920.0 4935.0 t -212.792877
4935.0 4975.0 ssil -519.592346
4975.0 4995.0 ssil -246.828033 HIJ
4995.0 5035.0 h -480.259094
5035.0 5265.0 ei -2577.718506
5265.0 5280.0 ssil -181.133926
5280.0 5325.0 ssil -536.410706 DIRECT
5325.0 5380.0 d -812.030884
5380.0 5395.0 ac -260.194305
5395.0 5520.0 j -1420.256592
5520.0 5540.0 r -272.247894
5540.0 5735.0 ec -2180.883301
5735.0 5750.0 k -235.349243
5750.0 5805.0 t -799.419617
5805.0 5840.0 ssil -438.711090
5840.0 5985.0 ssil -1726.906616 OP
5985.0 6090.0 oc -1465.729370
6090.0 6120.0 p -435.225708
6120.0 6135.0 ssil -237.569656
6135.0 6150.0 ssil -246.385880 EEN
6150.0 6195.0 n -567.440247
6195.0 6210.0 ssil -215.997604
6210.0 6225.0 ssil -266.496185 DVD
6225.0 6245.0 d -276.621735
6245.0 6395.0 e -1595.896606
6395.0 6435.0 f -527.667480
6435.0 6535.0 e -1242.016235
6535.0 6565.0 d -428.831512
6565.0 6720.0 e -1747.513916
6720.0 7405.0 ssil -7625.317383
.
