#!MLF!#
"/net/aistaff/aki/_same-utterance/wav/06/Groningen_and_Drenthe/6225-1454062596-1072162.rec"
0.0 900.0 ssil -10759.565430 NA
900.0 965.0 n -802.059082
965.0 1110.0 a -1740.179565
1110.0 1125.0 ssil -233.511642
1125.0 1140.0 ssil -226.571259 ZIJN
1140.0 1220.0 z -1052.593140
1220.0 1280.0 ei -708.364929
1280.0 1295.0 n -219.153473
1295.0 1310.0 ssil -229.133728
1310.0 1325.0 ssil -242.026779 REIS
1325.0 1365.0 r -549.316711
1365.0 1555.0 ei -2397.581299
1555.0 1625.0 s -964.779541
1625.0 1660.0 ssil -595.635681
1660.0 1685.0 ssil -349.500458 MAAKT
1685.0 1735.0 m -624.709229
1735.0 1845.0 a -1350.797852
1845.0 1860.0 k -255.802826
1860.0 1895.0 t -490.578094
1895.0 1910.0 ssil -194.546539
1910.0 1925.0 ssil -194.557236 HIJ
1925.0 1940.0 h -189.580612
1940.0 2120.0 ei -1726.204102
2120.0 2135.0 ssil -189.381348
2135.0 2150.0 ssil -187.553207 EEN
2150.0 2190.0 n -508.267487
2190.0 2205.0 ssil -200.092072
2205.0 2220.0 ssil -186.127747 KAART
2220.0 2285.0 k -889.806580
2285.0 2455.0 a -2067.962402
2455.0 2480.0 r -367.144440
2480.0 2505.0 ssil -313.313232
2505.0 2550.0 ssil -679.444092 VAN
2550.0 2650.0 f -1158.376953
2650.0 2715.0 ac -811.138550
2715.0 2760.0 n -477.124268
2760.0 2775.0 ssil -184.076416
2775.0 2790.0 ssil -184.855148 DE
2790.0 2810.0 d -272.109161
2810.0 2825.0 ssil -229.532654
2825.0 2840.0 ssil -227.204697 ONVERHARDE
2840.0 2955.0 oc -1440.543335
2955.0 3020.0 n -842.505798
3020.0 3050.0 f -399.497650
3050.0 3065.0 ec -201.299362
3065.0 3140.0 r -1099.437134
3140.0 3155.0 h -208.405701
3155.0 3230.0 ac -826.400269
3230.0 3305.0 r -995.018188
3305.0 3320.0 d -217.667801
3320.0 3335.0 @ -193.896545
3335.0 3350.0 ssil -208.037308
3350.0 3365.0 ssil -218.291214 WEGEN
3365.0 3385.0 w -274.823456
3385.0 3735.0 e -3644.002197
3735.0 3750.0 gc -208.049530
3750.0 3805.0 ssil -697.304932
3805.0 3840.0 ssil -514.829895 EN
3840.0 4080.0 ec -3105.467285
4080.0 4155.0 n -789.418884
4155.0 4170.0 ssil -208.605148
4170.0 4185.0 ssil -221.425415 DIE
4185.0 4200.0 d -216.548630
4200.0 4285.0 i -1004.449158
4285.0 4300.0 ssil -208.067062
4300.0 4315.0 ssil -211.342041 ZET
4315.0 4370.0 z -749.938049
4370.0 4485.0 ec -1358.515137
4485.0 4510.0 t -337.694580
4510.0 4525.0 ssil -202.035431
4525.0 4540.0 ssil -207.002823 HIJ
4540.0 4560.0 h -266.717651
4560.0 4655.0 ei -1049.975830
4655.0 4675.0 ssil -239.333542
4675.0 4690.0 ssil -184.635757 DIRECT
4690.0 4705.0 d -202.433685
4705.0 4720.0 ac -240.497040
4720.0 4815.0 j -1073.113770
4815.0 4850.0 r -510.907745
4850.0 4975.0 ec -1502.180664
4975.0 5000.0 k -363.003754
5000.0 5135.0 t -1957.634033
5135.0 5155.0 ssil -315.346283
5155.0 5170.0 ssil -225.621765 OP
5170.0 5260.0 oc -1226.757690
5260.0 5275.0 p -225.139084
5275.0 5290.0 ssil -216.648636
5290.0 5305.0 ssil -236.531631 EEN
5305.0 5330.0 @ -352.631439
5330.0 5380.0 n -567.117798
5380.0 5395.0 ssil -200.193314
5395.0 5410.0 ssil -217.154434 DVD
5410.0 5430.0 d -277.478973
5430.0 5570.0 ic -1648.924683
5570.0 5625.0 f -750.538574
5625.0 5720.0 e -1244.605591
5720.0 5790.0 d -1006.861572
5790.0 5920.0 e -1428.293457
5920.0 6340.0 ssil -5284.357910
.
