#!MLF!#
"/net/aistaff/aki/_same-utterance/wav/06/Groningen_and_Drenthe/7039-1454586794-1322738.rec"
0.0 560.0 ssil -6631.443848 NA
560.0 680.0 n -1314.042236
680.0 830.0 a -1791.600464
830.0 845.0 ssil -245.191193
845.0 860.0 ssil -233.061005 ZIJN
860.0 975.0 z -1496.616333
975.0 1045.0 ei -797.371582
1045.0 1105.0 n -671.155273
1105.0 1120.0 ssil -188.367188
1120.0 1135.0 ssil -200.924957 REIS
1135.0 1220.0 r -1179.113525
1220.0 1435.0 ei -2544.431152
1435.0 1550.0 s -1548.549194
1550.0 1565.0 ssil -216.107590
1565.0 1585.0 ssil -272.666565 MAAKT
1585.0 1645.0 m -825.041748
1645.0 1780.0 a -1891.570068
1780.0 1835.0 k -825.035522
1835.0 1850.0 ssil -208.366089
1850.0 1865.0 ssil -202.786087 HIJ
1865.0 1970.0 h -1272.668335
1970.0 2080.0 ei -1121.246338
2080.0 2095.0 ssil -186.923660
2095.0 2110.0 ssil -209.216507 EEN
2110.0 2135.0 n -306.639282
2135.0 2160.0 ssil -281.013977
2160.0 2175.0 ssil -174.248230 KAART
2175.0 2240.0 k -966.581299
2240.0 2400.0 a -1961.592041
2400.0 2415.0 r -246.927216
2415.0 2445.0 t -481.109222
2445.0 2475.0 ssil -420.798431
2475.0 2500.0 ssil -367.584381 VAN
2500.0 2555.0 f -791.381409
2555.0 2595.0 ac -567.965820
2595.0 2610.0 n -203.129578
2610.0 2625.0 ssil -204.603638
2625.0 2640.0 ssil -230.031403 DE
2640.0 2655.0 d -241.944855
2655.0 2745.0 @ -1235.155518
2745.0 2760.0 ssil -170.896317
2760.0 2780.0 ssil -241.697189 ONVERHARDE
2780.0 2880.0 oc -1199.025269
2880.0 2980.0 n -1481.076904
2980.0 3010.0 f -428.538239
3010.0 3025.0 ec -273.425415
3025.0 3065.0 r -623.873169
3065.0 3210.0 h -1733.045044
3210.0 3235.0 ac -317.414948
3235.0 3285.0 r -618.388062
3285.0 3355.0 d -822.299927
3355.0 3400.0 @ -530.570496
3400.0 3415.0 ssil -195.244446
3415.0 3430.0 ssil -185.215134 WEGEN
3430.0 3450.0 w -247.001968
3450.0 3625.0 e -1912.468384
3625.0 3715.0 gc -1356.581665
3715.0 3825.0 n -1263.049438
3825.0 3870.0 ssil -552.219910
3870.0 4100.0 ssil -2815.463379 EN
4100.0 4135.0 ec -497.025940
4135.0 4170.0 n -446.791260
4170.0 4185.0 ssil -210.323624
4185.0 4200.0 ssil -200.028198 DIE
4200.0 4240.0 d -586.277344
4240.0 4330.0 i -1031.780151
4330.0 4345.0 ssil -216.367004
4345.0 4360.0 ssil -218.327576 ZET
4360.0 4470.0 z -1354.507568
4470.0 4555.0 ec -1001.268799
4555.0 4615.0 t -847.054749
4615.0 4630.0 ssil -206.336853
4630.0 4660.0 ssil -413.681427 HIJ
4660.0 4755.0 h -1247.558228
4755.0 4815.0 ei -822.195312
4815.0 4835.0 ssil -243.451736
4835.0 4850.0 ssil -189.723267 DIRECT
4850.0 4885.0 d -472.057556
4885.0 4905.0 ac -333.613159
4905.0 5045.0 j -1673.078491
5045.0 5085.0 r -546.459778
5085.0 5240.0 ec -1969.824585
5240.0 5255.0 k -219.780304
5255.0 5300.0 t -689.267700
5300.0 5315.0 ssil -225.243729
5315.0 5330.0 ssil -199.827896 OP
5330.0 5375.0 oc -573.444641
5375.0 5430.0 p -761.825317
5430.0 5445.0 ssil -215.567261
5445.0 5460.0 ssil -193.300018 EEN
5460.0 5505.0 n -499.457092
5505.0 5520.0 ssil -193.159195
5520.0 5535.0 ssil -205.681747 DVD
5535.0 5565.0 d -411.209503
5565.0 5710.0 e -1681.205811
5710.0 5805.0 f -1244.826660
5805.0 5865.0 e -755.541077
5865.0 5930.0 d -896.317993
5930.0 6130.0 e -2488.489990
6130.0 6710.0 ssil -6837.675781
.
