#!MLF!#
"/net/aistaff/aki/_same-utterance/wav/06/Groningen_and_Drenthe/7140-1454517988-1291926.rec"
0.0 780.0 ssil -10008.413086 NA
780.0 835.0 n -744.639343
835.0 965.0 a -1499.019531
965.0 980.0 ssil -234.828659
980.0 995.0 ssil -231.269669 ZIJN
995.0 1085.0 s -1174.106567
1085.0 1220.0 ei -1444.516846
1220.0 1235.0 n -225.154617
1235.0 1250.0 ssil -240.294968
1250.0 1265.0 ssil -237.227264 REIS
1265.0 1290.0 r -337.623199
1290.0 1595.0 ei -3400.623291
1595.0 1790.0 s -2473.548584
1790.0 2050.0 ssil -3108.839355
2050.0 2070.0 ssil -320.446808 MAAKT
2070.0 2115.0 m -587.620789
2115.0 2225.0 a -1380.659912
2225.0 2250.0 k -387.151276
2250.0 2295.0 ssil -580.555359
2295.0 2325.0 ssil -420.316528 HIJ
2325.0 2365.0 h -555.562256
2365.0 2545.0 ei -2053.350830
2545.0 2560.0 ssil -206.940796
2560.0 2575.0 ssil -205.139923 EEN
2575.0 2595.0 @ -249.942444
2595.0 2610.0 ssil -204.714981
2610.0 2625.0 ssil -247.276840 KAART
2625.0 2675.0 k -721.690857
2675.0 2965.0 a -3396.050049
2965.0 2990.0 r -356.095245
2990.0 3070.0 t -1125.624756
3070.0 3085.0 ssil -194.072723
3085.0 3130.0 ssil -536.960693 VAN
3130.0 3165.0 f -480.945160
3165.0 3205.0 ac -470.720917
3205.0 3220.0 n -211.266739
3220.0 3235.0 ssil -195.025192
3235.0 3250.0 ssil -213.603363 DE
3250.0 3265.0 d -230.722321
3265.0 3280.0 ssil -218.210342
3280.0 3295.0 ssil -224.430511 ONVERHARDE
3295.0 3470.0 oc -2329.740234
3470.0 3560.0 n -1228.428711
3560.0 3645.0 f -1185.671021
3645.0 3660.0 ec -238.442947
3660.0 3705.0 r -631.595459
3705.0 3775.0 h -830.056274
3775.0 3790.0 ac -190.483566
3790.0 3880.0 r -1178.864868
3880.0 3905.0 d -397.926636
3905.0 3960.0 @ -678.813171
3960.0 3975.0 ssil -183.655899
3975.0 3995.0 ssil -232.622757 WEGEN
3995.0 4015.0 w -230.915298
4015.0 4220.0 e -2193.221924
4220.0 4330.0 gc -1421.942871
4330.0 4430.0 @ -1199.410400
4430.0 4480.0 ssil -655.622253
4480.0 4750.0 ssil -3125.656250 EN
4750.0 4770.0 n -276.193695
4770.0 4795.0 ssil -332.567566
4795.0 4810.0 ssil -214.667068 DIE
4810.0 4860.0 d -699.190674
4860.0 4940.0 i -1063.755249
4940.0 4955.0 ssil -215.206482
4955.0 4970.0 ssil -209.037643 ZET
4970.0 5030.0 z -842.342407
5030.0 5160.0 ec -1569.947144
5160.0 5175.0 t -266.729980
5175.0 5195.0 ssil -295.252350
5195.0 5210.0 ssil -203.231293 HIJ
5210.0 5235.0 h -319.533112
5235.0 5320.0 ei -1067.059814
5320.0 5335.0 ssil -203.389221
5335.0 5350.0 ssil -203.535034 DIRECT
5350.0 5365.0 d -198.628220
5365.0 5380.0 ac -260.326172
5380.0 5435.0 j -605.371521
5435.0 5470.0 r -545.078674
5470.0 5640.0 ec -2137.971436
5640.0 5655.0 k -262.096283
5655.0 5695.0 t -585.509155
5695.0 5725.0 ssil -448.144806
5725.0 5750.0 ssil -355.104187 OP
5750.0 5790.0 oc -519.052795
5790.0 5805.0 p -246.813690
5805.0 5820.0 ssil -206.474411
5820.0 5835.0 ssil -209.441208 EEN
5835.0 5860.0 @ -327.377838
5860.0 5920.0 n -661.572449
5920.0 5935.0 ssil -227.227966
5935.0 5950.0 ssil -283.571198 DVD
5950.0 5970.0 d -316.521332
5970.0 6105.0 e -1457.572144
6105.0 6120.0 f -213.121460
6120.0 6225.0 e -1365.345459
6225.0 6290.0 d -984.136536
6290.0 6325.0 e -457.008057
6325.0 6340.0 ssil -189.942810
.
