#!MLF!#
"/net/aistaff/aki/_same-utterance/wav/06/Groningen_and_Drenthe/7470-1455010561-1400167.rec"
0.0 745.0 ssil -9015.433594 NA
745.0 780.0 n -505.655518
780.0 905.0 a -1426.059937
905.0 920.0 ssil -245.637894
920.0 935.0 ssil -233.280243 ZIJN
935.0 1005.0 z -1019.779419
1005.0 1080.0 ei -739.596313
1080.0 1095.0 n -193.127167
1095.0 1110.0 ssil -191.271423
1110.0 1125.0 ssil -202.406616 REIS
1125.0 1175.0 r -691.373474
1175.0 1360.0 ei -2080.001953
1360.0 1435.0 s -1261.725952
1435.0 1450.0 ssil -226.545639
1450.0 1470.0 ssil -307.428101 MAAKT
1470.0 1500.0 m -452.724213
1500.0 1585.0 a -1051.842529
1585.0 1610.0 k -383.751556
1610.0 1640.0 t -457.803833
1640.0 1655.0 ssil -239.934265
1655.0 1670.0 ssil -215.779800 HIJ
1670.0 1695.0 h -315.519409
1695.0 1795.0 ei -966.533875
1795.0 1810.0 ssil -216.034805
1810.0 1825.0 ssil -191.788055 EEN
1825.0 1865.0 n -472.832764
1865.0 1885.0 ssil -219.377457
1885.0 1900.0 ssil -175.460938 KAART
1900.0 1955.0 k -774.466248
1955.0 2110.0 a -1695.844116
2110.0 2140.0 r -428.587799
2140.0 2180.0 t -583.498230
2180.0 2195.0 ssil -201.870148
2195.0 2220.0 ssil -310.897888 VAN
2220.0 2255.0 v -446.986328
2255.0 2285.0 ac -442.253998
2285.0 2310.0 n -351.654846
2310.0 2325.0 ssil -205.742798
2325.0 2340.0 ssil -226.685852 DE
2340.0 2355.0 d -232.143890
2355.0 2415.0 @ -862.750977
2415.0 2430.0 ssil -204.618469
2430.0 2445.0 ssil -240.290771 ONVERHARDE
2445.0 2515.0 oc -927.206055
2515.0 2600.0 n -1156.420166
2600.0 2690.0 f -1219.147339
2690.0 2710.0 ec -308.736725
2710.0 2760.0 r -630.641602
2760.0 2815.0 h -669.441956
2815.0 2830.0 ac -207.679779
2830.0 2940.0 r -1408.015137
2940.0 2970.0 d -417.562378
2970.0 2995.0 @ -294.323029
2995.0 3010.0 ssil -167.033783
3010.0 3025.0 ssil -182.546463 WEGEN
3025.0 3065.0 w -479.467590
3065.0 3300.0 e -2409.070068
3300.0 3385.0 x -1219.885010
3385.0 3435.0 @ -630.936951
3435.0 3495.0 n -719.221619
3495.0 3510.0 ssil -227.608963
3510.0 3525.0 ssil -216.986801 EN
3525.0 3580.0 ec -625.919800
3580.0 3675.0 n -1049.454346
3675.0 3690.0 ssil -213.881882
3690.0 3705.0 ssil -242.922470 DIE
3705.0 3720.0 d -225.279266
3720.0 3805.0 i -1021.768982
3805.0 3820.0 ssil -196.924545
3820.0 3835.0 ssil -210.694824 ZET
3835.0 3935.0 z -1398.839722
3935.0 4005.0 ec -857.684753
4005.0 4020.0 t -235.270950
4020.0 4040.0 ssil -311.091095
4040.0 4065.0 ssil -354.547119 HIJ
4065.0 4100.0 h -435.759064
4100.0 4180.0 ei -838.885071
4180.0 4195.0 ssil -236.625381
4195.0 4210.0 ssil -222.977310 DIRECT
4210.0 4225.0 d -222.164551
4225.0 4260.0 ac -536.382202
4260.0 4355.0 j -1156.456787
4355.0 4395.0 r -588.153870
4395.0 4515.0 ec -1496.344116
4515.0 4540.0 k -399.435547
4540.0 4555.0 t -226.940033
4555.0 4600.0 ssil -616.749756
4600.0 4625.0 ssil -395.820374 OP
4625.0 4720.0 oc -1328.178711
4720.0 4755.0 p -481.850586
4755.0 4775.0 ssil -290.200195
4775.0 4790.0 ssil -204.352295 EEN
4790.0 4825.0 n -381.901733
4825.0 4840.0 ssil -183.072250
4840.0 4855.0 ssil -201.256073 DVD
4855.0 4900.0 d -635.485046
4900.0 5050.0 e -1575.295410
5050.0 5110.0 f -747.606018
5110.0 5145.0 e -431.710388
5145.0 5215.0 d -1037.061157
5215.0 5395.0 e -2026.253662
5395.0 5665.0 ssil -3269.302979
.
