#!MLF!#
"/net/aistaff/aki/_same-utterance/wav/06/Groningen_and_Drenthe/8404-1458300898-1677744.rec"
0.0 935.0 ssil -11193.262695 NA
935.0 1005.0 n -1002.034241
1005.0 1125.0 a -1537.976562
1125.0 1145.0 ssil -319.229645
1145.0 1160.0 ssil -246.590439 ZIJN
1160.0 1210.0 z -744.866760
1210.0 1320.0 ei -1222.270386
1320.0 1335.0 n -222.368790
1335.0 1350.0 ssil -216.044968
1350.0 1365.0 ssil -209.901733 REIS
1365.0 1380.0 r -199.219406
1380.0 1560.0 ei -1863.953613
1560.0 1655.0 s -1252.788208
1655.0 1685.0 ssil -408.385193
1685.0 1700.0 ssil -193.195496 MAAKT
1700.0 1725.0 m -362.289001
1725.0 1850.0 a -1545.754150
1850.0 1865.0 k -215.969193
1865.0 1880.0 ssil -212.393219
1880.0 1895.0 ssil -221.373871 HIJ
1895.0 1940.0 h -591.070557
1940.0 2040.0 ei -1172.061401
2040.0 2055.0 ssil -191.040955
2055.0 2070.0 ssil -189.159698 EEN
2070.0 2095.0 @ -337.361420
2095.0 2115.0 ssil -252.053665
2115.0 2140.0 ssil -353.106873 KAART
2140.0 2190.0 k -739.333435
2190.0 2405.0 a -2661.112061
2405.0 2420.0 r -233.193024
2420.0 2445.0 t -372.681854
2445.0 2460.0 ssil -178.403519
2460.0 2500.0 ssil -467.598419 VAN
2500.0 2540.0 f -493.596527
2540.0 2585.0 ac -584.254211
2585.0 2600.0 n -200.479202
2600.0 2615.0 ssil -204.436081
2615.0 2630.0 ssil -240.588791 DE
2630.0 2645.0 d -228.299042
2645.0 2660.0 ssil -231.702759
2660.0 2675.0 ssil -221.934845 ONVERHARDE
2675.0 2790.0 oc -1441.694946
2790.0 2850.0 n -859.403809
2850.0 2870.0 ec -285.693085
2870.0 2920.0 r -683.494995
2920.0 2940.0 h -301.050385
2940.0 2990.0 ac -609.155762
2990.0 3155.0 r -2014.902466
3155.0 3170.0 d -230.946503
3170.0 3200.0 @ -423.543915
3200.0 3215.0 ssil -190.893494
3215.0 3230.0 ssil -193.129990 WEGEN
3230.0 3280.0 w -621.166321
3280.0 3460.0 e -2053.171875
3460.0 3530.0 gc -980.257751
3530.0 3620.0 @ -1135.818237
3620.0 3655.0 ssil -468.777466
3655.0 3995.0 ssil -4193.140625 EN
3995.0 4045.0 ec -637.748962
4045.0 4065.0 n -252.621231
4065.0 4080.0 ssil -202.300064
4080.0 4095.0 ssil -219.025833 DIE
4095.0 4110.0 d -220.213257
4110.0 4135.0 i -306.036438
4135.0 4150.0 ssil -220.357574
4150.0 4165.0 ssil -234.033920 ZET
4165.0 4240.0 z -954.246948
4240.0 4300.0 ec -792.679932
4300.0 4325.0 t -365.787689
4325.0 4340.0 ssil -212.262680
4340.0 4355.0 ssil -207.763687 HIJ
4355.0 4375.0 h -242.809448
4375.0 4460.0 ei -983.385925
4460.0 4475.0 ssil -208.948135
4475.0 4490.0 ssil -197.126770 DIRECT
4490.0 4505.0 d -192.069336
4505.0 4520.0 ac -247.471054
4520.0 4580.0 j -638.519897
4580.0 4620.0 r -492.451782
4620.0 4740.0 ec -1542.379761
4740.0 4755.0 k -238.964966
4755.0 4770.0 ssil -233.912094
4770.0 4785.0 ssil -255.230942 OP
4785.0 4800.0 p -255.728806
4800.0 4815.0 ssil -242.571884
4815.0 4830.0 ssil -249.213760 EEN
4830.0 4875.0 @ -606.545471
4875.0 4910.0 n -464.518463
4910.0 4940.0 ssil -451.235260
4940.0 4960.0 ssil -301.296478 DVD
4960.0 5085.0 d -1508.677368
5085.0 5215.0 e -1416.493408
5215.0 5270.0 f -751.242554
5270.0 5380.0 e -1456.988159
5380.0 5410.0 d -465.288727
5410.0 5705.0 e -3300.483887
5705.0 6665.0 ssil -10610.526367
.
