#!MLF!#
"/net/aistaff/aki/_same-utterance/wav/06/Groningen_and_Drenthe/8674-1457954294-1637298.rec"
0.0 795.0 ssil -7882.667480 NA
795.0 890.0 n -1177.726685
890.0 1035.0 a -1710.191040
1035.0 1050.0 ssil -225.068024
1050.0 1065.0 ssil -219.800354 ZIJN
1065.0 1140.0 s -967.850769
1140.0 1280.0 ei -1533.776978
1280.0 1295.0 n -231.000870
1295.0 1310.0 ssil -214.633041
1310.0 1325.0 ssil -213.836685 REIS
1325.0 1340.0 r -206.806824
1340.0 1510.0 ei -1841.362549
1510.0 1595.0 s -1163.308472
1595.0 1610.0 ssil -217.236694
1610.0 1625.0 ssil -223.510849 MAAKT
1625.0 1685.0 m -811.792114
1685.0 1770.0 a -937.801331
1770.0 1820.0 k -722.498901
1820.0 1835.0 ssil -214.398956
1835.0 1850.0 ssil -220.405441 HIJ
1850.0 1900.0 h -581.681213
1900.0 2060.0 ei -1605.836670
2060.0 2075.0 ssil -167.674026
2075.0 2095.0 ssil -245.573792 EEN
2095.0 2110.0 @ -241.851410
2110.0 2130.0 ssil -252.165726
2130.0 2160.0 ssil -352.701782 KAART
2160.0 2220.0 k -836.136597
2220.0 2360.0 a -1294.901489
2360.0 2395.0 r -515.176147
2395.0 2475.0 t -1163.079102
2475.0 2495.0 ssil -266.739532
2495.0 2510.0 ssil -211.734955 VAN
2510.0 2545.0 f -458.561829
2545.0 2575.0 ac -418.466797
2575.0 2605.0 n -390.668915
2605.0 2620.0 ssil -185.598114
2620.0 2635.0 ssil -196.569489 DE
2635.0 2650.0 d -216.323441
2650.0 2685.0 @ -508.436554
2685.0 2720.0 ssil -644.574158
2720.0 2785.0 ssil -965.609924 ONVERHARDE
2785.0 2850.0 oc -904.240967
2850.0 2935.0 n -1085.544678
2935.0 3005.0 f -861.653503
3005.0 3040.0 ec -398.330261
3040.0 3065.0 r -304.269043
3065.0 3130.0 h -814.578064
3130.0 3155.0 ac -300.005402
3155.0 3200.0 r -657.605713
3200.0 3220.0 d -282.060669
3220.0 3250.0 @ -336.939972
3250.0 3265.0 ssil -182.555206
3265.0 3280.0 ssil -193.989075 WEGEN
3280.0 3305.0 w -299.397797
3305.0 3500.0 e -1871.091064
3500.0 3595.0 gc -1218.646484
3595.0 3640.0 @ -581.958496
3640.0 3785.0 n -1770.679688
3785.0 3810.0 ssil -415.516541
3810.0 3825.0 ssil -216.897293 EN
3825.0 3870.0 ec -543.100647
3870.0 3885.0 n -194.032043
3885.0 3900.0 ssil -191.345612
3900.0 3915.0 ssil -207.503967 DIE
3915.0 3935.0 d -276.147308
3935.0 3970.0 i -415.420380
3970.0 3985.0 ssil -252.527145
3985.0 4000.0 ssil -240.409729 ZET
4000.0 4090.0 z -1140.162354
4090.0 4140.0 ec -576.671509
4140.0 4180.0 t -587.959473
4180.0 4195.0 ssil -216.278946
4195.0 4210.0 ssil -204.846741 HIJ
4210.0 4235.0 h -273.855743
4235.0 4340.0 ei -1028.469238
4340.0 4355.0 ssil -197.357208
4355.0 4370.0 ssil -192.654663 DIRECT
4370.0 4385.0 d -206.030685
4385.0 4400.0 ac -237.153076
4400.0 4500.0 j -995.160828
4500.0 4550.0 r -656.160828
4550.0 4655.0 ec -1260.695557
4655.0 4700.0 k -628.833313
4700.0 4750.0 t -723.752686
4750.0 4765.0 ssil -270.780029
4765.0 4780.0 ssil -272.314697 OP
4780.0 4850.0 oc -925.726624
4850.0 4865.0 p -229.655975
4865.0 4880.0 ssil -214.900024
4880.0 4895.0 ssil -212.430588 EEN
4895.0 4925.0 @ -401.989471
4925.0 4940.0 ssil -226.084656
4940.0 4955.0 ssil -198.255310 DVD
4955.0 5000.0 d -604.297546
5000.0 5110.0 e -1235.512695
5110.0 5125.0 f -209.513809
5125.0 5170.0 e -655.665344
5170.0 5210.0 d -570.738525
5210.0 5375.0 e -1775.836182
5375.0 5665.0 ssil -3666.236572
.
