#!MLF!#
"/net/aistaff/aki/_same-utterance/wav/06/Groningen_and_Drenthe/8834-1458057543-1660739.rec"
0.0 250.0 ssil -2825.192139 NA
250.0 315.0 n -751.034851
315.0 450.0 a -1418.888062
450.0 465.0 ssil -230.089401
465.0 480.0 ssil -215.063705 ZIJN
480.0 525.0 z -639.343262
525.0 655.0 ei -1200.950684
655.0 670.0 n -213.139511
670.0 685.0 ssil -221.922333
685.0 700.0 ssil -197.364044 REIS
700.0 725.0 r -291.335815
725.0 865.0 ei -1497.120605
865.0 970.0 s -1501.753784
970.0 985.0 ssil -213.864883
985.0 1005.0 ssil -272.668030 MAAKT
1005.0 1070.0 m -751.320801
1070.0 1150.0 a -1032.042358
1150.0 1165.0 k -237.063522
1165.0 1185.0 ssil -282.013977
1185.0 1200.0 ssil -211.983856 HIJ
1200.0 1250.0 h -663.018005
1250.0 1365.0 ei -1103.449463
1365.0 1380.0 ssil -186.497681
1380.0 1395.0 ssil -181.813843 EEN
1395.0 1415.0 n -248.483002
1415.0 1430.0 ssil -207.672485
1430.0 1445.0 ssil -224.785110 KAART
1445.0 1495.0 k -752.809875
1495.0 1650.0 a -1773.431396
1650.0 1670.0 r -297.988007
1670.0 1690.0 t -314.679871
1690.0 1715.0 ssil -384.151337
1715.0 1730.0 ssil -215.545670 VAN
1730.0 1820.0 f -1146.796021
1820.0 1860.0 ac -450.466949
1860.0 1920.0 n -653.694336
1920.0 1945.0 ssil -354.173676
1945.0 2020.0 ssil -1015.251221 DE
2020.0 2045.0 d -360.278870
2045.0 2060.0 ssil -217.005447
2060.0 2075.0 ssil -220.910660 ONVERHARDE
2075.0 2125.0 oc -620.216553
2125.0 2210.0 n -1052.311523
2210.0 2285.0 f -950.502136
2285.0 2300.0 ec -213.450668
2300.0 2315.0 r -197.705231
2315.0 2375.0 h -683.236694
2375.0 2415.0 ac -438.433899
2415.0 2470.0 r -671.138611
2470.0 2495.0 d -362.869690
2495.0 2565.0 @ -725.230469
2565.0 2580.0 ssil -164.742325
2580.0 2595.0 ssil -164.965088 WEGEN
2595.0 2630.0 w -389.155243
2630.0 2815.0 e -1744.335205
2815.0 2880.0 gc -857.559814
2880.0 2990.0 @ -1157.364014
2990.0 3140.0 ssil -1685.495117
3140.0 3425.0 ssil -3499.817627 EN
3425.0 3480.0 ec -707.624451
3480.0 3505.0 n -282.669250
3505.0 3520.0 ssil -187.616653
3520.0 3535.0 ssil -204.589233 DIE
3535.0 3550.0 d -201.088882
3550.0 3600.0 i -607.846680
3600.0 3615.0 ssil -216.118286
3615.0 3630.0 ssil -201.865463 ZET
3630.0 3715.0 z -1037.717041
3715.0 3765.0 ec -491.838928
3765.0 3795.0 t -383.980316
3795.0 3810.0 ssil -228.855347
3810.0 3825.0 ssil -231.750092 HIJ
3825.0 3845.0 h -245.453705
3845.0 3915.0 ei -789.321960
3915.0 3930.0 ssil -183.237076
3930.0 3945.0 ssil -178.898911 DIRECT
3945.0 4000.0 d -705.794861
4000.0 4015.0 ac -231.314484
4015.0 4110.0 j -899.997559
4110.0 4160.0 r -557.241455
4160.0 4260.0 ec -1209.688599
4260.0 4285.0 k -355.768524
4285.0 4315.0 ssil -452.473053
4315.0 4340.0 ssil -416.289459 OP
4340.0 4460.0 oc -1385.140747
4460.0 4475.0 p -256.688660
4475.0 4490.0 ssil -232.291748
4490.0 4505.0 ssil -201.735382 EEN
4505.0 4545.0 n -377.729004
4545.0 4560.0 ssil -190.800049
4560.0 4575.0 ssil -242.342728 DVD
4575.0 4595.0 d -297.490387
4595.0 4715.0 e -1187.132690
4715.0 4770.0 f -726.953369
4770.0 4805.0 e -441.341248
4805.0 4870.0 d -858.408386
4870.0 5080.0 e -2198.403809
5080.0 5385.0 ssil -3794.244873
.
