#!MLF!#
"/net/aistaff/aki/_same-utterance/wav/05/Groningen_and_Drenthe/11279-1464261063-1875030.rec"
0.0 290.0 ssil -2463.243164 NA
290.0 305.0 n -163.399826
305.0 320.0 a -200.066528
320.0 340.0 ssil -272.542053
340.0 1080.0 ssil -8685.827148 DE
1080.0 1135.0 d -700.261353
1135.0 1360.0 @ -3167.223877
1360.0 1375.0 ssil -196.161194
1375.0 1435.0 ssil -761.051208 TOCHT
1435.0 1485.0 t -686.070496
1485.0 1565.0 oc -1182.051392
1565.0 1685.0 x -1946.135132
1685.0 1710.0 t -363.721161
1710.0 1735.0 ssil -394.463013
1735.0 1760.0 ssil -375.790710 IN
1760.0 1830.0 ic -879.733459
1830.0 1895.0 n -688.233704
1895.0 1910.0 ssil -216.163483
1910.0 1925.0 ssil -226.757523 DE
1925.0 1955.0 d -440.483826
1955.0 2040.0 @ -1015.391663
2040.0 2060.0 ssil -313.304291
2060.0 2085.0 ssil -412.122253 REGEN
2085.0 2100.0 r -237.846985
2100.0 2255.0 e -1902.439453
2255.0 2355.0 gc -1408.257202
2355.0 2415.0 @ -787.760193
2415.0 2470.0 n -702.627563
2470.0 2485.0 ssil -213.674149
2485.0 2525.0 ssil -529.679382 VAART
2525.0 2630.0 f -1362.499634
2630.0 2755.0 a -1583.497192
2755.0 2770.0 r -199.609772
2770.0 2800.0 ssil -344.229584
2800.0 2815.0 ssil -195.356857 DE
2815.0 2850.0 d -535.396484
2850.0 2880.0 @ -410.994507
2880.0 2955.0 ssil -1010.905334
2955.0 2975.0 ssil -312.749420 KAPITEIN
2975.0 3005.0 k -438.615997
3005.0 3085.0 ac -1074.130371
3085.0 3155.0 p -959.090698
3155.0 3210.0 i -786.964233
3210.0 3320.0 t -1449.315430
3320.0 3450.0 ei -1559.911865
3450.0 3565.0 n -1641.674072
3565.0 3590.0 ssil -374.117310
3590.0 3615.0 ssil -386.907379 BLIJ
3615.0 3760.0 b -1750.544434
3760.0 3865.0 l -1316.538330
3865.0 4035.0 ei -2130.843506
4035.0 4060.0 ssil -318.436676
4060.0 4120.0 ssil -876.677979 WEG
4120.0 4140.0 w -288.970337
4140.0 4220.0 ec -1067.232544
4220.0 4435.0 x -2747.726074
4435.0 5805.0 ssil -18092.746094
.
