#!MLF!#
"/net/aistaff/aki/_same-utterance/wav/05/Groningen_and_Drenthe/11437-1464114948-1877761.rec"
0.0 15.0 ssil -157.212616 NA
15.0 305.0 n -2649.692871
305.0 320.0 a -181.664566
320.0 360.0 ssil -574.892334
360.0 675.0 ssil -3731.938477 DE
675.0 725.0 d -660.141418
725.0 955.0 @ -3133.188721
955.0 970.0 ssil -183.533920
970.0 1015.0 ssil -527.031372 TOCHT
1015.0 1070.0 t -749.462769
1070.0 1150.0 oc -1088.359497
1150.0 1240.0 x -1283.823975
1240.0 1265.0 ssil -363.292175
1265.0 1295.0 ssil -518.596985 IN
1295.0 1355.0 ic -749.055725
1355.0 1415.0 n -683.931824
1415.0 1430.0 ssil -188.598648
1430.0 1445.0 ssil -220.824326 DE
1445.0 1460.0 d -238.633224
1460.0 1530.0 @ -785.323059
1530.0 1545.0 ssil -195.111969
1545.0 1565.0 ssil -279.467468 REGEN
1565.0 1580.0 r -224.715561
1580.0 1855.0 e -3159.593750
1855.0 1890.0 x -508.723480
1890.0 1910.0 @ -295.914917
1910.0 2025.0 n -1561.766113
2025.0 2045.0 ssil -251.699509
2045.0 2155.0 ssil -1282.350464 VAART
2155.0 2235.0 f -1014.553528
2235.0 2390.0 a -1837.376587
2390.0 2405.0 r -217.085312
2405.0 2435.0 t -406.953339
2435.0 2450.0 ssil -252.276642
2450.0 2465.0 ssil -242.242096 DE
2465.0 2480.0 d -197.211014
2480.0 2495.0 ssil -166.334198
2495.0 2520.0 ssil -299.834686 KAPITEIN
2520.0 2575.0 k -830.029236
2575.0 2685.0 ac -1415.381592
2685.0 2715.0 p -442.298950
2715.0 2785.0 i -1008.557556
2785.0 2915.0 t -1734.374268
2915.0 3125.0 ei -2328.329834
3125.0 3190.0 n -742.092834
3190.0 3205.0 ssil -188.587280
3205.0 3220.0 ssil -191.001938 BLIJ
3220.0 3270.0 b -690.689453
3270.0 3310.0 l -522.576965
3310.0 3505.0 ei -1961.531860
3505.0 3520.0 ssil -182.288239
3520.0 3535.0 ssil -178.059555 WEG
3535.0 3570.0 w -369.983459
3570.0 3740.0 ec -1938.714233
3740.0 3900.0 x -1906.379272
3900.0 4110.0 ssil -2445.874756
.
