#!MLF!#
"/net/aistaff/aki/_same-utterance/wav/05/Groningen_and_Drenthe/11438-1464115089-1878520.rec"
0.0 1045.0 ssil -11609.386719 NA
1045.0 1160.0 n -1390.647583
1160.0 1300.0 a -1551.813110
1300.0 1315.0 ssil -236.419830
1315.0 1330.0 ssil -285.608246 DE
1330.0 1355.0 d -409.731476
1355.0 1395.0 @ -605.760376
1395.0 1435.0 ssil -530.535645
1435.0 1495.0 ssil -730.695435 TOCHT
1495.0 1530.0 t -549.532471
1530.0 1615.0 oc -1063.911133
1615.0 1705.0 x -1198.560303
1705.0 1740.0 ssil -416.209564
1740.0 1770.0 ssil -470.738922 IN
1770.0 1830.0 ic -725.543518
1830.0 1860.0 n -380.843597
1860.0 1875.0 ssil -190.253738
1875.0 1890.0 ssil -199.511246 DE
1890.0 1905.0 d -207.988281
1905.0 2015.0 @ -1114.308716
2015.0 2030.0 ssil -224.455887
2030.0 2045.0 ssil -229.579407 REGEN
2045.0 2060.0 r -202.789795
2060.0 2245.0 e -2085.615234
2245.0 2345.0 x -1323.866455
2345.0 2390.0 @ -524.469666
2390.0 2545.0 n -1683.824341
2545.0 2740.0 ssil -2497.806641
2740.0 2825.0 ssil -960.789062 VAART
2825.0 2985.0 f -1884.944824
2985.0 3145.0 a -1406.171387
3145.0 3185.0 r -567.810791
3185.0 3355.0 ssil -2209.960449
3355.0 3405.0 ssil -714.854187 DE
3405.0 3525.0 d -1452.715576
3525.0 3605.0 @ -985.379456
3605.0 3620.0 ssil -206.564926
3620.0 3655.0 ssil -425.925812 KAPITEIN
3655.0 3700.0 k -743.571838
3700.0 3825.0 ac -1632.223267
3825.0 3860.0 b -538.887268
3860.0 3975.0 i -1548.012939
3975.0 4025.0 d -654.988220
4025.0 4155.0 ei -1281.975586
4155.0 4255.0 n -1054.899292
4255.0 4270.0 ssil -201.852890
4270.0 4285.0 ssil -193.801422 BLIJ
4285.0 4380.0 b -1130.787598
4380.0 4450.0 l -855.693726
4450.0 4620.0 ei -1770.263916
4620.0 4640.0 ssil -231.233139
4640.0 4655.0 ssil -176.997009 WEG
4655.0 4680.0 w -315.544617
4680.0 4785.0 ec -1301.444092
4785.0 5040.0 x -3452.512451
5040.0 5920.0 ssil -9946.622070
.
