#!MLF!#
"/net/aistaff/aki/_same-utterance/wav/05/Groningen_and_Drenthe/115-1449072039-10243.rec"
0.0 1125.0 ssil -12526.891602 NA
1125.0 1205.0 n -983.874023
1205.0 1310.0 a -1374.063843
1310.0 1325.0 ssil -243.097992
1325.0 1340.0 ssil -252.372528 DE
1340.0 1365.0 d -363.152649
1365.0 1430.0 @ -765.588257
1430.0 1450.0 ssil -241.467224
1450.0 1485.0 ssil -436.057373 TOCHT
1485.0 1530.0 t -715.616821
1530.0 1635.0 oc -1210.602783
1635.0 1745.0 ssil -1408.617310
1745.0 1780.0 ssil -583.822144 IN
1780.0 1935.0 n -2019.415527
1935.0 1975.0 ssil -564.514954
1975.0 2010.0 ssil -488.493378 DE
2010.0 2045.0 d -501.359802
2045.0 2105.0 @ -723.888977
2105.0 2120.0 ssil -211.451904
2120.0 2135.0 ssil -231.750443 REGEN
2135.0 2150.0 r -210.343079
2150.0 2270.0 e -1592.705444
2270.0 2335.0 gc -886.151367
2335.0 2450.0 @ -1384.547363
2450.0 2485.0 ssil -474.501007
2485.0 2640.0 ssil -1858.342285 VAART
2640.0 2765.0 f -1539.072998
2765.0 2830.0 a -829.022583
2830.0 2850.0 r -303.781158
2850.0 2895.0 ssil -666.079224
2895.0 2925.0 ssil -406.254883 DE
2925.0 2960.0 d -527.209167
2960.0 2975.0 ssil -194.745804
2975.0 3000.0 ssil -283.684784 KAPITEIN
3000.0 3055.0 k -744.272095
3055.0 3160.0 @ -1455.993652
3160.0 3185.0 p -351.605438
3185.0 3220.0 i -427.955475
3220.0 3325.0 t -1426.047974
3325.0 3430.0 ei -1280.839355
3430.0 3500.0 n -781.013916
3500.0 3515.0 ssil -179.072205
3515.0 3530.0 ssil -188.887970 BLIJ
3530.0 3555.0 b -351.822418
3555.0 3600.0 l -614.709351
3600.0 3765.0 ei -1917.367676
3765.0 3780.0 ssil -203.269073
3780.0 3795.0 ssil -223.402832 WEG
3795.0 3810.0 w -239.047867
3810.0 3915.0 ec -1303.039307
3915.0 4050.0 x -1650.424316
4050.0 4480.0 ssil -4829.900879
.
