#!MLF!#
"/net/aistaff/aki/_same-utterance/wav/05/Groningen_and_Drenthe/12421-1465419534-2280748.rec"
0.0 80.0 ssil -708.833862 NA
80.0 95.0 n -155.880951
95.0 110.0 a -186.663971
110.0 150.0 ssil -610.973816
150.0 840.0 ssil -8000.345703 DE
840.0 855.0 d -247.525589
855.0 1050.0 @ -2304.909180
1050.0 1065.0 ssil -197.733597
1065.0 1080.0 ssil -222.993713 TOCHT
1080.0 1120.0 t -651.130798
1120.0 1205.0 oc -1254.052368
1205.0 1260.0 x -727.307617
1260.0 1315.0 t -759.334595
1315.0 1335.0 ssil -287.140015
1335.0 1350.0 ssil -234.816315 IN
1350.0 1395.0 n -475.670685
1395.0 1410.0 ssil -192.736725
1410.0 1425.0 ssil -238.055405 DE
1425.0 1440.0 d -231.635300
1440.0 1500.0 @ -720.130920
1500.0 1515.0 ssil -190.466492
1515.0 1535.0 ssil -254.403595 REGEN
1535.0 1605.0 r -881.547974
1605.0 1735.0 e -1204.741089
1735.0 1750.0 gc -267.568237
1750.0 1790.0 n -500.295868
1790.0 1805.0 ssil -257.889801
1805.0 1820.0 ssil -246.269363 VAART
1820.0 1920.0 f -1264.157837
1920.0 2025.0 a -1016.181763
2025.0 2040.0 r -228.904526
2040.0 2055.0 ssil -234.362198
2055.0 2070.0 ssil -194.370346 DE
2070.0 2115.0 d -639.847839
2115.0 2155.0 @ -533.353027
2155.0 2170.0 ssil -234.473083
2170.0 2185.0 ssil -215.616150 KAPITEIN
2185.0 2255.0 k -968.035095
2255.0 2345.0 ac -1037.230591
2345.0 2435.0 p -1230.601929
2435.0 2545.0 t -1609.316406
2545.0 2665.0 ei -1153.761230
2665.0 2750.0 n -852.014648
2750.0 2765.0 ssil -211.603058
2765.0 2780.0 ssil -217.969009 BLIJ
2780.0 2795.0 b -238.972641
2795.0 2820.0 l -339.155304
2820.0 2955.0 ei -1208.735474
2955.0 2970.0 ssil -182.762177
2970.0 2985.0 ssil -174.659409 WEG
2985.0 3045.0 w -621.006836
3045.0 3180.0 ec -1477.870972
3180.0 3360.0 x -2151.356934
3360.0 3620.0 ssil -3115.821777
.
