#!MLF!#
"/net/aistaff/aki/_same-utterance/wav/05/Groningen_and_Drenthe/12978-1464279376-1973631.rec"
0.0 670.0 ssil -6487.034180 NA
670.0 790.0 n -1502.160889
790.0 955.0 a -1826.362671
955.0 970.0 ssil -254.523056
970.0 985.0 ssil -248.910461 DE
985.0 1045.0 d -842.469543
1045.0 1130.0 @ -1079.684082
1130.0 1160.0 ssil -454.801178
1160.0 1195.0 ssil -581.666138 TOCHT
1195.0 1240.0 t -722.183655
1240.0 1345.0 oc -1415.208496
1345.0 1430.0 x -1234.849731
1430.0 1460.0 t -422.584198
1460.0 1480.0 ssil -298.580780
1480.0 1525.0 ssil -714.030884 IN
1525.0 1645.0 ic -1622.448853
1645.0 1725.0 n -1042.284302
1725.0 1740.0 ssil -283.303314
1740.0 1755.0 ssil -245.736374 DE
1755.0 1770.0 d -218.082245
1770.0 1800.0 @ -386.494568
1800.0 1815.0 ssil -221.672852
1815.0 1830.0 ssil -218.717178 REGEN
1830.0 1865.0 r -508.539368
1865.0 2050.0 e -2194.063477
2050.0 2120.0 x -1165.418945
2120.0 2180.0 @ -724.009705
2180.0 2420.0 n -3077.297852
2420.0 2460.0 ssil -645.484497
2460.0 2495.0 ssil -546.097839 VAART
2495.0 2550.0 f -807.167358
2550.0 2705.0 a -1853.690308
2705.0 2785.0 r -1272.593262
2785.0 2895.0 t -1548.544434
2895.0 2915.0 ssil -355.277161
2915.0 3015.0 ssil -1325.574219 DE
3015.0 3065.0 d -839.726257
3065.0 3120.0 @ -705.548096
3120.0 3135.0 ssil -232.814789
3135.0 3155.0 ssil -289.997375 KAPITEIN
3155.0 3210.0 k -767.402222
3210.0 3275.0 ac -758.889893
3275.0 3355.0 p -1166.908936
3355.0 3400.0 i -601.726562
3400.0 3490.0 t -1342.040649
3490.0 3630.0 ei -1510.855103
3630.0 3700.0 n -832.696716
3700.0 3715.0 ssil -203.548035
3715.0 3730.0 ssil -219.517975 BLIJ
3730.0 3765.0 b -515.112976
3765.0 3820.0 l -750.330627
3820.0 3985.0 ei -1946.718994
3985.0 4000.0 ssil -185.832947
4000.0 4015.0 ssil -177.629486 WEG
4015.0 4065.0 w -561.331421
4065.0 4195.0 ec -1423.681274
4195.0 4500.0 x -4121.292480
4500.0 4805.0 ssil -4027.687012
.
