#!MLF!#
"/net/aistaff/aki/_same-utterance/wav/05/Groningen_and_Drenthe/1393-1449156627-64623.rec"
0.0 15.0 ssil -154.612152 NA
15.0 30.0 n -153.002167
30.0 305.0 a -2325.201660
305.0 320.0 ssil -223.341049
320.0 335.0 ssil -226.434906 DE
335.0 350.0 d -224.705994
350.0 560.0 @ -2468.838135
560.0 585.0 ssil -388.699738
585.0 610.0 ssil -382.537781 TOCHT
610.0 650.0 t -667.786133
650.0 735.0 oc -1120.317139
735.0 815.0 x -1153.196655
815.0 885.0 ssil -935.564026
885.0 910.0 ssil -402.223969 IN
910.0 950.0 n -531.173889
950.0 965.0 ssil -248.109497
965.0 980.0 ssil -243.765060 DE
980.0 1050.0 d -1020.403564
1050.0 1135.0 @ -980.662415
1135.0 1150.0 ssil -219.417084
1150.0 1165.0 ssil -219.481689 REGEN
1165.0 1180.0 r -240.838165
1180.0 1360.0 e -2030.480591
1360.0 1435.0 gc -1022.384216
1435.0 1500.0 @ -811.333923
1500.0 1610.0 n -1311.713745
1610.0 1640.0 ssil -393.951599
1640.0 1655.0 ssil -211.193161 VAART
1655.0 1745.0 f -1196.916748
1745.0 1825.0 a -922.372742
1825.0 1840.0 r -228.405136
1840.0 1855.0 ssil -249.664597
1855.0 1870.0 ssil -260.086365 DE
1870.0 1920.0 d -812.731262
1920.0 1935.0 ssil -244.973770
1935.0 1960.0 ssil -334.970215 KAPITEIN
1960.0 2000.0 k -640.275208
2000.0 2095.0 ac -1235.532471
2095.0 2125.0 p -420.513733
2125.0 2180.0 i -813.963989
2180.0 2265.0 t -1212.563110
2265.0 2395.0 ei -1418.543701
2395.0 2505.0 n -1272.290283
2505.0 2520.0 ssil -235.329834
2520.0 2535.0 ssil -224.495056 BLIJ
2535.0 2550.0 b -234.082443
2550.0 2615.0 l -931.405212
2615.0 2795.0 ei -2049.185547
2795.0 2820.0 ssil -330.369629
2820.0 2845.0 ssil -352.760498 WEG
2845.0 2860.0 w -223.410721
2860.0 2910.0 ec -652.480286
2910.0 3275.0 x -4431.873047
3275.0 3365.0 ssil -1044.320923
.
