#!MLF!#
"/net/aistaff/aki/_same-utterance/wav/05/Groningen_and_Drenthe/14893-1466454022-2350164.rec"
0.0 830.0 ssil -9426.820312 NA
830.0 945.0 n -1396.739380
945.0 1190.0 a -2520.070557
1190.0 1215.0 ssil -326.101593
1215.0 1230.0 ssil -199.110138 DE
1230.0 1265.0 d -492.540070
1265.0 1295.0 @ -372.188507
1295.0 1345.0 ssil -654.572937
1345.0 1415.0 ssil -993.912659 TOCHT
1415.0 1465.0 t -698.097412
1465.0 1555.0 oc -1094.323486
1555.0 1720.0 x -2120.279053
1720.0 1780.0 t -833.634827
1780.0 1810.0 ssil -440.422302
1810.0 1850.0 ssil -656.006470 IN
1850.0 1940.0 ic -1103.876587
1940.0 1995.0 n -594.202393
1995.0 2010.0 ssil -183.608841
2010.0 2025.0 ssil -205.944336 DE
2025.0 2040.0 d -197.237213
2040.0 2125.0 @ -990.836914
2125.0 2140.0 ssil -224.169250
2140.0 2165.0 ssil -361.627655 REGEN
2165.0 2180.0 r -217.016022
2180.0 2445.0 e -2639.980713
2445.0 2535.0 x -1206.470581
2535.0 2635.0 @ -1253.791748
2635.0 2740.0 n -1327.704590
2740.0 2775.0 ssil -424.988892
2775.0 3095.0 ssil -3641.181885 VAART
3095.0 3240.0 f -1679.908325
3240.0 3430.0 a -1861.771362
3430.0 3490.0 r -928.805237
3490.0 3595.0 t -1402.608398
3595.0 3610.0 ssil -243.370651
3610.0 3675.0 ssil -823.939880 DE
3675.0 3725.0 d -660.643127
3725.0 3775.0 @ -640.497314
3775.0 3795.0 ssil -274.724945
3795.0 3820.0 ssil -290.492035 KAPITEIN
3820.0 3890.0 k -946.080566
3890.0 3995.0 ac -1343.651001
3995.0 4065.0 p -980.481201
4065.0 4230.0 t -2136.624756
4230.0 4475.0 ei -2701.558105
4475.0 4595.0 n -1364.665405
4595.0 4620.0 ssil -310.945679
4620.0 4690.0 ssil -864.693787 BLIJ
4690.0 4820.0 b -1586.975220
4820.0 4895.0 l -897.580078
4895.0 5195.0 ei -3561.109619
5195.0 5265.0 ssil -871.656616
5265.0 5365.0 ssil -1277.255737 WEG
5365.0 5440.0 w -781.518372
5440.0 5580.0 ec -1665.713989
5580.0 5875.0 x -3557.156982
5875.0 6270.0 ssil -4469.539551
.
