#!MLF!#
"/net/aistaff/aki/_same-utterance/wav/05/Groningen_and_Drenthe/15537-1464554606-2136777.rec"
0.0 615.0 ssil -7360.435547 NA
615.0 660.0 n -639.801025
660.0 820.0 a -1710.818237
820.0 835.0 ssil -216.286758
835.0 850.0 ssil -209.778427 DE
850.0 880.0 d -397.102844
880.0 965.0 @ -1047.660645
965.0 980.0 ssil -187.544373
980.0 995.0 ssil -186.819290 TOCHT
995.0 1060.0 t -926.463135
1060.0 1160.0 oc -1273.222046
1160.0 1255.0 x -1303.312134
1255.0 1310.0 t -828.262512
1310.0 1330.0 ssil -302.103027
1330.0 1345.0 ssil -228.072708 IN
1345.0 1385.0 ic -509.119324
1385.0 1400.0 n -194.578064
1400.0 1415.0 ssil -216.696640
1415.0 1430.0 ssil -215.921341 DE
1430.0 1495.0 d -865.287781
1495.0 1555.0 @ -710.969849
1555.0 1575.0 ssil -296.688782
1575.0 1610.0 ssil -581.659302 REGEN
1610.0 1625.0 r -218.333237
1625.0 1840.0 e -2235.600342
1840.0 1900.0 gc -906.335693
1900.0 1935.0 @ -491.316681
1935.0 2080.0 n -1708.698364
2080.0 2120.0 ssil -483.400543
2120.0 2140.0 ssil -227.596619 VAART
2140.0 2185.0 f -584.332397
2185.0 2325.0 a -1695.401123
2325.0 2340.0 r -200.248383
2340.0 2395.0 t -776.085205
2395.0 2410.0 ssil -211.376007
2410.0 2425.0 ssil -191.711304 DE
2425.0 2440.0 d -215.115906
2440.0 2455.0 ssil -199.225861
2455.0 2475.0 ssil -268.736664 KAPITEIN
2475.0 2530.0 k -807.786804
2530.0 2635.0 ac -1312.644165
2635.0 2655.0 p -318.849335
2655.0 2760.0 i -1313.717651
2760.0 2835.0 t -1015.167358
2835.0 2885.0 ei -606.018860
2885.0 3090.0 n -2357.198486
3090.0 3105.0 ssil -200.900650
3105.0 3120.0 ssil -189.944336 BLIJ
3120.0 3150.0 b -439.830353
3150.0 3210.0 l -775.114868
3210.0 3375.0 ei -1737.591431
3375.0 3390.0 ssil -187.802338
3390.0 3405.0 ssil -175.803192 WEG
3405.0 3420.0 w -161.099579
3420.0 3540.0 ec -1250.389526
3540.0 3855.0 x -3905.109619
3855.0 3880.0 ssil -313.398987
.
