#!MLF!#
"/net/aistaff/aki/_same-utterance/wav/05/Groningen_and_Drenthe/16266-1464422870-2079664.rec"
0.0 710.0 ssil -7018.337402 NA
710.0 815.0 n -1514.479004
815.0 955.0 a -1568.604736
955.0 970.0 ssil -237.507523
970.0 985.0 ssil -240.155548 DE
985.0 1000.0 d -214.205582
1000.0 1115.0 @ -1530.848877
1115.0 1130.0 ssil -209.585999
1130.0 1145.0 ssil -223.707947 TOCHT
1145.0 1165.0 t -322.255157
1165.0 1280.0 oc -1427.803955
1280.0 1330.0 ssil -867.368713
1330.0 1385.0 ssil -856.748352 IN
1385.0 1490.0 ic -1439.900879
1490.0 1545.0 n -616.883911
1545.0 1560.0 ssil -218.288712
1560.0 1575.0 ssil -192.862625 DE
1575.0 1590.0 d -183.196396
1590.0 1665.0 @ -812.870117
1665.0 1680.0 ssil -182.210251
1680.0 1695.0 ssil -173.675125 REGEN
1695.0 1780.0 r -866.159058
1780.0 1945.0 e -1673.179688
1945.0 2015.0 gc -953.737366
2015.0 2150.0 @ -1553.534912
2150.0 2245.0 n -1069.256470
2245.0 2370.0 ssil -1546.632935
2370.0 2690.0 ssil -3998.460938 VAART
2690.0 2850.0 f -2171.615234
2850.0 2945.0 a -1004.269043
2945.0 2965.0 r -286.262390
2965.0 2985.0 ssil -246.353439
2985.0 3000.0 ssil -205.326904 DE
3000.0 3030.0 d -436.501434
3030.0 3090.0 @ -816.541687
3090.0 3105.0 ssil -209.491882
3105.0 3120.0 ssil -250.364792 KAPITEIN
3120.0 3170.0 k -782.634644
3170.0 3285.0 ac -1460.231201
3285.0 3305.0 p -333.782318
3305.0 3395.0 @ -1197.338135
3395.0 3435.0 t -583.391602
3435.0 3580.0 ei -1491.609253
3580.0 3630.0 n -596.459778
3630.0 3645.0 ssil -185.692795
3645.0 3660.0 ssil -219.826019 BLIJ
3660.0 3680.0 b -324.016632
3680.0 3725.0 l -644.471558
3725.0 3850.0 ei -1381.609131
3850.0 3865.0 ssil -184.100159
3865.0 3880.0 ssil -198.624680 WEG
3880.0 3920.0 w -429.633667
3920.0 4005.0 ec -1050.742310
4005.0 4200.0 x -2477.214111
4200.0 4735.0 ssil -6638.627930
.
