#!MLF!#
"/net/aistaff/aki/_same-utterance/wav/05/Groningen_and_Drenthe/16334-1464127739-1893927.rec"
0.0 125.0 ssil -1192.008301 NA
125.0 140.0 n -167.617813
140.0 155.0 a -215.073914
155.0 205.0 ssil -698.747314
205.0 650.0 ssil -5480.170898 DE
650.0 675.0 d -369.771393
675.0 910.0 @ -2790.521484
910.0 935.0 ssil -341.968689
935.0 950.0 ssil -195.094574 TOCHT
950.0 1005.0 t -778.398621
1005.0 1090.0 oc -1153.298096
1090.0 1175.0 x -1134.355591
1175.0 1250.0 t -1073.054565
1250.0 1265.0 ssil -222.966568
1265.0 1280.0 ssil -214.934082 IN
1280.0 1315.0 n -441.305603
1315.0 1330.0 ssil -199.642929
1330.0 1345.0 ssil -197.395248 DE
1345.0 1360.0 d -196.621429
1360.0 1445.0 @ -834.753174
1445.0 1460.0 ssil -218.264267
1460.0 1475.0 ssil -216.850540 REGEN
1475.0 1490.0 r -200.679413
1490.0 1675.0 e -1995.838745
1675.0 1750.0 x -1037.505127
1750.0 1830.0 @ -937.320374
1830.0 1850.0 ssil -284.804840
1850.0 1880.0 ssil -465.912476 VAART
1880.0 1940.0 f -821.928833
1940.0 2060.0 a -1290.470703
2060.0 2075.0 r -210.791855
2075.0 2125.0 t -732.549438
2125.0 2140.0 ssil -241.721542
2140.0 2155.0 ssil -220.357361 DE
2155.0 2170.0 d -202.425583
2170.0 2185.0 ssil -225.473160
2185.0 2200.0 ssil -251.736603 KAPITEIN
2200.0 2230.0 k -469.838501
2230.0 2360.0 ac -1659.523193
2360.0 2385.0 p -400.864166
2385.0 2450.0 i -899.036865
2450.0 2520.0 t -956.349976
2520.0 2660.0 ei -1573.776489
2660.0 2695.0 n -446.026306
2695.0 2710.0 ssil -209.646164
2710.0 2725.0 ssil -229.786346 BLIJ
2725.0 2745.0 b -317.994019
2745.0 2775.0 l -429.633850
2775.0 2955.0 ei -1882.410767
2955.0 2970.0 ssil -191.011703
2970.0 2985.0 ssil -178.088806 WEG
2985.0 3025.0 w -468.876434
3025.0 3180.0 ec -1904.457520
3180.0 3300.0 x -1516.986938
3300.0 3365.0 ssil -784.465332
.
