#!MLF!#
"/net/aistaff/aki/_same-utterance/wav/05/Groningen_and_Drenthe/16704-1465672805-2300791.rec"
0.0 75.0 ssil -689.097473 NA
75.0 90.0 n -154.222809
90.0 105.0 a -182.194519
105.0 145.0 ssil -587.930054
145.0 585.0 ssil -5651.826172 DE
585.0 615.0 d -374.744141
615.0 815.0 @ -2812.314941
815.0 855.0 ssil -601.655090
855.0 890.0 ssil -503.375092 TOCHT
890.0 940.0 t -811.161743
940.0 1025.0 oc -1179.056152
1025.0 1155.0 x -1841.115112
1155.0 1215.0 ssil -688.585022
1215.0 1245.0 ssil -452.416992 IN
1245.0 1325.0 ic -1149.310303
1325.0 1415.0 n -1201.117920
1415.0 1465.0 ssil -663.603516
1465.0 1480.0 ssil -212.231277 DE
1480.0 1500.0 d -282.936218
1500.0 1520.0 ssil -263.246429
1520.0 1535.0 ssil -225.165756 REGEN
1535.0 1550.0 r -217.020004
1550.0 1770.0 e -2480.887451
1770.0 1850.0 gc -1200.754272
1850.0 1885.0 @ -484.506378
1885.0 1980.0 n -1308.133179
1980.0 2025.0 ssil -591.099060
2025.0 2060.0 ssil -405.722137 VAART
2060.0 2090.0 v -449.230072
2090.0 2170.0 a -1006.693054
2170.0 2215.0 r -683.977905
2215.0 2235.0 ssil -286.932617
2235.0 2260.0 ssil -330.440033 DE
2260.0 2290.0 d -449.472961
2290.0 2350.0 @ -875.203003
2350.0 2365.0 ssil -218.862137
2365.0 2380.0 ssil -182.946945 KAPITEIN
2380.0 2430.0 k -788.244141
2430.0 2545.0 ac -1510.564209
2545.0 2565.0 p -289.914490
2565.0 2650.0 i -1159.850098
2650.0 2735.0 t -1142.156250
2735.0 2870.0 ei -1553.619507
2870.0 2940.0 n -819.855957
2940.0 2955.0 ssil -196.440933
2955.0 2970.0 ssil -212.299973 BLIJ
2970.0 2995.0 b -382.244080
2995.0 3055.0 l -788.061401
3055.0 3215.0 ei -1659.755615
3215.0 3230.0 ssil -197.564728
3230.0 3245.0 ssil -177.478043 WEG
3245.0 3310.0 w -779.973694
3310.0 3430.0 ec -1595.104980
3430.0 3665.0 x -3060.391846
3665.0 3995.0 ssil -3801.108154
.
