#!MLF!#
"/net/aistaff/aki/_same-utterance/wav/05/Groningen_and_Drenthe/17416-1473617956-2485822.rec"
0.0 1400.0 ssil -16070.820312 NA
1400.0 1475.0 n -1055.652344
1475.0 1560.0 a -989.219482
1560.0 1575.0 ssil -206.713654
1575.0 1590.0 ssil -253.317032 DE
1590.0 1620.0 d -468.621460
1620.0 1690.0 @ -886.183960
1690.0 1705.0 ssil -191.656448
1705.0 1720.0 ssil -218.993088 TOCHT
1720.0 1755.0 t -513.018616
1755.0 1860.0 oc -1312.095703
1860.0 1925.0 x -877.438538
1925.0 1980.0 t -756.640747
1980.0 1995.0 ssil -208.224060
1995.0 2010.0 ssil -196.353043 IN
2010.0 2040.0 n -335.325104
2040.0 2055.0 ssil -197.985153
2055.0 2070.0 ssil -185.120346 DE
2070.0 2085.0 d -179.587006
2085.0 2160.0 @ -846.514709
2160.0 2175.0 ssil -223.522858
2175.0 2190.0 ssil -221.675079 REGEN
2190.0 2205.0 r -197.791306
2205.0 2405.0 e -2013.324829
2405.0 2455.0 gc -653.328552
2455.0 2570.0 n -1439.027832
2570.0 2585.0 ssil -195.569931
2585.0 2610.0 ssil -366.197876 VAART
2610.0 2660.0 f -768.326660
2660.0 2770.0 a -1137.254517
2770.0 2785.0 r -217.163177
2785.0 2800.0 ssil -229.616608
2800.0 2815.0 ssil -202.115158 DE
2815.0 2830.0 d -195.175110
2830.0 2865.0 @ -465.307983
2865.0 2895.0 ssil -375.109009
2895.0 2910.0 ssil -203.059143 KAPITEIN
2910.0 2955.0 k -644.913208
2955.0 3115.0 ac -1886.776245
3115.0 3150.0 p -464.235962
3150.0 3235.0 t -1166.371582
3235.0 3365.0 ei -1445.500854
3365.0 3420.0 n -590.087952
3420.0 3435.0 ssil -192.573669
3435.0 3450.0 ssil -205.161453 BLIJ
3450.0 3560.0 b -1373.700317
3560.0 3595.0 l -445.949768
3595.0 3780.0 ei -2050.405518
3780.0 3795.0 ssil -211.463715
3795.0 3810.0 ssil -226.949036 WEG
3810.0 3845.0 w -430.451019
3845.0 4010.0 ec -1773.351562
4010.0 4190.0 x -2243.330322
4190.0 4785.0 ssil -6814.861328
.
