#!MLF!#
"/net/aistaff/aki/_same-utterance/wav/05/Groningen_and_Drenthe/1944-1449217255-173151.rec"
0.0 70.0 ssil -988.122559 NA
70.0 85.0 n -186.105011
85.0 100.0 a -192.758835
100.0 190.0 ssil -1205.369751
190.0 835.0 ssil -7858.100586 DE
835.0 860.0 d -362.715546
860.0 1110.0 @ -2989.900391
1110.0 1125.0 ssil -200.920883
1125.0 1140.0 ssil -211.440079 TOCHT
1140.0 1190.0 t -686.088806
1190.0 1250.0 oc -809.601990
1250.0 1315.0 x -952.933105
1315.0 1330.0 ssil -207.094666
1330.0 1345.0 ssil -220.180557 IN
1345.0 1360.0 n -238.069046
1360.0 1375.0 ssil -204.294235
1375.0 1390.0 ssil -207.456009 DE
1390.0 1430.0 d -563.413208
1430.0 1445.0 ssil -202.886948
1445.0 1460.0 ssil -207.919067 REGEN
1460.0 1565.0 r -1421.013916
1565.0 1905.0 e -3901.687256
1905.0 1965.0 gc -808.740967
1965.0 2095.0 n -1524.874390
2095.0 2110.0 ssil -171.140472
2110.0 2170.0 ssil -702.682617 VAART
2170.0 2210.0 f -623.810913
2210.0 2325.0 a -1312.993408
2325.0 2370.0 r -642.717834
2370.0 2385.0 ssil -215.467667
2385.0 2415.0 ssil -406.417084 DE
2415.0 2435.0 d -276.610229
2435.0 2450.0 ssil -182.909714
2450.0 2465.0 ssil -174.829391 KAPITEIN
2465.0 2515.0 k -663.164612
2515.0 2635.0 ac -1485.122070
2635.0 2660.0 p -378.959290
2660.0 2690.0 i -492.488007
2690.0 2785.0 t -1390.987427
2785.0 2920.0 ei -1438.449341
2920.0 2950.0 n -307.737915
2950.0 2965.0 ssil -188.061951
2965.0 2980.0 ssil -183.425003 BLIJ
2980.0 2995.0 b -219.504074
2995.0 3035.0 l -574.751221
3035.0 3205.0 ei -1871.162720
3205.0 3220.0 ssil -192.843262
3220.0 3235.0 ssil -212.467773 WEG
3235.0 3255.0 w -265.795227
3255.0 3375.0 ec -1322.529419
3375.0 3565.0 x -2362.356689
3565.0 3880.0 ssil -3774.704102
.
