#!MLF!#
"/net/aistaff/aki/_same-utterance/wav/05/Groningen_and_Drenthe/2200-1449264358-236791.rec"
0.0 710.0 ssil -8107.590332 NA
710.0 765.0 n -759.725342
765.0 920.0 a -1985.625610
920.0 950.0 ssil -460.237549
950.0 975.0 ssil -421.073334 DE
975.0 990.0 d -206.549698
990.0 1005.0 ssil -180.533691
1005.0 1030.0 ssil -334.061005 TOCHT
1030.0 1075.0 t -640.142883
1075.0 1165.0 oc -1206.637085
1165.0 1235.0 x -982.671936
1235.0 1250.0 ssil -242.921967
1250.0 1265.0 ssil -232.409027 IN
1265.0 1280.0 n -211.561890
1280.0 1295.0 ssil -202.288361
1295.0 1310.0 ssil -221.869873 DE
1310.0 1325.0 d -239.076859
1325.0 1340.0 ssil -204.209122
1340.0 1355.0 ssil -196.128281 REGEN
1355.0 1610.0 r -3254.003174
1610.0 1750.0 e -1469.798340
1750.0 1810.0 gc -761.517090
1810.0 1830.0 @ -259.823212
1830.0 1920.0 n -1070.951660
1920.0 2065.0 ssil -1668.956543
2065.0 2095.0 ssil -323.529510 VAART
2095.0 2145.0 v -598.476501
2145.0 2190.0 a -521.411865
2190.0 2235.0 r -564.119080
2235.0 2250.0 ssil -220.916428
2250.0 2265.0 ssil -192.777100 DE
2265.0 2290.0 d -352.843658
2290.0 2340.0 @ -708.984375
2340.0 2355.0 ssil -244.574356
2355.0 2370.0 ssil -251.460007 KAPITEIN
2370.0 2410.0 k -554.209229
2410.0 2485.0 ac -929.874939
2485.0 2565.0 p -1088.622803
2565.0 2690.0 t -1735.430298
2690.0 2840.0 ei -1969.062134
2840.0 2935.0 n -1123.469849
2935.0 2950.0 ssil -189.050797
2950.0 2965.0 ssil -185.990631 BLIJ
2965.0 3020.0 b -748.458618
3020.0 3075.0 l -805.342651
3075.0 3210.0 ei -1762.610962
3210.0 3225.0 ssil -210.080444
3225.0 3240.0 ssil -193.308762 WEG
3240.0 3290.0 w -546.682312
3290.0 3405.0 ec -1414.888550
3405.0 3425.0 x -302.343506
3425.0 4505.0 ssil -12229.005859
.
