#!MLF!#
"/net/aistaff/aki/_same-utterance/wav/05/Groningen_and_Drenthe/2409-1449314637-266935.rec"
0.0 675.0 ssil -8232.382812 NA
675.0 740.0 n -851.797119
740.0 850.0 a -1312.040161
850.0 865.0 ssil -232.737335
865.0 880.0 ssil -232.102310 DE
880.0 910.0 d -455.302032
910.0 930.0 @ -302.215088
930.0 965.0 ssil -476.541443
965.0 1025.0 ssil -787.828491 TOCHT
1025.0 1060.0 t -539.922974
1060.0 1165.0 oc -1458.090332
1165.0 1250.0 x -1126.157715
1250.0 1305.0 t -797.730774
1305.0 1320.0 ssil -221.583389
1320.0 1335.0 ssil -198.000122 IN
1335.0 1365.0 n -376.786621
1365.0 1380.0 ssil -236.111755
1380.0 1395.0 ssil -235.640213 DE
1395.0 1440.0 d -625.816040
1440.0 1490.0 @ -624.695923
1490.0 1505.0 ssil -196.267319
1505.0 1520.0 ssil -191.245789 REGEN
1520.0 1545.0 r -335.632935
1545.0 1775.0 e -2670.645508
1775.0 1850.0 x -991.972534
1850.0 1870.0 @ -268.222534
1870.0 1885.0 ssil -210.182022
1885.0 1900.0 ssil -198.152298 VAART
1900.0 2005.0 f -1387.045654
2005.0 2110.0 a -1243.408691
2110.0 2125.0 r -211.996338
2125.0 2145.0 ssil -277.109436
2145.0 2160.0 ssil -219.462860 DE
2160.0 2190.0 d -455.966522
2190.0 2215.0 @ -345.540283
2215.0 2230.0 ssil -200.484741
2230.0 2245.0 ssil -193.851257 KAPITEIN
2245.0 2300.0 k -813.278381
2300.0 2405.0 ac -1338.104980
2405.0 2445.0 p -658.147400
2445.0 2495.0 i -778.619385
2495.0 2550.0 t -863.199219
2550.0 2705.0 ei -1645.384766
2705.0 2750.0 n -487.712006
2750.0 2765.0 ssil -204.385391
2765.0 2780.0 ssil -206.670944 BLIJ
2780.0 2805.0 b -391.944183
2805.0 2855.0 l -696.478638
2855.0 3015.0 ei -1483.675537
3015.0 3030.0 ssil -186.110779
3030.0 3045.0 ssil -174.609665 WEG
3045.0 3060.0 w -186.186462
3060.0 3195.0 ec -1623.321899
3195.0 3455.0 x -3213.705078
3455.0 4040.0 ssil -7140.065918
.
