#!MLF!#
"/net/aistaff/aki/_same-utterance/wav/05/Groningen_and_Drenthe/243-1449244743-21050.rec"
0.0 660.0 ssil -8326.240234 NA
660.0 765.0 n -1308.360474
765.0 965.0 a -2213.484375
965.0 995.0 ssil -415.439575
995.0 1010.0 ssil -197.449249 DE
1010.0 1025.0 d -197.364304
1025.0 1080.0 @ -687.937378
1080.0 1095.0 ssil -196.587585
1095.0 1110.0 ssil -187.594315 TOCHT
1110.0 1160.0 t -711.369507
1160.0 1260.0 oc -1372.244141
1260.0 1380.0 x -1659.911621
1380.0 1410.0 ssil -491.974121
1410.0 1425.0 ssil -243.488342 IN
1425.0 1475.0 n -665.297607
1475.0 1490.0 ssil -227.703720
1490.0 1505.0 ssil -224.774094 DE
1505.0 1540.0 d -467.597107
1540.0 1615.0 @ -858.505920
1615.0 1630.0 ssil -217.198212
1630.0 1645.0 ssil -207.652359 REGEN
1645.0 1680.0 r -425.795990
1680.0 1865.0 e -2075.507568
1865.0 1910.0 gc -607.057617
1910.0 1975.0 @ -856.365662
1975.0 2015.0 n -480.741974
2015.0 2045.0 ssil -408.449219
2045.0 2070.0 ssil -337.315765 VAART
2070.0 2135.0 f -919.585754
2135.0 2250.0 a -1291.915283
2250.0 2280.0 r -375.141022
2280.0 2295.0 ssil -188.813522
2295.0 2310.0 ssil -227.264725 DE
2310.0 2340.0 d -426.518463
2340.0 2370.0 @ -425.501190
2370.0 2385.0 ssil -219.492661
2385.0 2400.0 ssil -212.120285 KAPITEIN
2400.0 2450.0 k -716.329712
2450.0 2575.0 @ -1719.291016
2575.0 2595.0 p -280.673981
2595.0 2680.0 i -1166.119263
2680.0 2740.0 t -882.289551
2740.0 2915.0 ei -1774.338867
2915.0 3015.0 n -1078.758789
3015.0 3030.0 ssil -190.831512
3030.0 3045.0 ssil -221.221100 BLIJ
3045.0 3060.0 b -221.874374
3060.0 3125.0 l -936.393372
3125.0 3255.0 ei -1489.521240
3255.0 3270.0 ssil -179.695663
3270.0 3285.0 ssil -172.965027 WEG
3285.0 3315.0 w -324.359833
3315.0 3430.0 ec -1124.144165
3430.0 3445.0 x -206.964783
3445.0 4110.0 ssil -7873.332031
.
