#!MLF!#
"/net/aistaff/aki/_same-utterance/wav/05/Groningen_and_Drenthe/266-1449073945-24358.rec"
0.0 1300.0 ssil -15554.685547 NA
1300.0 1380.0 n -1079.996826
1380.0 1580.0 a -2245.493896
1580.0 1595.0 ssil -241.710434
1595.0 1610.0 ssil -275.819458 DE
1610.0 1630.0 d -321.779358
1630.0 1700.0 @ -915.310669
1700.0 1745.0 ssil -686.362183
1745.0 1780.0 ssil -519.738342 TOCHT
1780.0 1845.0 t -930.264282
1845.0 1965.0 oc -1598.238281
1965.0 2015.0 x -722.963745
2015.0 2105.0 t -1323.788818
2105.0 2120.0 ssil -238.834549
2120.0 2140.0 ssil -288.177338 IN
2140.0 2155.0 n -220.214539
2155.0 2170.0 ssil -208.916458
2170.0 2185.0 ssil -196.712326 DE
2185.0 2245.0 d -775.558533
2245.0 2365.0 @ -1607.858398
2365.0 2380.0 ssil -213.120941
2380.0 2395.0 ssil -224.343231 REGEN
2395.0 2540.0 r -1844.166138
2540.0 2820.0 e -2720.463135
2820.0 2910.0 gc -1270.777832
2910.0 3165.0 @ -3154.677979
3165.0 3205.0 n -510.732635
3205.0 3240.0 ssil -544.049194
3240.0 3265.0 ssil -376.959595 VAART
3265.0 3425.0 f -2000.115723
3425.0 3565.0 a -1650.031738
3565.0 3585.0 r -286.261902
3585.0 3605.0 ssil -320.361328
3605.0 3645.0 ssil -548.158875 DE
3645.0 3690.0 d -642.476013
3690.0 3710.0 @ -289.943420
3710.0 3725.0 ssil -284.895599
3725.0 3740.0 ssil -269.917450 KAPITEIN
3740.0 3815.0 k -1231.500488
3815.0 3955.0 ac -1794.859375
3955.0 3990.0 p -550.840332
3990.0 4010.0 i -330.340454
4010.0 4165.0 t -2347.028564
4165.0 4370.0 ei -2213.807373
4370.0 4515.0 n -1673.341187
4515.0 4530.0 ssil -203.629242
4530.0 4545.0 ssil -186.867447 BLIJ
4545.0 4610.0 b -779.558716
4610.0 4695.0 l -1047.697266
4695.0 4975.0 ei -2944.318604
4975.0 5035.0 ssil -711.248169
5035.0 5050.0 ssil -196.201660 WEG
5050.0 5100.0 w -673.940552
5100.0 5270.0 ec -1738.205566
5270.0 5585.0 x -4259.767578
5585.0 6920.0 ssil -17484.960938
.
