#!MLF!#
"/net/aistaff/aki/_same-utterance/wav/05/Groningen_and_Drenthe/2860-1449395418-337073.rec"
0.0 285.0 ssil -2328.517090 NA
285.0 300.0 n -153.909866
300.0 315.0 a -169.253372
315.0 475.0 ssil -2249.421143
475.0 985.0 ssil -7005.981934 DE
985.0 1015.0 d -434.581940
1015.0 1200.0 @ -2497.612061
1200.0 1215.0 ssil -215.797272
1215.0 1275.0 ssil -829.879639 TOCHT
1275.0 1315.0 t -566.894958
1315.0 1400.0 oc -1158.426514
1400.0 1460.0 x -845.695679
1460.0 1480.0 ssil -235.444580
1480.0 1530.0 ssil -661.362854 IN
1530.0 1545.0 n -229.137955
1545.0 1560.0 ssil -226.882950
1560.0 1575.0 ssil -255.815247 DE
1575.0 1610.0 d -554.052307
1610.0 1660.0 @ -680.904114
1660.0 1690.0 ssil -485.100220
1690.0 1710.0 ssil -296.406525 REGEN
1710.0 1825.0 r -1421.136475
1825.0 2025.0 e -2185.183105
2025.0 2110.0 x -1068.989624
2110.0 2205.0 @ -1038.205566
2205.0 2220.0 ssil -188.500702
2220.0 2280.0 ssil -704.670227 VAART
2280.0 2315.0 v -535.931885
2315.0 2390.0 a -846.480347
2390.0 2415.0 r -355.257874
2415.0 2430.0 ssil -218.088821
2430.0 2450.0 ssil -283.169861 DE
2450.0 2480.0 d -426.174591
2480.0 2505.0 @ -334.065552
2505.0 2535.0 ssil -491.349915
2535.0 2550.0 ssil -264.321747 KAPITEIN
2550.0 2580.0 k -485.578308
2580.0 2625.0 ac -606.554993
2625.0 2640.0 b -210.063126
2640.0 2775.0 @ -1910.872437
2775.0 2825.0 d -722.519775
2825.0 2985.0 ei -1569.339233
2985.0 3120.0 n -1616.106934
3120.0 3135.0 ssil -186.219299
3135.0 3150.0 ssil -215.380554 BLIJ
3150.0 3175.0 b -350.498810
3175.0 3235.0 l -845.382385
3235.0 3375.0 ei -1457.100342
3375.0 3390.0 ssil -193.603653
3390.0 3405.0 ssil -184.859787 WEG
3405.0 3455.0 w -570.542419
3455.0 3585.0 ec -1594.444580
3585.0 3745.0 x -2002.757935
3745.0 4180.0 ssil -5562.826172
.
