#!MLF!#
"/net/aistaff/aki/_same-utterance/wav/05/Groningen_and_Drenthe/2963-1449405504-352160.rec"
0.0 1035.0 ssil -11589.419922 NA
1035.0 1085.0 n -616.054749
1085.0 1285.0 a -2139.433350
1285.0 1300.0 ssil -218.138336
1300.0 1315.0 ssil -222.920349 DE
1315.0 1345.0 d -414.885223
1345.0 1425.0 @ -1063.770020
1425.0 1440.0 ssil -199.698395
1440.0 1470.0 ssil -437.366180 TOCHT
1470.0 1515.0 t -622.520691
1515.0 1650.0 oc -1671.935791
1650.0 1740.0 x -1198.418823
1740.0 1795.0 ssil -795.522034
1795.0 1810.0 ssil -206.771606 IN
1810.0 1865.0 n -640.822693
1865.0 1880.0 ssil -205.272858
1880.0 1895.0 ssil -196.165634 DE
1895.0 1940.0 d -595.417603
1940.0 2000.0 @ -752.570435
2000.0 2025.0 ssil -324.038269
2025.0 2040.0 ssil -181.935135 REGEN
2040.0 2080.0 r -514.445923
2080.0 2330.0 e -2486.506836
2330.0 2435.0 x -1411.158203
2435.0 2450.0 @ -183.207474
2450.0 2605.0 n -1649.070068
2605.0 2635.0 ssil -341.524109
2635.0 2660.0 ssil -286.281708 VAART
2660.0 2710.0 f -644.811584
2710.0 2880.0 a -1747.798462
2880.0 2895.0 r -193.194885
2895.0 2915.0 ssil -229.960754
2915.0 2930.0 ssil -198.109665 DE
2930.0 2965.0 d -482.044647
2965.0 3010.0 @ -540.947632
3010.0 3035.0 ssil -338.984985
3035.0 3065.0 ssil -374.102570 KAPITEIN
3065.0 3115.0 k -676.381409
3115.0 3240.0 ac -1591.380371
3240.0 3270.0 p -426.669312
3270.0 3320.0 i -581.551025
3320.0 3435.0 t -1532.629150
3435.0 3660.0 ei -2264.312744
3660.0 3720.0 n -661.172791
3720.0 3735.0 ssil -184.529358
3735.0 3750.0 ssil -207.293961 BLIJ
3750.0 3775.0 b -356.633972
3775.0 3840.0 l -783.652771
3840.0 4060.0 ei -2152.445801
4060.0 4075.0 ssil -185.489975
4075.0 4090.0 ssil -177.940414 WEG
4090.0 4145.0 w -575.727478
4145.0 4320.0 ec -1995.324341
4320.0 4495.0 x -2125.501221
4495.0 5435.0 ssil -10340.399414
.
