#!MLF!#
"/net/aistaff/aki/_same-utterance/wav/05/Groningen_and_Drenthe/3041-1449410240-362072.rec"
0.0 15.0 ssil -144.899933 NA
15.0 30.0 n -147.833633
30.0 630.0 a -5013.270508
630.0 760.0 ssil -1846.510498
760.0 845.0 ssil -1053.166748 DE
845.0 865.0 d -355.547424
865.0 1065.0 @ -2873.299072
1065.0 1080.0 ssil -219.917542
1080.0 1120.0 ssil -543.830750 TOCHT
1120.0 1170.0 t -711.962463
1170.0 1250.0 oc -1037.669800
1250.0 1310.0 x -799.037109
1310.0 1325.0 ssil -216.455963
1325.0 1340.0 ssil -225.289093 IN
1340.0 1355.0 n -231.617615
1355.0 1370.0 ssil -246.004791
1370.0 1385.0 ssil -246.452896 DE
1385.0 1400.0 d -239.977753
1400.0 1475.0 @ -1036.816528
1475.0 1490.0 ssil -247.459152
1490.0 1505.0 ssil -246.617493 REGEN
1505.0 1620.0 r -1440.038330
1620.0 1820.0 e -2184.252686
1820.0 1895.0 gc -958.353088
1895.0 2025.0 @ -1457.659302
2025.0 2095.0 ssil -942.372131
2095.0 2185.0 ssil -1292.231934 VAART
2185.0 2200.0 f -252.511246
2200.0 2285.0 a -878.804321
2285.0 2300.0 r -199.849655
2300.0 2320.0 ssil -293.462036
2320.0 2345.0 ssil -368.932007 DE
2345.0 2375.0 d -421.709656
2375.0 2410.0 @ -440.441681
2410.0 2425.0 ssil -201.261963
2425.0 2440.0 ssil -201.871002 KAPITEIN
2440.0 2490.0 k -724.171326
2490.0 2580.0 ac -1093.466309
2580.0 2625.0 p -603.812744
2625.0 2655.0 i -426.999512
2655.0 2755.0 t -1247.539062
2755.0 2910.0 ei -1894.744995
2910.0 2975.0 n -814.689697
2975.0 2995.0 ssil -254.769882
2995.0 3010.0 ssil -203.017975 BLIJ
3010.0 3045.0 b -498.556824
3045.0 3080.0 l -452.073792
3080.0 3250.0 ei -1787.519897
3250.0 3265.0 ssil -190.534515
3265.0 3280.0 ssil -185.389175 WEG
3280.0 3300.0 w -239.527634
3300.0 3410.0 ec -1572.486206
3410.0 3645.0 x -3023.129150
3645.0 3900.0 ssil -3679.812744
.
