#!MLF!#
"/net/aistaff/aki/_same-utterance/wav/05/Groningen_and_Drenthe/3084-1449416967-372629.rec"
0.0 960.0 ssil -11252.105469 NA
960.0 1005.0 n -617.438599
1005.0 1180.0 a -2188.577148
1180.0 1195.0 ssil -199.441315
1195.0 1215.0 ssil -303.050140 DE
1215.0 1235.0 d -291.783081
1235.0 1330.0 @ -1176.112671
1330.0 1345.0 ssil -198.353348
1345.0 1370.0 ssil -371.186981 TOCHT
1370.0 1420.0 t -763.353760
1420.0 1560.0 oc -1711.440674
1560.0 1645.0 x -1135.423218
1645.0 1715.0 t -1013.146179
1715.0 1790.0 ssil -1028.730713
1790.0 1815.0 ssil -367.747375 IN
1815.0 1915.0 n -1128.616455
1915.0 1930.0 ssil -225.890594
1930.0 1945.0 ssil -239.521194 DE
1945.0 1965.0 d -274.099487
1965.0 2045.0 @ -895.568420
2045.0 2060.0 ssil -209.361633
2060.0 2075.0 ssil -197.396942 REGEN
2075.0 2110.0 r -415.085846
2110.0 2325.0 e -1968.618042
2325.0 2365.0 gc -533.533508
2365.0 2430.0 @ -800.093384
2430.0 2605.0 n -2103.773438
2605.0 2700.0 ssil -1113.188599
2700.0 2735.0 ssil -490.483002 VAART
2735.0 2845.0 f -1335.206055
2845.0 3015.0 a -2017.079224
3015.0 3100.0 r -1214.491211
3100.0 3165.0 t -910.610901
3165.0 3180.0 ssil -207.742737
3180.0 3195.0 ssil -213.076370 DE
3195.0 3240.0 d -642.314209
3240.0 3300.0 @ -768.735352
3300.0 3315.0 ssil -195.068512
3315.0 3330.0 ssil -216.749573 KAPITEIN
3330.0 3385.0 k -824.032104
3385.0 3505.0 ac -1604.586304
3505.0 3545.0 p -598.911499
3545.0 3605.0 i -772.266724
3605.0 3690.0 t -1174.330200
3690.0 3925.0 ei -2593.627441
3925.0 3970.0 n -532.201599
3970.0 3985.0 ssil -196.604584
3985.0 4000.0 ssil -182.427261 BLIJ
4000.0 4085.0 b -1040.410034
4085.0 4150.0 l -799.381470
4150.0 4460.0 ei -3253.614014
4460.0 4475.0 ssil -193.033249
4475.0 4490.0 ssil -212.419769 WEG
4490.0 4520.0 w -368.568665
4520.0 4655.0 ec -1568.688721
4655.0 4840.0 x -2289.171143
4840.0 5320.0 ssil -5485.744141
.
