#!MLF!#
"/net/aistaff/aki/_same-utterance/wav/05/Groningen_and_Drenthe/313-1449077566-28754.rec"
0.0 805.0 ssil -9097.233398 NA
805.0 845.0 n -607.399902
845.0 970.0 a -1471.801392
970.0 1015.0 ssil -637.801453
1015.0 1040.0 ssil -347.068298 DE
1040.0 1065.0 d -322.881500
1065.0 1080.0 @ -187.942474
1080.0 1095.0 ssil -198.308182
1095.0 1110.0 ssil -219.500885 TOCHT
1110.0 1145.0 t -522.840698
1145.0 1245.0 oc -1252.942261
1245.0 1305.0 x -831.713806
1305.0 1320.0 ssil -212.881775
1320.0 1335.0 ssil -233.960022 IN
1335.0 1350.0 n -234.359482
1350.0 1395.0 ssil -606.376709
1395.0 1430.0 ssil -491.210968 DE
1430.0 1535.0 d -1470.205322
1535.0 1585.0 @ -682.497742
1585.0 1600.0 ssil -258.353271
1600.0 1615.0 ssil -235.294800 REGEN
1615.0 1705.0 r -1169.365845
1705.0 1965.0 e -2742.140137
1965.0 2035.0 x -917.050476
2035.0 2125.0 @ -1061.958496
2125.0 2170.0 ssil -517.601929
2170.0 2245.0 ssil -844.368835 VAART
2245.0 2295.0 f -670.881104
2295.0 2325.0 a -428.943237
2325.0 2380.0 r -803.069458
2380.0 2395.0 ssil -212.705627
2395.0 2410.0 ssil -232.215897 DE
2410.0 2430.0 d -290.892120
2430.0 2450.0 @ -254.453857
2450.0 2465.0 ssil -191.417511
2465.0 2490.0 ssil -307.538757 KAPITEIN
2490.0 2535.0 k -649.244751
2535.0 2625.0 ac -1152.102905
2625.0 2665.0 p -623.219604
2665.0 2775.0 t -1612.744141
2775.0 2920.0 ei -1675.020752
2920.0 2990.0 n -752.648010
2990.0 3005.0 ssil -178.771713
3005.0 3020.0 ssil -173.703156 BLIJ
3020.0 3070.0 b -626.897522
3070.0 3125.0 l -691.327271
3125.0 3390.0 ei -2791.120361
3390.0 3410.0 ssil -232.225754
3410.0 3425.0 ssil -179.297638 WEG
3425.0 3485.0 w -665.215515
3485.0 3605.0 ec -1491.276123
3605.0 3770.0 x -2027.876343
3770.0 4180.0 ssil -4656.843262
.
