#!MLF!#
"/net/aistaff/aki/_same-utterance/wav/05/Groningen_and_Drenthe/3172-1449433503-395162.rec"
0.0 660.0 ssil -7550.905762 NA
660.0 775.0 n -1380.940674
775.0 925.0 a -1865.127075
925.0 940.0 ssil -230.258484
940.0 955.0 ssil -252.661560 DE
955.0 975.0 d -297.776764
975.0 1085.0 @ -1397.718018
1085.0 1115.0 ssil -401.737915
1115.0 1150.0 ssil -426.817169 TOCHT
1150.0 1200.0 t -730.218018
1200.0 1310.0 oc -1273.554321
1310.0 1385.0 x -1001.092712
1385.0 1400.0 ssil -231.643372
1400.0 1415.0 ssil -204.305542 IN
1415.0 1430.0 n -234.133835
1430.0 1445.0 ssil -237.028458
1445.0 1460.0 ssil -220.656723 DE
1460.0 1480.0 d -304.046356
1480.0 1660.0 @ -2028.466064
1660.0 1675.0 ssil -196.261246
1675.0 1690.0 ssil -207.763199 REGEN
1690.0 1715.0 r -312.711121
1715.0 1955.0 e -2336.610840
1955.0 2050.0 gc -1222.141846
2050.0 2200.0 @ -1928.683960
2200.0 2250.0 ssil -690.539612
2250.0 2290.0 ssil -473.865967 VAART
2290.0 2340.0 f -689.536011
2340.0 2450.0 a -1391.182007
2450.0 2475.0 r -361.484680
2475.0 2490.0 ssil -211.561340
2490.0 2510.0 ssil -311.105560 DE
2510.0 2545.0 d -541.201904
2545.0 2565.0 @ -275.010406
2565.0 2580.0 ssil -176.891617
2580.0 2655.0 ssil -923.887146 KAPITEIN
2655.0 2685.0 k -507.173492
2685.0 2790.0 ac -1341.645142
2790.0 2820.0 p -408.473419
2820.0 2955.0 i -1837.151367
2955.0 3000.0 t -639.660461
3000.0 3165.0 ei -1741.402710
3165.0 3220.0 n -599.538696
3220.0 3235.0 ssil -200.346756
3235.0 3250.0 ssil -215.638763 BLIJ
3250.0 3265.0 b -242.662735
3265.0 3315.0 l -666.699036
3315.0 3670.0 ei -3733.599609
3670.0 3685.0 ssil -191.275665
3685.0 3700.0 ssil -193.184067 WEG
3700.0 3715.0 w -229.470871
3715.0 3730.0 ec -230.760406
3730.0 3945.0 x -2697.959961
3945.0 4155.0 ssil -2384.359619
.
