#!MLF!#
"/net/aistaff/aki/_same-utterance/wav/05/Groningen_and_Drenthe/318-1449077038-29638.rec"
0.0 530.0 ssil -5879.210449 NA
530.0 600.0 n -930.150452
600.0 765.0 a -2076.797363
765.0 780.0 ssil -215.323242
780.0 800.0 ssil -318.281860 DE
800.0 825.0 d -407.215485
825.0 960.0 @ -1811.528687
960.0 980.0 ssil -312.457031
980.0 995.0 ssil -269.274109 TOCHT
995.0 1055.0 t -857.235352
1055.0 1175.0 oc -1541.225952
1175.0 1245.0 x -944.570068
1245.0 1320.0 ssil -1133.900757
1320.0 1335.0 ssil -209.994827 IN
1335.0 1425.0 n -1213.971802
1425.0 1440.0 ssil -241.548462
1440.0 1455.0 ssil -233.618225 DE
1455.0 1475.0 d -316.528503
1475.0 1590.0 @ -1333.459961
1590.0 1605.0 ssil -216.549271
1605.0 1620.0 ssil -222.854523 REGEN
1620.0 1635.0 r -223.360275
1635.0 1860.0 e -2582.503662
1860.0 1950.0 x -1337.299561
1950.0 2010.0 @ -799.952454
2010.0 2025.0 ssil -226.205276
2025.0 2040.0 ssil -206.824997 VAART
2040.0 2150.0 f -1456.384155
2150.0 2340.0 a -2353.221191
2340.0 2360.0 r -256.414368
2360.0 2375.0 ssil -220.067490
2375.0 2395.0 ssil -301.300629 DE
2395.0 2410.0 d -234.216492
2410.0 2470.0 @ -752.860168
2470.0 2485.0 ssil -207.099167
2485.0 2530.0 ssil -607.364075 KAPITEIN
2530.0 2585.0 k -739.752258
2585.0 2650.0 ac -833.733948
2650.0 2665.0 p -213.800476
2665.0 2695.0 @ -369.442810
2695.0 2880.0 t -2612.244385
2880.0 3045.0 ei -1764.757935
3045.0 3125.0 n -965.717651
3125.0 3140.0 ssil -194.956528
3140.0 3155.0 ssil -194.243134 BLIJ
3155.0 3190.0 b -528.395935
3190.0 3235.0 l -583.563538
3235.0 3425.0 ei -2048.452393
3425.0 3440.0 ssil -201.620117
3440.0 3455.0 ssil -209.178040 WEG
3455.0 3485.0 w -382.585632
3485.0 3620.0 ec -1414.968018
3620.0 3795.0 x -2290.754150
3795.0 4460.0 ssil -7707.972656
.
