#!MLF!#
"/net/aistaff/aki/_same-utterance/wav/05/Groningen_and_Drenthe/3419-1449532109-465776.rec"
0.0 15.0 ssil -150.999100 NA
15.0 165.0 n -1257.895752
165.0 185.0 a -244.185547
185.0 215.0 ssil -412.669159
215.0 905.0 ssil -8115.336426 DE
905.0 1055.0 d -2009.492554
1055.0 1200.0 @ -2070.322510
1200.0 1255.0 ssil -802.735962
1255.0 1275.0 ssil -280.153778 TOCHT
1275.0 1325.0 t -797.932922
1325.0 1410.0 oc -1171.329712
1410.0 1465.0 x -719.775452
1465.0 1495.0 ssil -383.738647
1495.0 1515.0 ssil -265.125336 IN
1515.0 1545.0 n -471.459625
1545.0 1625.0 ssil -1195.965576
1625.0 1660.0 ssil -525.156921 DE
1660.0 1685.0 d -361.095490
1685.0 1750.0 @ -803.397339
1750.0 1765.0 ssil -185.581131
1765.0 1780.0 ssil -179.163162 REGEN
1780.0 1815.0 r -480.871857
1815.0 2000.0 e -2011.612427
2000.0 2125.0 gc -1595.402344
2125.0 2210.0 n -963.481567
2210.0 2225.0 ssil -170.424896
2225.0 2240.0 ssil -169.279251 VAART
2240.0 2295.0 v -696.373108
2295.0 2380.0 a -940.684326
2380.0 2405.0 r -374.289734
2405.0 2420.0 ssil -221.058746
2420.0 2445.0 ssil -329.479767 DE
2445.0 2490.0 d -684.166809
2490.0 2505.0 @ -209.487045
2505.0 2560.0 ssil -679.391785
2560.0 2585.0 ssil -350.456238 KAPITEIN
2585.0 2650.0 k -1024.080811
2650.0 2705.0 ac -734.771790
2705.0 2765.0 p -857.846924
2765.0 2820.0 i -720.715576
2820.0 2930.0 t -1546.780396
2930.0 3030.0 ei -1305.932373
3030.0 3125.0 n -1334.470093
3125.0 3150.0 ssil -320.536102
3150.0 3165.0 ssil -210.949875 BLIJ
3165.0 3195.0 b -463.197601
3195.0 3290.0 l -1234.649902
3290.0 3560.0 ei -3134.483398
3560.0 3575.0 ssil -188.938034
3575.0 3590.0 ssil -196.084213 WEG
3590.0 3605.0 w -196.775726
3605.0 3680.0 ec -952.958923
3680.0 3920.0 x -2990.175537
3920.0 4275.0 ssil -4414.799316
.
