#!MLF!#
"/net/aistaff/aki/_same-utterance/wav/05/Groningen_and_Drenthe/3526-1449595966-490979.rec"
0.0 400.0 ssil -3771.251709 NA
400.0 415.0 n -210.686798
415.0 485.0 a -837.874207
485.0 540.0 ssil -835.026917
540.0 1225.0 ssil -8295.813477 DE
1225.0 1280.0 d -774.669312
1280.0 1535.0 @ -3489.763428
1535.0 1615.0 ssil -982.422729
1615.0 1655.0 ssil -503.670654 TOCHT
1655.0 1690.0 t -526.605774
1690.0 1780.0 oc -1269.371582
1780.0 1875.0 x -1375.194946
1875.0 1995.0 t -1566.230347
1995.0 2115.0 ssil -1621.186401
2115.0 2130.0 ssil -242.642761 IN
2130.0 2215.0 n -1224.922119
2215.0 2230.0 ssil -201.911392
2230.0 2245.0 ssil -217.987167 DE
2245.0 2265.0 d -311.439850
2265.0 2375.0 @ -1517.175537
2375.0 2390.0 ssil -212.630722
2390.0 2405.0 ssil -211.694855 REGEN
2405.0 2450.0 r -648.406982
2450.0 2665.0 e -2579.389160
2665.0 2695.0 gc -431.158905
2695.0 2775.0 @ -996.808533
2775.0 2955.0 n -2040.993774
2955.0 3000.0 ssil -614.902771
3000.0 3070.0 ssil -890.854431 VAART
3070.0 3140.0 v -883.162537
3140.0 3260.0 a -1333.488892
3260.0 3275.0 r -211.111191
3275.0 3290.0 ssil -204.429749
3290.0 3320.0 ssil -423.653625 DE
3320.0 3370.0 d -823.379272
3370.0 3420.0 @ -658.931946
3420.0 3440.0 ssil -227.536957
3440.0 3455.0 ssil -184.610611 KAPITEIN
3455.0 3515.0 k -870.872314
3515.0 3645.0 ac -1603.212036
3645.0 3680.0 p -510.135712
3680.0 3730.0 i -694.392883
3730.0 3870.0 t -1959.084229
3870.0 4070.0 ei -2437.450195
4070.0 4220.0 n -1659.263428
4220.0 4240.0 ssil -245.165512
4240.0 4260.0 ssil -266.057983 BLIJ
4260.0 4410.0 b -1817.336670
4410.0 4500.0 l -1244.521729
4500.0 4670.0 ei -2171.535645
4670.0 4730.0 ssil -757.306030
4730.0 6555.0 ssil -21243.511719 WEG
6555.0 6570.0 w -174.358459
6570.0 6840.0001 ec -2899.518799
6840.0001 6855.0001 x -205.711411
6855.0001 10590.0 ssil -42287.460938
.
