#!MLF!#
"/net/aistaff/aki/_same-utterance/wav/05/Groningen_and_Drenthe/3944-1454352611-598916.rec"
0.0 590.0 ssil -6889.562012 NA
590.0 640.0 n -612.524902
640.0 740.0 a -1106.364868
740.0 755.0 ssil -222.572403
755.0 770.0 ssil -215.505493 DE
770.0 790.0 d -268.164246
790.0 850.0 @ -718.973206
850.0 880.0 ssil -388.966003
880.0 905.0 ssil -351.293396 TOCHT
905.0 965.0 t -799.010193
965.0 1050.0 oc -1092.704224
1050.0 1185.0 x -1813.178101
1185.0 1255.0 t -950.833435
1255.0 1270.0 ssil -210.746902
1270.0 1285.0 ssil -192.336685 IN
1285.0 1355.0 n -752.443848
1355.0 1370.0 ssil -204.242401
1370.0 1385.0 ssil -224.290192 DE
1385.0 1410.0 d -345.727539
1410.0 1495.0 @ -904.122681
1495.0 1510.0 ssil -201.665192
1510.0 1525.0 ssil -219.515625 REGEN
1525.0 1540.0 r -207.483673
1540.0 1710.0 e -1705.564209
1710.0 1790.0 gc -1059.472412
1790.0 1845.0 @ -745.495361
1845.0 1965.0 n -1443.071167
1965.0 1985.0 ssil -264.463074
1985.0 2000.0 ssil -193.422852 VAART
2000.0 2095.0 f -1135.105591
2095.0 2195.0 a -954.453430
2195.0 2210.0 r -186.966431
2210.0 2225.0 ssil -198.739182
2225.0 2240.0 ssil -217.023422 DE
2240.0 2275.0 d -479.546387
2275.0 2300.0 @ -308.161469
2300.0 2315.0 ssil -185.261627
2315.0 2345.0 ssil -319.899567 KAPITEIN
2345.0 2405.0 k -787.160950
2405.0 2485.0 ac -946.203918
2485.0 2535.0 p -647.664246
2535.0 2595.0 i -791.363708
2595.0 2695.0 t -1304.614380
2695.0 2830.0 ei -1615.882690
2830.0 2915.0 n -980.303894
2915.0 2930.0 ssil -174.706863
2930.0 2945.0 ssil -184.626221 BLIJ
2945.0 2975.0 b -417.449463
2975.0 3035.0 l -764.562012
3035.0 3195.0 ei -1542.504272
3195.0 3210.0 ssil -187.931473
3210.0 3225.0 ssil -190.210342 WEG
3225.0 3240.0 w -172.928543
3240.0 3380.0 ec -1638.720581
3380.0 3555.0 x -2197.645264
3555.0 3995.0 ssil -5059.235840
.
