#!MLF!#
"/net/aistaff/aki/_same-utterance/wav/05/Groningen_and_Drenthe/3984-1449926752-608990.rec"
0.0 470.0 ssil -5479.331543 NA
470.0 520.0 n -636.206360
520.0 815.0 a -3372.167480
815.0 850.0 ssil -446.176300
850.0 875.0 ssil -301.227966 DE
875.0 940.0 d -883.683594
940.0 1040.0 @ -1188.028320
1040.0 1055.0 ssil -201.851364
1055.0 1075.0 ssil -258.350739 TOCHT
1075.0 1130.0 t -826.784302
1130.0 1235.0 oc -1322.394897
1235.0 1380.0 x -1726.014282
1380.0 1395.0 ssil -197.946136
1395.0 1430.0 ssil -469.602966 IN
1430.0 1445.0 n -235.086304
1445.0 1460.0 ssil -223.721664
1460.0 1475.0 ssil -183.017334 DE
1475.0 1565.0 d -1182.101685
1565.0 1760.0 @ -2323.616943
1760.0 1775.0 ssil -212.674057
1775.0 1790.0 ssil -207.307434 REGEN
1790.0 1840.0 r -603.828430
1840.0 2015.0 e -1737.454590
2015.0 2085.0 gc -877.969727
2085.0 2140.0 @ -614.148315
2140.0 2420.0 n -3223.304443
2420.0 2665.0 ssil -3137.734863
2665.0 2830.0 ssil -1880.848389 VAART
2830.0 2870.0 v -484.538605
2870.0 2995.0 a -1395.358887
2995.0 3010.0 r -207.755844
3010.0 3025.0 ssil -215.892181
3025.0 3040.0 ssil -259.320892 DE
3040.0 3060.0 d -285.038666
3060.0 3090.0 @ -376.958252
3090.0 3120.0 ssil -306.387177
3120.0 3155.0 ssil -446.469910 KAPITEIN
3155.0 3195.0 k -605.672607
3195.0 3280.0 ac -1020.322449
3280.0 3295.0 b -229.268723
3295.0 3310.0 d -221.938217
3310.0 3325.0 ei -231.367477
3325.0 3340.0 n -214.592285
3340.0 3355.0 ssil -205.373276
3355.0 3370.0 ssil -221.248856 BLIJ
3370.0 3385.0 b -225.850540
3385.0 3400.0 l -201.156998
3400.0 3555.0 ei -1821.151978
3555.0 3570.0 ssil -220.370026
3570.0 3585.0 ssil -193.266678 WEG
3585.0 3600.0 w -182.965561
3600.0 3615.0 ec -207.606812
3615.0 3630.0 x -264.254395
3630.0 3645.0 ssil -191.340912
.
