#!MLF!#
"/net/aistaff/aki/_same-utterance/wav/05/Groningen_and_Drenthe/4078-1449966154-627987.rec"
0.0 775.0 ssil -8255.749023 NA
775.0 885.0 n -1192.067383
885.0 1165.0 a -3155.813965
1165.0 1240.0 ssil -982.157227
1240.0 1255.0 ssil -194.880707 DE
1255.0 1275.0 d -263.590515
1275.0 1290.0 @ -203.956451
1290.0 1310.0 ssil -233.972488
1310.0 1325.0 ssil -190.983002 TOCHT
1325.0 1380.0 t -788.339905
1380.0 1495.0 oc -1271.884644
1495.0 1620.0 x -1648.648438
1620.0 1640.0 t -298.263245
1640.0 1655.0 ssil -222.469345
1655.0 1670.0 ssil -225.671158 IN
1670.0 1815.0 n -1534.824951
1815.0 1830.0 ssil -211.694962
1830.0 1850.0 ssil -279.646545 DE
1850.0 1875.0 d -340.694794
1875.0 2015.0 @ -1381.457275
2015.0 2030.0 ssil -178.047958
2030.0 2045.0 ssil -174.231491 REGEN
2045.0 2065.0 r -228.385269
2065.0 2350.0 e -2804.201904
2350.0 2400.0 gc -668.591736
2400.0 2465.0 @ -685.650574
2465.0 2550.0 n -994.389526
2550.0 2595.0 ssil -530.250549
2595.0 2720.0 ssil -1485.379517 VAART
2720.0 2855.0 f -1603.369629
2855.0 3020.0 a -1725.640747
3020.0 3035.0 r -203.615204
3035.0 3055.0 ssil -283.114441
3055.0 3105.0 ssil -636.392761 DE
3105.0 3135.0 d -413.897705
3135.0 3180.0 @ -552.299866
3180.0 3225.0 ssil -555.870544
3225.0 3245.0 ssil -250.698425 KAPITEIN
3245.0 3320.0 k -1071.201050
3320.0 3390.0 ac -857.064453
3390.0 3420.0 p -383.933594
3420.0 3520.0 @ -1315.151978
3520.0 3635.0 t -1475.013550
3635.0 3800.0 ei -1522.984863
3800.0 3885.0 n -876.639099
3885.0 3900.0 ssil -189.519135
3900.0 3915.0 ssil -182.014618 BLIJ
3915.0 3940.0 b -315.664642
3940.0 3975.0 l -425.540314
3975.0 4180.0 ei -2006.520996
4180.0 4195.0 ssil -188.376633
4195.0 4210.0 ssil -174.279480 WEG
4210.0 4245.0 w -334.306244
4245.0 4370.0 ec -1330.991211
4370.0 4405.0 x -481.837433
4405.0 4855.0 ssil -5281.990723
.
