#!MLF!#
"/net/aistaff/aki/_same-utterance/wav/05/Groningen_and_Drenthe/4087-1450040366-629465.rec"
0.0 400.0 ssil -3550.850098 NA
400.0 465.0 n -801.763672
465.0 625.0 a -1785.373413
625.0 640.0 ssil -216.469055
640.0 655.0 ssil -196.676163 DE
655.0 700.0 d -542.072998
700.0 740.0 @ -487.539642
740.0 770.0 ssil -453.648376
770.0 835.0 ssil -744.036682 TOCHT
835.0 890.0 t -732.327820
890.0 1005.0 oc -1443.425781
1005.0 1050.0 x -623.414551
1050.0 1065.0 ssil -192.867172
1065.0 1080.0 ssil -190.480667 IN
1080.0 1095.0 n -177.476318
1095.0 1110.0 ssil -176.382111
1110.0 1125.0 ssil -221.598236 DE
1125.0 1140.0 d -233.937256
1140.0 1235.0 @ -1118.067627
1235.0 1250.0 ssil -237.598343
1250.0 1270.0 ssil -282.362640 REGEN
1270.0 1375.0 r -1252.134399
1375.0 1575.0 e -2061.334229
1575.0 1605.0 gc -435.766449
1605.0 1650.0 @ -545.383911
1650.0 1705.0 n -719.372681
1705.0 1760.0 ssil -642.881653
1760.0 1810.0 ssil -593.840454 VAART
1810.0 1845.0 v -486.057922
1845.0 1975.0 a -1206.204224
1975.0 1990.0 r -209.416245
1990.0 2005.0 ssil -204.654144
2005.0 2020.0 ssil -211.332031 DE
2020.0 2055.0 d -529.919495
2055.0 2090.0 @ -504.533600
2090.0 2105.0 ssil -182.283936
2105.0 2120.0 ssil -170.585251 KAPITEIN
2120.0 2175.0 k -759.847534
2175.0 2265.0 ac -1050.660522
2265.0 2330.0 p -844.662781
2330.0 2445.0 t -1512.542847
2445.0 2610.0 ei -1699.895020
2610.0 2705.0 n -1028.749878
2705.0 2720.0 ssil -184.665649
2720.0 2735.0 ssil -192.721619 BLIJ
2735.0 2750.0 b -199.341965
2750.0 2810.0 l -695.545654
2810.0 2945.0 ei -1278.643311
2945.0 2960.0 ssil -184.250351
2960.0 2975.0 ssil -179.660629 WEG
2975.0 3000.0 w -257.408203
3000.0 3160.0 ec -1816.208618
3160.0 3175.0 x -191.996658
3175.0 3855.0 ssil -7832.660645
.
