#!MLF!#
"/net/aistaff/aki/_same-utterance/wav/05/Groningen_and_Drenthe/4111-1449997441-631985.rec"
0.0 835.0 ssil -9663.846680 NA
835.0 925.0 n -1165.830566
925.0 1120.0 a -2273.739990
1120.0 1135.0 ssil -212.802216
1135.0 1155.0 ssil -250.817139 DE
1155.0 1170.0 d -188.021179
1170.0 1225.0 @ -631.553162
1225.0 1240.0 ssil -216.803238
1240.0 1255.0 ssil -225.891251 TOCHT
1255.0 1275.0 t -289.601685
1275.0 1450.0 oc -2202.349854
1450.0 1480.0 ssil -396.971832
1480.0 1495.0 ssil -238.090561 IN
1495.0 1630.0 n -1665.508911
1630.0 1645.0 ssil -225.509171
1645.0 1660.0 ssil -212.582413 DE
1660.0 1675.0 d -190.422241
1675.0 1725.0 @ -567.957031
1725.0 1740.0 ssil -222.382690
1740.0 1755.0 ssil -216.828308 REGEN
1755.0 1790.0 r -436.871429
1790.0 1985.0 e -2079.894287
1985.0 2030.0 gc -614.434448
2030.0 2115.0 @ -1135.407837
2115.0 2230.0 n -1315.590820
2230.0 2250.0 ssil -248.886978
2250.0 2295.0 ssil -610.590393 VAART
2295.0 2330.0 v -470.758850
2330.0 2475.0 a -1526.857910
2475.0 2510.0 r -447.899261
2510.0 2560.0 ssil -651.872131
2560.0 2620.0 ssil -804.749573 DE
2620.0 2655.0 d -512.067200
2655.0 2695.0 @ -524.996155
2695.0 2730.0 ssil -416.086700
2730.0 2745.0 ssil -205.326080 KAPITEIN
2745.0 2795.0 k -669.667542
2795.0 2835.0 @ -541.558899
2835.0 2915.0 p -1029.108398
2915.0 2945.0 i -387.965912
2945.0 3060.0 t -1456.307739
3060.0 3240.0 ei -1941.071411
3240.0 3380.0 n -1570.580688
3380.0 3395.0 ssil -186.476318
3395.0 3410.0 ssil -188.679565 BLIJ
3410.0 3425.0 b -212.859772
3425.0 3490.0 l -844.666016
3490.0 3675.0 ei -1974.223633
3675.0 3690.0 ssil -187.303024
3690.0 3705.0 ssil -174.338821 WEG
3705.0 3750.0 w -515.787048
3750.0 3890.0 ec -1654.864990
3890.0 3905.0 x -197.672668
3905.0 4320.0 ssil -4999.207520
.
