#!MLF!#
"/net/aistaff/aki/_same-utterance/wav/05/Groningen_and_Drenthe/4378-1450291229-702195.rec"
0.0 15.0 ssil -169.082718 NA
15.0 300.0 n -2820.946045
300.0 315.0 a -212.722977
315.0 545.0 ssil -2557.521973
545.0 675.0 ssil -1522.449463 DE
675.0 720.0 d -606.341675
720.0 895.0 @ -2420.621338
895.0 915.0 ssil -280.950012
915.0 945.0 ssil -382.899963 TOCHT
945.0 1020.0 t -1052.376709
1020.0 1085.0 oc -970.693298
1085.0 1200.0 x -1559.885132
1200.0 1260.0 t -853.971436
1260.0 1275.0 ssil -245.033508
1275.0 1290.0 ssil -217.195328 IN
1290.0 1305.0 n -192.373016
1305.0 1320.0 ssil -214.520248
1320.0 1335.0 ssil -208.754456 DE
1335.0 1350.0 d -205.993027
1350.0 1380.0 @ -402.295044
1380.0 1395.0 ssil -235.929138
1395.0 1410.0 ssil -221.500381 REGEN
1410.0 1525.0 r -1561.534668
1525.0 1700.0 e -2024.982056
1700.0 1775.0 gc -960.674744
1775.0 1800.0 @ -440.158325
1800.0 1890.0 n -1179.892090
1890.0 1905.0 ssil -208.565399
1905.0 1920.0 ssil -200.160645 VAART
1920.0 2020.0 f -1184.330078
2020.0 2105.0 a -901.527710
2105.0 2135.0 r -438.294373
2135.0 2165.0 ssil -400.890381
2165.0 2200.0 ssil -456.649963 DE
2200.0 2225.0 d -401.333679
2225.0 2245.0 @ -318.647552
2245.0 2260.0 ssil -213.766403
2260.0 2275.0 ssil -194.545944 KAPITEIN
2275.0 2340.0 k -925.885437
2340.0 2440.0 ac -1302.712036
2440.0 2480.0 p -562.399841
2480.0 2545.0 i -889.335510
2545.0 2645.0 t -1376.321411
2645.0 2795.0 ei -1832.411011
2795.0 2850.0 n -578.664856
2850.0 2865.0 ssil -190.612427
2865.0 2880.0 ssil -217.181870 BLIJ
2880.0 2895.0 b -226.365112
2895.0 2935.0 l -514.800720
2935.0 3110.0 ei -1979.047241
3110.0 3125.0 ssil -185.637939
3125.0 3140.0 ssil -176.225708 WEG
3140.0 3180.0 w -457.723480
3180.0 3285.0 ec -1197.124512
3285.0 3450.0 x -2019.014893
3450.0 4390.0 ssil -10950.854492
.
