#!MLF!#
"/net/aistaff/aki/_same-utterance/wav/05/Groningen_and_Drenthe/7281-1454609217-1332700.rec"
0.0 595.0 ssil -6672.467285 NA
595.0 705.0 n -1214.160034
705.0 930.0 a -2665.739258
930.0 945.0 ssil -205.064102
945.0 970.0 ssil -376.659882 DE
970.0 1005.0 d -479.967987
1005.0 1050.0 @ -523.928101
1050.0 1070.0 ssil -291.295288
1070.0 1200.0 ssil -1560.140869 TOCHT
1200.0 1245.0 t -654.709045
1245.0 1355.0 oc -1306.925537
1355.0 1435.0 x -1076.286255
1435.0 1480.0 t -665.144287
1480.0 1495.0 ssil -185.133255
1495.0 1525.0 ssil -371.783020 IN
1525.0 1555.0 n -419.803986
1555.0 1570.0 ssil -181.616959
1570.0 1585.0 ssil -202.006378 DE
1585.0 1620.0 d -520.920776
1620.0 1750.0 @ -1484.595337
1750.0 1770.0 ssil -289.657898
1770.0 1785.0 ssil -234.540451 REGEN
1785.0 1900.0 r -1365.021851
1900.0 2155.0 e -2830.493652
2155.0 2260.0 gc -1447.886353
2260.0 2360.0 @ -1348.453369
2360.0 2405.0 ssil -537.299377
2405.0 2595.0 ssil -2263.781738 VAART
2595.0 2615.0 v -279.921448
2615.0 2775.0 a -1561.517944
2775.0 2805.0 r -395.085663
2805.0 2930.0 ssil -1717.840820
2930.0 2995.0 ssil -807.494812 DE
2995.0 3020.0 d -355.495331
3020.0 3050.0 @ -397.840179
3050.0 3065.0 ssil -186.117294
3065.0 3110.0 ssil -507.826172 KAPITEIN
3110.0 3150.0 k -548.431580
3150.0 3235.0 ac -962.897400
3235.0 3320.0 p -1064.753052
3320.0 3355.0 i -470.121613
3355.0 3490.0 t -1787.108765
3490.0 3680.0 ei -2246.893555
3680.0 3765.0 n -1063.244629
3765.0 3800.0 ssil -434.292236
3800.0 3880.0 ssil -937.361328 BLIJ
3880.0 3925.0 b -556.029175
3925.0 4005.0 l -977.673584
4005.0 4205.0 ei -2031.994385
4205.0 4225.0 ssil -256.247559
4225.0 4300.0 ssil -863.697998 WEG
4300.0 4315.0 w -217.411850
4315.0 4415.0 ec -1269.283325
4415.0 4525.0 x -1498.691895
4525.0 5060.0 ssil -6316.807129
.
