#!MLF!#
"/net/aistaff/aki/_same-utterance/wav/05/Groningen_and_Drenthe/7661-1455632262-1463649.rec"
0.0 860.0 ssil -10251.225586 NA
860.0 900.0 n -559.403442
900.0 1025.0 a -1350.280151
1025.0 1040.0 ssil -237.889099
1040.0 1055.0 ssil -233.005814 DE
1055.0 1085.0 d -431.051544
1085.0 1130.0 @ -701.698853
1130.0 1175.0 ssil -629.326111
1175.0 1205.0 ssil -406.889893 TOCHT
1205.0 1265.0 t -823.589294
1265.0 1360.0 oc -1266.910889
1360.0 1435.0 x -1065.553345
1435.0 1450.0 ssil -211.067474
1450.0 1465.0 ssil -201.185120 IN
1465.0 1480.0 n -195.629166
1480.0 1495.0 ssil -222.313721
1495.0 1510.0 ssil -265.466309 DE
1510.0 1525.0 d -246.279297
1525.0 1540.0 ssil -232.338943
1540.0 1555.0 ssil -227.382904 REGEN
1555.0 1675.0 r -1797.803101
1675.0 1965.0 e -3053.604004
1965.0 2045.0 gc -981.142883
2045.0 2070.0 @ -320.571808
2070.0 2085.0 ssil -207.991806
2085.0 2105.0 ssil -282.687836 VAART
2105.0 2220.0 f -1514.606201
2220.0 2235.0 a -204.006134
2235.0 2365.0 r -1798.616577
2365.0 2420.0 t -747.211365
2420.0 2435.0 ssil -236.042801
2435.0 2450.0 ssil -226.940918 DE
2450.0 2465.0 d -203.818909
2465.0 2480.0 ssil -164.751724
2480.0 2495.0 ssil -218.349609 KAPITEIN
2495.0 2555.0 k -946.787537
2555.0 2655.0 ac -1326.410522
2655.0 2690.0 p -490.786041
2690.0 2775.0 i -1139.979126
2775.0 2845.0 t -1027.556274
2845.0 3000.0 ei -1718.968628
3000.0 3070.0 n -858.585510
3070.0 3085.0 ssil -190.825333
3085.0 3100.0 ssil -223.251923 BLIJ
3100.0 3120.0 b -292.513580
3120.0 3170.0 l -715.868408
3170.0 3355.0 ei -1835.540649
3355.0 3370.0 ssil -198.703766
3370.0 3385.0 ssil -199.669388 WEG
3385.0 3400.0 w -208.678772
3400.0 3525.0 ec -1383.498901
3525.0 3750.0 x -2822.761963
3750.0 4390.0 ssil -7831.413574
.
