#!MLF!#
"/net/aistaff/aki/_same-utterance/wav/05/Groningen_and_Drenthe/7772-1455991864-1487054.rec"
0.0 1065.0001 ssil -12018.659180 NA
1065.0001 1115.0001 n -590.113037
1115.0001 1235.0001 a -1346.201782
1235.0001 1260.0001 ssil -316.368927
1260.0 1275.0 ssil -234.718979 DE
1275.0 1300.0 d -354.795776
1300.0 1315.0 ssil -220.335373
1315.0 1395.0 ssil -1000.794800 TOCHT
1395.0 1430.0 t -511.696381
1430.0 1520.0 oc -1101.156494
1520.0 1615.0 ssil -1359.413696
1615.0 1645.0 ssil -461.179504 IN
1645.0 1740.0 n -1259.760376
1740.0 1755.0 ssil -215.158066
1755.0 1770.0 ssil -204.642548 DE
1770.0 1800.0 d -380.791840
1800.0 1880.0 @ -858.673279
1880.0 1915.0 ssil -509.615570
1915.0 1930.0 ssil -210.470749 REGEN
1930.0 1950.0 r -261.554413
1950.0 2095.0 e -1621.933838
2095.0 2175.0 gc -1067.807617
2175.0 2335.0 n -1654.847656
2335.0 2355.0 ssil -249.462219
2355.0 2370.0 ssil -190.079956 VAART
2370.0 2535.0 f -1936.732300
2535.0 2630.0 a -903.982300
2630.0 2645.0 r -191.170914
2645.0 2660.0 ssil -189.419937
2660.0 2700.0 ssil -529.210144 DE
2700.0 2745.0 d -608.778015
2745.0 2775.0 @ -386.304626
2775.0 2790.0 ssil -198.315735
2790.0 2820.0 ssil -378.536255 KAPITEIN
2820.0 2890.0 k -1090.366333
2890.0 2980.0 ac -1160.984375
2980.0 3020.0 p -551.240417
3020.0 3075.0 i -734.475647
3075.0 3165.0 t -1141.162109
3165.0 3305.0 ei -1504.950195
3305.0 3370.0 n -713.397644
3370.0 3385.0 ssil -180.973160
3385.0 3400.0 ssil -190.070679 BLIJ
3400.0 3435.0 b -442.190552
3435.0 3475.0 l -520.614075
3475.0 3640.0 ei -1659.876953
3640.0 3655.0 ssil -195.962494
3655.0 3670.0 ssil -193.271271 WEG
3670.0 3705.0 w -416.334015
3705.0 3805.0 ec -1189.485840
3805.0 3860.0 x -700.329102
3860.0 4945.0 ssil -11872.311523
.
