#!MLF!#
"/net/aistaff/aki/_same-utterance/wav/05/Groningen_and_Drenthe/778-1455226830-1426706.rec"
0.0 280.0 ssil -2138.519287 NA
280.0 295.0 n -153.564392
295.0 310.0 a -160.382141
310.0 330.0 ssil -273.807068
330.0 465.0 ssil -1674.472900 DE
465.0 485.0 d -299.192322
485.0 785.0 @ -3727.552979
785.0 800.0 ssil -195.096191
800.0 825.0 ssil -357.563446 TOCHT
825.0 860.0 t -510.247253
860.0 1005.0 oc -1848.089722
1005.0 1055.0 x -651.846130
1055.0 1200.0 t -1930.123535
1200.0 1215.0 ssil -196.519470
1215.0 1230.0 ssil -195.463943 IN
1230.0 1295.0 n -825.636108
1295.0 1315.0 ssil -316.239746
1315.0 1330.0 ssil -247.218307 DE
1330.0 1355.0 d -357.180206
1355.0 1430.0 @ -873.641968
1430.0 1445.0 ssil -217.536804
1445.0 1460.0 ssil -230.469818 REGEN
1460.0 1540.0 r -1013.827698
1540.0 1690.0 e -1744.405762
1690.0 1785.0 x -1386.012207
1785.0 1860.0 @ -850.352966
1860.0 2010.0 n -1795.638428
2010.0 2095.0 ssil -1144.248779
2095.0 2225.0 ssil -1649.835571 VAART
2225.0 2310.0 f -1157.117554
2310.0 2430.0 a -1166.996338
2430.0 2480.0 r -672.171143
2480.0 2495.0 ssil -197.278427
2495.0 2525.0 ssil -362.716522 DE
2525.0 2555.0 d -413.982178
2555.0 2600.0 @ -542.043701
2600.0 2615.0 ssil -192.252014
2615.0 2630.0 ssil -184.861389 KAPITEIN
2630.0 2685.0 k -751.484497
2685.0 2790.0 ac -1250.492676
2790.0 2815.0 p -332.121826
2815.0 2905.0 @ -1214.090454
2905.0 2965.0 t -853.335510
2965.0 3125.0 ei -1728.879883
3125.0 3170.0 n -521.500610
3170.0 3185.0 ssil -198.124390
3185.0 3200.0 ssil -201.355988 BLIJ
3200.0 3225.0 b -332.608948
3225.0 3275.0 l -648.562622
3275.0 3420.0 ei -1642.965698
3420.0 3435.0 ssil -198.178146
3435.0 3450.0 ssil -177.557434 WEG
3450.0 3495.0 w -487.465027
3495.0 3625.0 ec -1530.929077
3625.0 3770.0 x -1845.455688
3770.0 3925.0 ssil -1679.127441
.
