#!MLF!#
"/net/aistaff/aki/_same-utterance/wav/05/Groningen_and_Drenthe/7863-1456485834-1505225.rec"
0.0 15.0 ssil -148.059113 NA
15.0 30.0 n -150.485992
30.0 100.0 a -585.932983
100.0 120.0 ssil -292.736877
120.0 1035.0 ssil -10587.116211 DE
1035.0 1060.0 d -359.368622
1060.0 1265.0 @ -2674.256836
1265.0 1285.0 ssil -226.321381
1285.0 1305.0 ssil -237.511642 TOCHT
1305.0 1380.0 t -1018.814270
1380.0 1500.0 oc -1691.449951
1500.0 1535.0 x -450.809937
1535.0 1585.0 t -656.382080
1585.0 1600.0 ssil -210.654663
1600.0 1615.0 ssil -209.682907 IN
1615.0 1630.0 n -221.862671
1630.0 1645.0 ssil -201.774170
1645.0 1660.0 ssil -180.563766 DE
1660.0 1730.0 d -883.199158
1730.0 1830.0 @ -1285.644653
1830.0 1850.0 ssil -301.189819
1850.0 1865.0 ssil -242.015152 REGEN
1865.0 1980.0 r -1475.552490
1980.0 2170.0 e -2222.174072
2170.0 2275.0 gc -1295.500488
2275.0 2340.0 @ -821.541260
2340.0 2405.0 n -749.422852
2405.0 2600.0 ssil -2343.193604
2600.0 2885.0 ssil -3687.769775 VAART
2885.0 3010.0 f -1506.128296
3010.0 3075.0 a -887.237488
3075.0 3130.0 r -715.839722
3130.0 3145.0 ssil -210.668854
3145.0 3160.0 ssil -208.378220 DE
3160.0 3195.0 d -492.903687
3195.0 3225.0 @ -423.930756
3225.0 3245.0 ssil -277.348175
3245.0 3265.0 ssil -245.260742 KAPITEIN
3265.0 3315.0 k -716.471680
3315.0 3365.0 ac -620.619080
3365.0 3465.0 p -1386.728394
3465.0 3510.0 i -633.126221
3510.0 3605.0 t -1319.156372
3605.0 3740.0 ei -1530.997437
3740.0 3955.0 n -2495.720947
3955.0 3975.0 ssil -293.553192
3975.0 3990.0 ssil -219.860535 BLIJ
3990.0 4045.0 b -699.011597
4045.0 4100.0 l -787.102051
4100.0 4225.0 ei -1475.052612
4225.0 4240.0 ssil -173.603714
4240.0 4255.0 ssil -181.733978 WEG
4255.0 4305.0 w -616.882935
4305.0 4440.0 ec -1696.515381
4440.0 4655.0 x -2800.307861
4655.0 5085.0 ssil -4741.777832
.
