#!MLF!#
"/net/aistaff/aki/_same-utterance/wav/05/Groningen_and_Drenthe/8604-1457951340-1624677.rec"
0.0 15.0 ssil -159.688446 NA
15.0 285.0 n -2323.946533
285.0 300.0 a -185.266739
300.0 325.0 ssil -364.674042
325.0 885.0 ssil -6424.301270 DE
885.0 915.0 d -476.167450
915.0 1135.0 @ -2875.704346
1135.0 1155.0 ssil -238.313766
1155.0 1175.0 ssil -282.831970 TOCHT
1175.0 1205.0 t -510.866089
1205.0 1295.0 oc -1377.846436
1295.0 1385.0 x -1268.749634
1385.0 1450.0 t -933.190857
1450.0 1470.0 ssil -282.580170
1470.0 1555.0 ssil -1227.884277 IN
1555.0 1605.0 n -673.974976
1605.0 1620.0 ssil -263.599731
1620.0 1635.0 ssil -243.810181 DE
1635.0 1655.0 d -327.490417
1655.0 1745.0 @ -1162.448120
1745.0 1760.0 ssil -223.993607
1760.0 1775.0 ssil -207.900146 REGEN
1775.0 1820.0 r -568.322693
1820.0 1930.0 e -1222.094604
1930.0 2005.0 gc -1068.684448
2005.0 2045.0 @ -516.108276
2045.0 2230.0 n -2125.062012
2230.0 2345.0 ssil -1456.783325
2345.0 2395.0 ssil -625.652649 VAART
2395.0 2430.0 f -466.845734
2430.0 2540.0 a -1222.522583
2540.0 2565.0 r -341.046082
2565.0 2590.0 ssil -311.881592
2590.0 2665.0 ssil -988.674561 DE
2665.0 2690.0 d -382.184784
2690.0 2705.0 @ -214.707977
2705.0 2720.0 ssil -219.731003
2720.0 2740.0 ssil -261.324280 KAPITEIN
2740.0 2795.0 k -819.286011
2795.0 2855.0 ac -826.916199
2855.0 2930.0 p -1025.706665
2930.0 3015.0 t -1249.278564
3015.0 3135.0 ei -1240.055420
3135.0 3290.0 n -1711.030396
3290.0 3305.0 ssil -218.794250
3305.0 3320.0 ssil -218.645126 BLIJ
3320.0 3350.0 b -435.273438
3350.0 3390.0 l -643.633057
3390.0 3515.0 ei -1365.752197
3515.0 3530.0 ssil -204.110718
3530.0 3545.0 ssil -195.339111 WEG
3545.0 3565.0 w -258.997040
3565.0 3655.0 ec -1236.435669
3655.0 3790.0 x -1706.066528
3790.0 4250.0 ssil -5240.363770
.
