#!MLF!#
"/net/aistaff/aki/_same-utterance/wav/05/Groningen_and_Drenthe/8834-1458054764-1659869.rec"
0.0 795.0 ssil -9284.424805 NA
795.0 860.0 n -800.935303
860.0 1000.0 a -1291.864258
1000.0 1015.0 ssil -221.272446
1015.0 1030.0 ssil -213.963730 DE
1030.0 1045.0 d -192.951981
1045.0 1110.0 @ -789.979919
1110.0 1155.0 ssil -587.127563
1155.0 1180.0 ssil -323.752502 TOCHT
1180.0 1235.0 t -797.688782
1235.0 1330.0 oc -1099.146851
1330.0 1425.0 x -1289.004150
1425.0 1480.0 ssil -736.926147
1480.0 1495.0 ssil -230.172821 IN
1495.0 1595.0 n -1110.634521
1595.0 1610.0 ssil -206.089966
1610.0 1630.0 ssil -259.366516 DE
1630.0 1650.0 d -251.162613
1650.0 1745.0 @ -865.988586
1745.0 1760.0 ssil -195.116913
1760.0 1775.0 ssil -203.768936 REGEN
1775.0 1790.0 r -200.780563
1790.0 1990.0 e -1940.681641
1990.0 2055.0 gc -819.443604
2055.0 2100.0 @ -569.445923
2100.0 2175.0 n -802.102173
2175.0 2190.0 ssil -224.772812
2190.0 2205.0 ssil -232.009201 VAART
2205.0 2365.0 f -1851.173950
2365.0 2460.0 a -978.431702
2460.0 2500.0 r -479.983154
2500.0 2515.0 ssil -199.819855
2515.0 2555.0 ssil -517.037537 DE
2555.0 2590.0 d -552.225708
2590.0 2645.0 @ -690.842407
2645.0 2660.0 ssil -197.315125
2660.0 2680.0 ssil -288.768341 KAPITEIN
2680.0 2725.0 k -656.159729
2725.0 2790.0 ac -799.454956
2790.0 2850.0 p -875.220886
2850.0 2950.0 i -1344.926880
2950.0 3005.0 t -776.390381
3005.0 3160.0 ei -1674.164429
3160.0 3245.0 n -999.841309
3245.0 3260.0 ssil -189.655746
3260.0 3275.0 ssil -183.776016 BLIJ
3275.0 3305.0 b -425.079193
3305.0 3365.0 l -871.042664
3365.0 3545.0 ei -2126.891357
3545.0 3560.0 ssil -180.299805
3560.0 3575.0 ssil -172.342911 WEG
3575.0 3615.0 w -386.806305
3615.0 3730.0 ec -1171.152466
3730.0 3955.0 x -2866.308350
3955.0 4180.0 ssil -2649.853027
.
