#!MLF!#
"/net/aistaff/aki/_same-utterance/wav/05/Groningen_and_Drenthe/9363-1462367544-1798907.rec"
0.0 15.0 ssil -145.188522 NA
15.0 30.0 n -155.627686
30.0 620.0 a -4447.842773
620.0 650.0 ssil -387.511810
650.0 825.0 ssil -2182.873535 DE
825.0 945.0 d -1373.056763
945.0 1325.0 @ -4548.614746
1325.0 1340.0 ssil -175.560364
1340.0 1415.0 ssil -903.374939 TOCHT
1415.0 1465.0 t -717.182922
1465.0 1575.0 oc -1298.208252
1575.0 1705.0 x -1764.000732
1705.0 1745.0 t -601.198547
1745.0 1785.0 ssil -481.614746
1785.0 1815.0 ssil -384.350555 IN
1815.0 1910.0 ic -1203.905273
1910.0 1940.0 n -357.086029
1940.0 1955.0 ssil -228.760483
1955.0 1980.0 ssil -326.023315 DE
1980.0 2035.0 d -643.315491
2035.0 2105.0 @ -832.362915
2105.0 2125.0 ssil -304.889008
2125.0 2160.0 ssil -533.148621 REGEN
2160.0 2175.0 r -224.465698
2175.0 2390.0 e -2266.585693
2390.0 2465.0 gc -963.613403
2465.0 2575.0 @ -1223.111328
2575.0 2695.0 n -1347.376587
2695.0 3010.0 ssil -3644.855225
3010.0 3165.0 ssil -1826.711548 VAART
3165.0 3295.0 f -1577.448120
3295.0 3450.0 a -1592.263550
3450.0 3480.0 r -418.163696
3480.0 3620.0 ssil -1839.031494
3620.0 3755.0 ssil -1633.884155 DE
3755.0 3785.0 d -390.290100
3785.0 3835.0 @ -638.088440
3835.0 3855.0 ssil -233.630112
3855.0 3910.0 ssil -632.753479 KAPITEIN
3910.0 3955.0 k -629.435303
3955.0 4050.0 ac -1149.466553
4050.0 4085.0 p -489.625153
4085.0 4140.0 i -684.673889
4140.0 4280.0 t -1846.854004
4280.0 4480.0 ei -2032.976807
4480.0 4580.0 n -1148.314697
4580.0 4605.0 ssil -288.536011
4605.0 4620.0 ssil -166.376312 BLIJ
4620.0 4750.0 b -1518.437012
4750.0 4820.0 l -853.678833
4820.0 5100.0 ei -2712.482666
5100.0 5135.0 ssil -499.796356
5135.0 5150.0 ssil -199.665344 WEG
5150.0 5275.0 w -1434.339233
5275.0 5385.0 ec -1083.482300
5385.0 5535.0 x -1816.774414
5535.0 5690.0 ssil -1895.654175
.
