#!MLF!#
"/net/aistaff/aki/_same-utterance/wav/10/Groningen_and_Drenthe/11271-1464811681-2196983.rec"
0.0 740.0 ssil -9043.678711 ZACHT
740.0 870.0 s -1646.956299
870.0 975.0 ac -1296.604736
975.0 1075.0 x -1405.735840
1075.0 1110.0 t -499.197510
1110.0 1125.0 ssil -216.802155
1125.0 1155.0 ssil -370.501740 KNORT
1155.0 1215.0 k -906.641418
1215.0 1250.0 n -512.640625
1250.0 1350.0 oc -1222.159424
1350.0 1390.0 r -644.565918
1390.0 1415.0 ssil -325.335724
1415.0 1440.0 ssil -379.070953 HET
1440.0 1455.0 h -227.676941
1455.0 1500.0 ec -519.771362
1500.0 1575.0 t -943.958191
1575.0 1590.0 ssil -215.460541
1590.0 1605.0 ssil -197.049286 VARKEN
1605.0 1655.0 f -663.959961
1655.0 1820.0 ac -1945.931274
1820.0 1860.0 r -540.019897
1860.0 1910.0 k -781.205933
1910.0 1935.0 @ -437.674103
1935.0 1960.0 n -338.950806
1960.0 1975.0 ssil -240.041367
1975.0 1990.0 ssil -242.394714 IN
1990.0 2060.0 ic -804.449097
2060.0 2130.0 n -810.475098
2130.0 2145.0 ssil -226.464996
2145.0 2160.0 ssil -210.065125 DE
2160.0 2175.0 d -220.030960
2175.0 2190.0 ssil -196.920380
2190.0 2205.0 ssil -192.322739 WEI
2205.0 2270.0 w -739.268005
2270.0 2540.0 ei -3071.175781
2540.0 2605.0 ssil -867.080017
2605.0 2840.0 ssil -2913.761719 EEN
2840.0 2860.0 @ -291.956085
2860.0 2910.0 ssil -687.288025
2910.0 2925.0 ssil -213.768448 KARAKTERISTIEK
2925.0 2970.0 k -687.376587
2970.0 3170.0 ac -2278.586914
3170.0 3215.0 r -673.145996
3215.0 3230.0 ac -200.892487
3230.0 3245.0 k -219.604248
3245.0 3305.0 t -837.312500
3305.0 3335.0 @ -435.918457
3335.0 3380.0 r -618.744141
3380.0 3405.0 @ -362.092072
3405.0 3490.0 s -1149.717773
3490.0 3545.0 t -771.775330
3545.0 3635.0 i -1314.953979
3635.0 3680.0 k -657.130981
3680.0 3695.0 ssil -252.397858
3695.0 3710.0 ssil -213.210037 GELUID
3710.0 3780.0 x -960.209106
3780.0 3810.0 @ -428.277100
3810.0 3875.0 l -818.575378
3875.0 4075.0 ui -2108.616943
4075.0 4190.0 t -1816.745483
4190.0 4205.0 ssil -209.274002
.
