#!MLF!#
"/net/aistaff/aki/_same-utterance/wav/10/Groningen_and_Drenthe/11665-1464188524-1920307.rec"
0.0 340.0 ssil -3290.118164 ZACHT
340.0 485.0 z -1717.825806
485.0 575.0 ac -1138.178101
575.0 690.0 x -1608.119019
690.0 770.0 t -1149.869995
770.0 785.0 ssil -229.268463
785.0 800.0 ssil -217.310272 KNORT
800.0 875.0 k -1007.444397
875.0 975.0 n -1256.031616
975.0 1100.0 oc -1540.026123
1100.0 1135.0 r -541.793335
1135.0 1150.0 ssil -220.897873
1150.0 1210.0 ssil -823.727966 HET
1210.0 1225.0 h -191.621887
1225.0 1240.0 ec -191.039200
1240.0 1340.0 t -1274.468018
1340.0 1355.0 ssil -191.849686
1355.0 1370.0 ssil -185.606934 VARKEN
1370.0 1510.0 f -1657.407593
1510.0 1615.0 ac -1430.981934
1615.0 1715.0 r -1466.004028
1715.0 1770.0 k -749.416931
1770.0 1835.0 @ -765.388184
1835.0 1850.0 ssil -216.919067
1850.0 1870.0 ssil -308.918945 IN
1870.0 1980.0 ic -1481.072754
1980.0 2050.0 n -884.959473
2050.0 2065.0 ssil -202.978348
2065.0 2080.0 ssil -205.802078 DE
2080.0 2095.0 d -194.799713
2095.0 2175.0 @ -824.273926
2175.0 2190.0 ssil -189.092148
2190.0 2205.0 ssil -202.383438 WEI
2205.0 2225.0 w -255.596893
2225.0 2530.0 ei -3895.385986
2530.0 2580.0 ssil -593.028931
2580.0 3235.0 ssil -7665.198730 EEN
3235.0 3335.0 @ -1196.422119
3335.0 3455.0 n -1490.154907
3455.0 3470.0 ssil -175.006317
3470.0 3495.0 ssil -299.416290 KARAKTERISTIEK
3495.0 3555.0 k -824.585571
3555.0 3635.0 ac -1020.386597
3635.0 4230.0 r -7614.991211
4230.0 4400.0 ac -2212.142822
4400.0 4485.0 k -1247.779541
4485.0 4550.0 t -927.123291
4550.0 4580.0 @ -337.941284
4580.0 4595.0 r -168.716537
4595.0 4620.0 @ -316.092407
4620.0 4770.0 s -1888.446045
4770.0 4815.0 t -664.246948
4815.0 4930.0 i -1561.377686
4930.0 4950.0 k -275.969696
4950.0 4965.0 ssil -192.725845
4965.0 4990.0 ssil -346.631470 GELUID
4990.0 5065.0 x -991.117065
5065.0 5090.0 @ -342.301819
5090.0 5175.0 l -1139.672852
5175.0 5335.0 ui -1891.515259
5335.0 5520.0 t -2401.082764
5520.0 6155.0 ssil -7657.893066
.
