#!MLF!#
"/net/aistaff/aki/_same-utterance/wav/10/Groningen_and_Drenthe/13411-1464763755-2174928.rec"
0.0 575.0 ssil -6955.682617 ZACHT
575.0 715.0 z -1858.103760
715.0 795.0 ac -1024.173706
795.0 890.0 x -1215.949585
890.0 975.0 t -1174.209473
975.0 995.0 ssil -258.875641
995.0 1045.0 ssil -652.862915 KNORT
1045.0 1130.0 k -1159.538940
1130.0 1185.0 n -738.297302
1185.0 1270.0 oc -1030.204346
1270.0 1370.0 r -1379.332153
1370.0 1465.0 t -1152.356445
1465.0 1480.0 ssil -194.927383
1480.0 1500.0 ssil -269.570465 HET
1500.0 1520.0 h -264.434143
1520.0 1570.0 ec -655.637146
1570.0 1635.0 t -905.199768
1635.0 1650.0 ssil -190.103867
1650.0 1665.0 ssil -191.194077 VARKEN
1665.0 1735.0 f -938.670227
1735.0 1810.0 ac -838.324890
1810.0 1940.0 r -1741.508423
1940.0 2000.0 k -816.858459
2000.0 2030.0 @ -410.933624
2030.0 2160.0 n -1581.541260
2160.0 2195.0 ssil -517.516968
2195.0 2230.0 ssil -560.356201 IN
2230.0 2290.0 ic -744.111511
2290.0 2370.0 n -941.268494
2370.0 2385.0 ssil -206.726273
2385.0 2400.0 ssil -218.933167 DE
2400.0 2415.0 d -191.697083
2415.0 2450.0 @ -379.267548
2450.0 2465.0 ssil -189.123505
2465.0 2480.0 ssil -191.693848 WEI
2480.0 2495.0 w -180.852432
2495.0 2760.0 ei -2842.732910
2760.0 2950.0 ssil -2255.659424
2950.0 3180.0 ssil -2688.987305 EEN
3180.0 3270.0 n -1103.508789
3270.0 3305.0 ssil -484.579834
3305.0 3355.0 ssil -621.084290 KARAKTERISTIEK
3355.0 3405.0 k -667.624084
3405.0 3510.0 a -1222.010498
3510.0 3720.0 r -2620.918701
3720.0 3735.0 ac -177.762955
3735.0 3750.0 k -219.640900
3750.0 3785.0 t -473.829071
3785.0 3810.0 @ -312.357788
3810.0 3830.0 r -245.753265
3830.0 3910.0 @ -958.047913
3910.0 4040.0 s -1681.610107
4040.0 4080.0 t -523.005432
4080.0 4180.0 i -1250.335938
4180.0 4195.0 k -205.757462
4195.0 4270.0 ssil -989.602539
4270.0 4345.0 ssil -920.474121 GELUID
4345.0 4390.0 gc -555.914307
4390.0 4445.0 @ -698.687317
4445.0 4490.0 l -579.662231
4490.0 4665.0 ui -2016.489624
4665.0 4855.0 t -2541.800781
4855.0 5015.0 ssil -1961.202881
.
