#!MLF!#
"/net/aistaff/aki/_same-utterance/wav/10/Groningen_and_Drenthe/13856-1464274231-1969422.rec"
0.0 770.0 ssil -9435.189453 ZACHT
770.0 910.0 z -1864.524902
910.0 1030.0 ac -1522.885132
1030.0 1205.0 x -2324.663330
1205.0 1260.0 t -759.950073
1260.0 1310.0 ssil -625.660767
1310.0 1585.0 ssil -3345.953613 KNORT
1585.0 1630.0 k -677.854858
1630.0 1690.0 n -762.896729
1690.0 1770.0 oc -911.111084
1770.0 1835.0 r -879.157898
1835.0 1880.0 ssil -592.582214
1880.0 1895.0 ssil -225.810974 HET
1895.0 1910.0 h -224.513702
1910.0 1970.0 ec -891.907654
1970.0 2025.0 t -764.413391
2025.0 2065.0 ssil -439.973450
2065.0 2090.0 ssil -305.015442 VARKEN
2090.0 2125.0 f -533.030579
2125.0 2245.0 ac -1483.574219
2245.0 2350.0 r -1427.528931
2350.0 2410.0 k -848.424927
2410.0 2425.0 @ -214.882080
2425.0 2470.0 n -552.963196
2470.0 2485.0 ssil -221.773880
2485.0 2500.0 ssil -217.704636 IN
2500.0 2565.0 ic -809.226013
2565.0 2655.0 n -1127.920776
2655.0 2680.0 ssil -327.893921
2680.0 2695.0 ssil -194.197220 DE
2695.0 2740.0 d -556.483459
2740.0 2800.0 @ -712.586365
2800.0 2815.0 ssil -193.434998
2815.0 2830.0 ssil -203.730347 WEI
2830.0 2855.0 w -321.947144
2855.0 3150.0 ei -3625.405518
3150.0 3405.0 ssil -3153.574951
3405.0 3670.0 ssil -3218.055664 EEN
3670.0 3740.0 @ -848.071716
3740.0 3815.0 n -968.442139
3815.0 3830.0 ssil -191.309952
3830.0 3845.0 ssil -194.239029 KARAKTERISTIEK
3845.0 3910.0 k -955.205811
3910.0 3970.0 ac -815.055054
3970.0 4075.0 r -1357.273071
4075.0 4110.0 ac -501.320038
4110.0 4145.0 k -486.614777
4145.0 4195.0 t -636.615540
4195.0 4220.0 @ -329.992035
4220.0 4265.0 r -636.896912
4265.0 4325.0 @ -760.090149
4325.0 4425.0 s -1314.313965
4425.0 4475.0 t -691.787537
4475.0 4595.0 i -1702.561646
4595.0 4610.0 k -232.434326
4610.0 4625.0 ssil -231.666855
4625.0 4645.0 ssil -331.703369 GELUID
4645.0 4735.0 gc -1169.028442
4735.0 4750.0 @ -196.468719
4750.0 4820.0 l -900.755798
4820.0 5065.0 ui -2929.744141
5065.0 5190.0 t -1565.692871
5190.0 5690.0 ssil -5832.732422
.
