#!MLF!#
"/net/aistaff/aki/_same-utterance/wav/10/Groningen_and_Drenthe/15260-1464544623-2129404.rec"
0.0 875.0 ssil -10685.972656 ZACHT
875.0 1025.0 z -1939.656616
1025.0 1110.0 ac -1180.947388
1110.0 1225.0 x -1436.231323
1225.0 1370.0 t -1941.415039
1370.0 1405.0 ssil -414.459656
1405.0 1490.0 ssil -983.567871 KNORT
1490.0 1570.0 k -1119.823486
1570.0 1650.0 n -990.572205
1650.0 1700.0 oc -668.383911
1700.0 1800.0 r -1387.926880
1800.0 1835.0 t -483.141022
1835.0 1850.0 ssil -207.920059
1850.0 1875.0 ssil -349.636719 HET
1875.0 1890.0 h -178.631638
1890.0 1905.0 ec -200.254349
1905.0 1985.0 t -1097.539795
1985.0 2000.0 ssil -216.877319
2000.0 2020.0 ssil -275.576080 VARKEN
2020.0 2085.0 f -799.592041
2085.0 2155.0 ac -950.532349
2155.0 2220.0 r -941.577332
2220.0 2280.0 k -815.548401
2280.0 2310.0 @ -399.684570
2310.0 2335.0 ssil -399.797333
2335.0 2350.0 ssil -264.930084 IN
2350.0 2400.0 ic -650.073730
2400.0 2460.0 n -826.878174
2460.0 2475.0 ssil -264.316528
2475.0 2490.0 ssil -218.403580 DE
2490.0 2505.0 d -222.541336
2505.0 2520.0 ssil -213.521713
2520.0 2535.0 ssil -217.412323 WEI
2535.0 2610.0 w -896.847168
2610.0 2765.0 ei -1857.924561
2765.0 3135.0 ssil -4321.126953
3135.0 3595.0 ssil -5749.932129 EEN
3595.0 3685.0 n -1253.313354
3685.0 3715.0 ssil -410.848419
3715.0 3730.0 ssil -191.653351 KARAKTERISTIEK
3730.0 3790.0 k -889.695068
3790.0 3910.0 a -1506.125610
3910.0 3950.0 r -578.716797
3950.0 3965.0 ac -231.568115
3965.0 3985.0 k -289.944366
3985.0 4065.0 t -1173.389648
4065.0 4090.0 @ -313.440216
4090.0 4105.0 r -189.658020
4105.0 4165.0 @ -735.940125
4165.0 4350.0 s -2329.796631
4350.0 4405.0 t -828.410522
4405.0 4510.0 i -1540.235718
4510.0 4560.0 k -713.440796
4560.0 4575.0 ssil -196.198578
4575.0 4610.0 ssil -426.286926 GELUID
4610.0 4660.0 x -633.497314
4660.0 4680.0 @ -298.461609
4680.0 4755.0 l -1076.319946
4755.0 4945.0 ui -2323.139893
4945.0 4995.0 t -701.849548
4995.0 5550.0 ssil -6558.960449
.
