#!MLF!#
"/net/aistaff/aki/_same-utterance/wav/10/Groningen_and_Drenthe/16245-1469550477-2414604.rec"
0.0 560.0 ssil -6784.156250 ZACHT
560.0 650.0 z -1194.363892
650.0 750.0 ac -1201.477295
750.0 885.0 x -1788.069824
885.0 915.0 t -439.602325
915.0 930.0 ssil -209.383286
930.0 960.0 ssil -400.657501 KNORT
960.0 1010.0 k -713.599243
1010.0 1080.0 n -844.059937
1080.0 1130.0 oc -550.383362
1130.0 1245.0 r -1439.760498
1245.0 1285.0 t -554.684082
1285.0 1305.0 ssil -285.966583
1305.0 1325.0 ssil -264.682434 HET
1325.0 1340.0 h -211.388702
1340.0 1355.0 ec -219.106567
1355.0 1385.0 t -407.239075
1385.0 1405.0 ssil -238.041702
1405.0 1435.0 ssil -404.313354 VARKEN
1435.0 1470.0 v -424.031921
1470.0 1560.0 ac -1012.049500
1560.0 1615.0 r -692.327209
1615.0 1630.0 k -211.920578
1630.0 1645.0 @ -201.776047
1645.0 1680.0 ssil -464.172089
1680.0 1710.0 ssil -469.019745 IN
1710.0 1825.0 ic -1316.931030
1825.0 1875.0 n -523.023010
1875.0 1890.0 ssil -170.638382
1890.0 1905.0 ssil -200.921356 DE
1905.0 1925.0 d -252.906113
1925.0 1965.0 @ -496.801788
1965.0 1980.0 ssil -183.845459
1980.0 1995.0 ssil -181.418045 WEI
1995.0 2040.0 w -517.136108
2040.0 2250.0 ei -2365.929688
2250.0 2535.0 ssil -3423.247803
2535.0 2735.0 ssil -2339.333252 EEN
2735.0 2825.0 @ -1015.373169
2825.0 2850.0 ssil -303.436401
2850.0 2865.0 ssil -203.101196 KARAKTERISTIEK
2865.0 2910.0 k -632.272339
2910.0 2980.0 a -800.963928
2980.0 3180.0 r -2407.825684
3180.0 3195.0 ac -197.402344
3195.0 3210.0 k -220.036804
3210.0 3240.0 t -446.826965
3240.0 3270.0 @ -383.717682
3270.0 3295.0 r -324.899231
3295.0 3350.0 @ -685.731689
3350.0 3460.0 s -1379.307007
3460.0 3510.0 t -631.818726
3510.0 3640.0 i -1551.300293
3640.0 3695.0 k -758.823975
3695.0 3710.0 ssil -213.829681
3710.0 3735.0 ssil -314.841522 GELUID
3735.0 3770.0 x -476.494263
3770.0 3790.0 @ -256.465759
3790.0 3880.0 l -1078.297607
3880.0 4080.0 ui -2287.657715
4080.0 4105.0 t -330.808624
4105.0 4480.0 ssil -4359.984375
.
