#!MLF!#
"/net/aistaff/aki/_same-utterance/wav/10/Groningen_and_Drenthe/16266-1464424865-2081150.rec"
0.0 560.0 ssil -5367.244629 ZACHT
560.0 735.0 z -2100.703613
735.0 875.0 ac -1515.749390
875.0 1025.0 x -1991.698120
1025.0 1055.0 ssil -401.090759
1055.0 1090.0 ssil -582.050415 KNORT
1090.0 1110.0 k -308.684265
1110.0 1155.0 n -641.705627
1155.0 1290.0 oc -1639.629639
1290.0 1305.0 r -230.978729
1305.0 1320.0 ssil -243.074341
1320.0 1335.0 ssil -231.271210 HET
1335.0 1350.0 h -209.487961
1350.0 1365.0 ec -238.948715
1365.0 1400.0 t -490.598724
1400.0 1430.0 ssil -397.252960
1430.0 1495.0 ssil -896.278503 VARKEN
1495.0 1595.0 v -1246.874512
1595.0 1735.0 ac -1400.031372
1735.0 1780.0 r -576.226868
1780.0 1795.0 k -218.429428
1795.0 1810.0 @ -204.684113
1810.0 1830.0 ssil -277.779419
1830.0 1845.0 ssil -225.239197 IN
1845.0 2040.0 ic -2306.654785
2040.0 2100.0 n -719.923340
2100.0 2115.0 ssil -211.621689
2115.0 2130.0 ssil -242.132202 DE
2130.0 2145.0 d -208.103699
2145.0 2235.0 @ -884.176208
2235.0 2250.0 ssil -179.141388
2250.0 2265.0 ssil -188.581039 WEI
2265.0 2280.0 w -181.644012
2280.0 2690.0 ei -4053.822266
2690.0 2945.0 ssil -3446.967529
2945.0 3000.0 ssil -738.056641 EEN
3000.0 3075.0 @ -914.265991
3075.0 3155.0 n -970.844849
3155.0 3170.0 ssil -206.579269
3170.0 3200.0 ssil -386.083496 KARAKTERISTIEK
3200.0 3280.0 k -1109.086426
3280.0 3350.0 a -786.184265
3350.0 3365.0 r -216.060089
3365.0 3535.0 ac -2077.276367
3535.0 3565.0 k -431.027557
3565.0 3615.0 t -684.155823
3615.0 3635.0 @ -246.803680
3635.0 3665.0 r -344.849762
3665.0 3785.0 @ -1335.943237
3785.0 3895.0 s -1428.436646
3895.0 3990.0 t -1302.492188
3990.0 4075.0 i -954.017334
4075.0 4090.0 k -206.361359
4090.0 4110.0 ssil -244.040909
4110.0 4170.0 ssil -815.225098 GELUID
4170.0 4255.0 gc -1109.255737
4255.0 4275.0 @ -244.484772
4275.0 4365.0 l -1004.457642
4365.0 4555.0 ui -1829.999756
4555.0 4585.0 t -387.265808
4585.0 4900.0 ssil -4198.729492
.
