#!MLF!#
"/net/aistaff/aki/_same-utterance/wav/10/Groningen_and_Drenthe/16334-1464157819-1897541.rec"
0.0 145.0 ssil -1449.702515 ZACHT
145.0 170.0 s -377.772980
170.0 185.0 ac -223.486984
185.0 230.0 x -634.608337
230.0 290.0 t -828.766907
290.0 315.0 ssil -408.235901
315.0 335.0 ssil -294.672913 KNORT
335.0 395.0 k -883.683838
395.0 450.0 n -758.911133
450.0 480.0 oc -385.757507
480.0 560.0 r -1085.057861
560.0 575.0 ssil -259.277466
575.0 590.0 ssil -225.290863 HET
590.0 605.0 h -216.541611
605.0 650.0 ec -633.651855
650.0 695.0 t -607.796875
695.0 710.0 ssil -221.565094
710.0 725.0 ssil -217.398895 VARKEN
725.0 795.0 f -859.928467
795.0 890.0 ac -1214.059082
890.0 990.0 r -1474.326904
990.0 1030.0 k -639.874390
1030.0 1125.0 @ -1285.314575
1125.0 1140.0 ssil -194.301193
1140.0 1155.0 ssil -236.642700 IN
1155.0 1295.0 ic -1793.368774
1295.0 1360.0 n -877.992065
1360.0 1375.0 ssil -229.033737
1375.0 1390.0 ssil -207.092743 DE
1390.0 1405.0 d -214.808441
1405.0 1420.0 ssil -183.143616
1420.0 1435.0 ssil -176.716217 WEI
1435.0 1470.0 w -361.447968
1470.0 1705.0 ei -2502.953369
1705.0 1720.0 ssil -209.960434
1720.0 1735.0 ssil -208.836349 EEN
1735.0 1765.0 @ -381.588287
1765.0 1800.0 n -499.130341
1800.0 1815.0 ssil -232.330917
1815.0 1830.0 ssil -226.341385 KARAKTERISTIEK
1830.0 1885.0 k -814.353210
1885.0 2050.0 a -2124.034424
2050.0 2065.0 r -207.425735
2065.0 2085.0 ac -275.406433
2085.0 2125.0 k -589.075989
2125.0 2140.0 t -266.565887
2140.0 2155.0 @ -190.020050
2155.0 2170.0 r -201.493073
2170.0 2185.0 @ -208.916534
2185.0 2345.0 s -2017.278198
2345.0 2375.0 t -420.820923
2375.0 2490.0 i -1563.772583
2490.0 2560.0 k -938.118530
2560.0 2635.0 ssil -833.149231
2635.0 2700.0 ssil -788.235291 GELUID
2700.0 2800.0 gc -1266.805664
2800.0 2840.0 @ -557.014343
2840.0 2890.0 l -709.533569
2890.0 3110.0 ui -2340.255859
3110.0 3200.0 t -1184.576050
3200.0 5759.9999 ssil -28917.269531
.
