#!MLF!#
"/net/aistaff/aki/_same-utterance/wav/10/Groningen_and_Drenthe/1669-1449357614-324813.rec"
0.0 310.0 ssil -3771.891357 ZACHT
310.0 385.0 z -1009.924866
385.0 460.0 ac -1015.046875
460.0 520.0 x -860.290833
520.0 570.0 t -688.992371
570.0 585.0 ssil -213.931137
585.0 600.0 ssil -216.484573 KNORT
600.0 660.0 k -856.765198
660.0 695.0 n -521.467041
695.0 755.0 oc -726.209656
755.0 785.0 r -432.140717
785.0 800.0 ssil -222.788010
800.0 825.0 ssil -369.786285 HET
825.0 840.0 h -221.125214
840.0 860.0 ec -294.179535
860.0 925.0 t -913.417114
925.0 940.0 ssil -186.293777
940.0 960.0 ssil -249.590942 VARKEN
960.0 1000.0 v -523.351379
1000.0 1065.0 ac -737.385559
1065.0 1145.0 r -1092.309692
1145.0 1165.0 k -296.956940
1165.0 1180.0 @ -249.818344
1180.0 1200.0 ssil -307.313110
1200.0 1215.0 ssil -212.734589 IN
1215.0 1285.0 ic -826.207581
1285.0 1305.0 n -245.183670
1305.0 1320.0 ssil -177.723816
1320.0 1335.0 ssil -189.811447 DE
1335.0 1355.0 d -270.774902
1355.0 1390.0 @ -427.678009
1390.0 1405.0 ssil -183.525406
1405.0 1420.0 ssil -221.545395 WEI
1420.0 1460.0 w -441.522003
1460.0 1715.0 ei -2828.298828
1715.0 1810.0 ssil -1098.759155
1810.0 2020.0 ssil -2355.992920 EEN
2020.0 2070.0 @ -734.786865
2070.0 2085.0 ssil -216.797134
2085.0 2110.0 ssil -351.011963 KARAKTERISTIEK
2110.0 2170.0 k -872.190552
2170.0 2290.0 ac -1528.648315
2290.0 2320.0 r -423.894135
2320.0 2340.0 ac -317.575714
2340.0 2370.0 k -441.521515
2370.0 2435.0 t -907.092651
2435.0 2500.0 @ -730.600098
2500.0 2515.0 r -181.729263
2515.0 2560.0 @ -555.958557
2560.0 2650.0 s -1138.507812
2650.0 2695.0 t -653.543701
2695.0 2785.0 i -1274.543091
2785.0 2820.0 k -483.162781
2820.0 2835.0 ssil -214.119003
2835.0 2850.0 ssil -208.128876 GELUID
2850.0 2890.0 x -570.504883
2890.0 2905.0 @ -217.919189
2905.0 2970.0 l -945.395325
2970.0 3115.0 ui -1661.541748
3115.0 3190.0 t -1059.472046
3190.0 3205.0 ssil -186.127502
.
