#!MLF!#
"/net/aistaff/aki/_same-utterance/wav/10/Groningen_and_Drenthe/16704-1465676948-2301530.rec"
0.0 415.0 ssil -4948.185547 ZACHT
415.0 565.0 s -1956.357422
565.0 665.0 ac -1398.044067
665.0 765.0 x -1426.968018
765.0 795.0 t -456.610992
795.0 830.0 ssil -480.109222
830.0 875.0 ssil -541.283142 KNORT
875.0 925.0 k -789.839355
925.0 980.0 n -710.847534
980.0 1065.0 oc -1127.985107
1065.0 1100.0 r -543.725830
1100.0 1130.0 ssil -436.693298
1130.0 1155.0 ssil -391.328522 HET
1155.0 1170.0 h -229.934082
1170.0 1230.0 ec -794.660828
1230.0 1265.0 t -494.763000
1265.0 1280.0 ssil -193.398010
1280.0 1310.0 ssil -363.096771 VARKEN
1310.0 1375.0 f -864.676514
1375.0 1535.0 ac -2350.296875
1535.0 1595.0 r -840.292480
1595.0 1620.0 k -415.872925
1620.0 1635.0 @ -235.013031
1635.0 1680.0 n -617.434265
1680.0 1695.0 ssil -250.230194
1695.0 1710.0 ssil -226.951797 IN
1710.0 1755.0 ic -494.392029
1755.0 1820.0 n -795.703369
1820.0 1835.0 ssil -221.227615
1835.0 1850.0 ssil -207.549835 DE
1850.0 1865.0 d -224.948944
1865.0 1880.0 ssil -197.823196
1880.0 1895.0 ssil -184.970627 WEI
1895.0 1940.0 w -525.586060
1940.0 2230.0 ei -3707.326660
2230.0 2355.0 ssil -1592.430542
2355.0 2415.0 ssil -807.869263 EEN
2415.0 2460.0 @ -614.824768
2460.0 2510.0 n -581.145630
2510.0 2525.0 ssil -205.862015
2525.0 2540.0 ssil -218.055878 KARAKTERISTIEK
2540.0 2600.0 k -878.476013
2600.0 2620.0 ac -283.013519
2620.0 2690.0 r -966.967407
2690.0 2785.0 ac -1263.859497
2785.0 2835.0 k -723.599243
2835.0 2890.0 t -791.927429
2890.0 2915.0 @ -324.012024
2915.0 2945.0 r -407.700104
2945.0 3005.0 @ -821.627563
3005.0 3125.0 s -1642.704224
3125.0 3180.0 t -754.436340
3180.0 3265.0 i -1141.115601
3265.0 3315.0 k -685.604980
3315.0 3335.0 ssil -273.181885
3335.0 3360.0 ssil -319.730621 GELUID
3360.0 3415.0 x -812.476257
3415.0 3520.0 l -1519.437500
3520.0 3665.0 ui -1784.581665
3665.0 3680.0 t -217.312744
3680.0 3880.0 ssil -2456.464355
.
