#!MLF!#
"/net/aistaff/aki/_same-utterance/wav/10/Groningen_and_Drenthe/17402-1473110008-2483279.rec"
0.0 835.0 ssil -10123.078125 ZACHT
835.0 980.0 s -1734.859985
980.0 1115.0 ac -1567.184326
1115.0 1180.0 x -931.735474
1180.0 1225.0 ssil -617.253723
1225.0 1270.0 ssil -595.237854 KNORT
1270.0 1320.0 k -674.858948
1320.0 1405.0 n -970.763550
1405.0 1495.0 oc -961.611694
1495.0 1645.0 r -2057.650635
1645.0 1740.0 t -1243.041992
1740.0 1785.0 ssil -552.682617
1785.0 1945.0 ssil -1849.896362 HET
1945.0 1965.0 h -258.852081
1965.0 2045.0 ec -975.999146
2045.0 2105.0 t -815.045898
2105.0 2120.0 ssil -193.862305
2120.0 2145.0 ssil -300.207794 VARKEN
2145.0 2220.0 f -931.590088
2220.0 2400.0 ac -2054.264648
2400.0 2470.0 r -1037.312866
2470.0 2500.0 k -462.475586
2500.0 2535.0 @ -437.558502
2535.0 2585.0 n -560.988403
2585.0 2600.0 ssil -191.507523
2600.0 2615.0 ssil -206.906815 IN
2615.0 2700.0 ic -878.909241
2700.0 2735.0 n -363.081665
2735.0 2750.0 ssil -179.863480
2750.0 2765.0 ssil -176.864792 DE
2765.0 2780.0 d -181.219513
2780.0 2880.0 @ -1053.350830
2880.0 2895.0 ssil -172.689713
2895.0 2910.0 ssil -195.411896 WEI
2910.0 2955.0 w -543.694519
2955.0 3230.0 ei -2900.452637
3230.0 3630.0 ssil -4623.233887
3630.0 3670.0 ssil -477.516876 EEN
3670.0 3725.0 @ -659.436096
3725.0 3815.0 n -1078.603027
3815.0 3835.0 ssil -236.982208
3835.0 3850.0 ssil -168.882935 KARAKTERISTIEK
3850.0 3920.0 k -990.959473
3920.0 4015.0 a -1122.756958
4015.0 4185.0 r -2005.439697
4185.0 4200.0 ac -232.253922
4200.0 4275.0 k -997.139648
4275.0 4345.0 t -900.205872
4345.0 4510.0 @ -1726.927734
4510.0 4525.0 r -180.772034
4525.0 4630.0 @ -1216.500488
4630.0 4735.0 s -1321.785767
4735.0 4810.0 t -951.488892
4810.0 4945.0 i -1692.620728
4945.0 4960.0 k -225.336121
4960.0 4980.0 ssil -295.820648
4980.0 5000.0 ssil -306.278137 GELUID
5000.0 5085.0 x -1055.228760
5085.0 5160.0 @ -907.801147
5160.0 5210.0 l -608.321106
5210.0 5435.0 ui -2397.208984
5435.0 5535.0 t -1275.069458
5535.0 5990.0 ssil -5639.500488
.
