#!MLF!#
"/net/aistaff/aki/_same-utterance/wav/10/Groningen_and_Drenthe/2825-1450546590-725763.rec"
0.0 345.0 ssil -3837.841309 ZACHT
345.0 360.0 z -210.943497
360.0 375.0 ac -196.502472
375.0 415.0 x -493.415955
415.0 445.0 t -418.834625
445.0 1060.0 ssil -7920.565430
1060.0 1270.0 ssil -2532.662109 KNORT
1270.0 1365.0 k -1295.533569
1365.0 1380.0 n -209.154022
1380.0 1470.0 oc -980.735840
1470.0 1500.0 r -417.092133
1500.0 1515.0 ssil -202.348282
1515.0 1530.0 ssil -181.731705 HET
1530.0 1590.0 h -787.340515
1590.0 1650.0 ec -887.890198
1650.0 1670.0 t -282.240051
1670.0 1705.0 ssil -438.472382
1705.0 1720.0 ssil -192.920181 VARKEN
1720.0 1760.0 f -530.156677
1760.0 1925.0 ac -2033.684692
1925.0 1940.0 r -224.142365
1940.0 1990.0 k -695.551270
1990.0 2015.0 @ -336.745148
2015.0 2030.0 ssil -207.174728
2030.0 2060.0 ssil -369.857178 IN
2060.0 2220.0 ic -1741.891479
2220.0 2295.0 n -787.350891
2295.0 2310.0 ssil -227.338623
2310.0 2325.0 ssil -218.987122 DE
2325.0 2340.0 d -196.325790
2340.0 2355.0 ssil -178.174362
2355.0 2370.0 ssil -177.911636 WEI
2370.0 2430.0 w -652.102722
2430.0 2670.0 ei -2776.040283
2670.0 3090.0 ssil -4720.367676
3090.0 3135.0 ssil -597.068970 EEN
3135.0 3190.0 n -675.380310
3190.0 3205.0 ssil -225.218781
3205.0 3220.0 ssil -207.522034 KARAKTERISTIEK
3220.0 3260.0 k -583.398376
3260.0 3325.0 a -828.795044
3325.0 3440.0 r -1451.351196
3440.0 3455.0 ac -190.604645
3455.0 3510.0 k -758.863831
3510.0 3560.0 t -613.198547
3560.0 3600.0 @ -502.119446
3600.0 3650.0 r -723.732361
3650.0 3710.0 @ -792.844666
3710.0 3830.0 s -1637.261597
3830.0 3860.0 t -402.947693
3860.0 3965.0 i -1408.016113
3965.0 3980.0 k -209.201233
3980.0 3995.0 ssil -198.571121
3995.0 4035.0 ssil -558.805603 GELUID
4035.0 4110.0 gc -945.322998
4110.0 4125.0 @ -212.168289
4125.0 4215.0 l -1126.673828
4215.0 4360.0 ui -1681.880737
4360.0 4375.0 t -244.747910
4375.0 5110.0 ssil -8299.806641
.
