#!MLF!#
"/net/aistaff/aki/_same-utterance/wav/10/Groningen_and_Drenthe/299-1449161569-95687.rec"
0.0 555.0 ssil -6918.427734 ZACHT
555.0 675.0 z -1597.581177
675.0 760.0 ac -1125.322754
760.0 925.0 x -2197.284180
925.0 1025.0 t -1434.169922
1025.0 1070.0 ssil -586.895813
1070.0 1125.0 ssil -746.663086 KNORT
1125.0 1195.0 k -1044.582153
1195.0 1295.0 n -1396.130249
1295.0 1335.0 oc -578.111328
1335.0 1475.0 r -2095.909668
1475.0 1490.0 ssil -235.687958
1490.0 1530.0 ssil -620.040222 HET
1530.0 1545.0 h -238.440338
1545.0 1615.0 ec -1067.596191
1615.0 1660.0 t -597.731262
1660.0 1675.0 ssil -177.215958
1675.0 1690.0 ssil -177.476334 VARKEN
1690.0 1755.0 f -785.211182
1755.0 1810.0 ac -604.646729
1810.0 1910.0 r -1357.826416
1910.0 1990.0 k -1156.130493
1990.0 2035.0 @ -653.520386
2035.0 2115.0 n -958.279785
2115.0 2130.0 ssil -213.381699
2130.0 2150.0 ssil -331.126282 IN
2150.0 2230.0 ic -1104.084351
2230.0 2270.0 n -464.373047
2270.0 2285.0 ssil -235.089813
2285.0 2300.0 ssil -283.294708 DE
2300.0 2320.0 d -310.409515
2320.0 2345.0 @ -322.922424
2345.0 2360.0 ssil -185.701050
2360.0 2375.0 ssil -178.581848 WEI
2375.0 2425.0 w -657.939880
2425.0 2765.0 ei -3635.580322
2765.0 3030.0 ssil -3237.203125
3030.0 3230.0 ssil -2432.908203 EEN
3230.0 3245.0 @ -233.339981
3245.0 3290.0 n -656.701111
3290.0 3310.0 ssil -273.998840
3310.0 3325.0 ssil -214.540985 KARAKTERISTIEK
3325.0 3375.0 k -845.239319
3375.0 3470.0 a -1156.913086
3470.0 3590.0 r -1571.273071
3590.0 3620.0 ac -463.320160
3620.0 3635.0 k -265.810608
3635.0 3710.0 t -1029.601074
3710.0 3735.0 @ -355.031769
3735.0 3785.0 r -726.839172
3785.0 3845.0 @ -761.282654
3845.0 3995.0 s -2066.552979
3995.0 4045.0 t -778.440735
4045.0 4150.0 i -1434.709229
4150.0 4170.0 k -334.341675
4170.0 4185.0 ssil -229.062408
4185.0 4200.0 ssil -215.399307 GELUID
4200.0 4275.0 x -984.810425
4275.0 4320.0 @ -564.115417
4320.0 4385.0 l -822.445068
4385.0 4615.0 ui -2573.121582
4615.0 4735.0 t -1647.849487
4735.0 5250.0 ssil -6342.689941
.
