#!MLF!#
"/net/aistaff/aki/_same-utterance/wav/10/Groningen_and_Drenthe/3282-1449505302-434399.rec"
0.0 820.0 ssil -9493.624023 ZACHT
820.0 905.0 z -1075.573242
905.0 1040.0 ac -1738.082031
1040.0 1100.0 x -782.591736
1100.0 1135.0 t -456.742615
1135.0 1195.0 ssil -855.108643
1195.0 1245.0 ssil -666.623047 KNORT
1245.0 1270.0 k -343.198486
1270.0 1295.0 n -353.866364
1295.0 1370.0 oc -884.160034
1370.0 1440.0 r -1025.323853
1440.0 1455.0 ssil -259.119751
1455.0 1470.0 ssil -226.329712 HET
1470.0 1490.0 h -246.409470
1490.0 1520.0 ec -353.579865
1520.0 1580.0 t -790.777100
1580.0 1635.0 ssil -688.542358
1635.0 1650.0 ssil -198.567902 VARKEN
1650.0 1705.0 v -704.971924
1705.0 1745.0 ac -464.049316
1745.0 1865.0 r -1391.578857
1865.0 1880.0 k -238.230469
1880.0 1910.0 @ -400.682312
1910.0 1925.0 ssil -251.657166
1925.0 1955.0 ssil -454.000214 IN
1955.0 2070.0 ic -1477.583130
2070.0 2155.0 n -1033.518677
2155.0 2170.0 ssil -220.325287
2170.0 2185.0 ssil -207.919922 DE
2185.0 2200.0 d -221.851730
2200.0 2215.0 ssil -197.443817
2215.0 2235.0 ssil -250.115570 WEI
2235.0 2270.0 w -441.814667
2270.0 2525.0 ei -3009.518555
2525.0 2615.0 ssil -1109.263916
2615.0 2765.0 ssil -1694.325684 EEN
2765.0 2790.0 @ -322.254211
2790.0 2865.0 n -974.729919
2865.0 2880.0 ssil -211.682541
2880.0 2895.0 ssil -232.408401 KARAKTERISTIEK
2895.0 2940.0 k -635.617920
2940.0 2955.0 ac -203.343597
2955.0 3105.0 r -2011.511597
3105.0 3140.0 ac -468.290955
3140.0 3160.0 k -293.044128
3160.0 3230.0 t -940.155029
3230.0 3255.0 @ -328.374969
3255.0 3300.0 r -664.273560
3300.0 3400.0 @ -1310.040039
3400.0 3425.0 s -321.360687
3425.0 3515.0 t -1171.531006
3515.0 3630.0 i -1539.840454
3630.0 3645.0 k -231.044327
3645.0 3660.0 ssil -211.354233
3660.0 3675.0 ssil -227.511002 GELUID
3675.0 3750.0 gc -1017.114563
3750.0 3775.0 @ -324.203461
3775.0 3860.0 l -1032.031616
3860.0 4050.0 ui -2272.333740
4050.0 4070.0 t -275.798340
4070.0 4505.0 ssil -5005.966797
.
