#!MLF!#
"/net/aistaff/aki/_same-utterance/wav/10/Groningen_and_Drenthe/3354-1449518046-451028.rec"
0.0 595.0 ssil -7144.018555 ZACHT
595.0 695.0 z -1255.978882
695.0 775.0 ac -975.197449
775.0 835.0 x -882.704346
835.0 920.0 t -1164.411377
920.0 955.0 ssil -442.046082
955.0 970.0 ssil -197.780472 KNORT
970.0 1045.0 k -1026.661499
1045.0 1120.0 n -902.982483
1120.0 1245.0 oc -1393.046265
1245.0 1265.0 r -301.623169
1265.0 1505.0 t -3374.678223
1505.0 1540.0 ssil -471.294708
1540.0 1620.0 ssil -956.059814 HET
1620.0 1635.0 h -205.158295
1635.0 1675.0 ec -545.285950
1675.0 1750.0 t -1119.253540
1750.0 1765.0 ssil -212.292404
1765.0 1795.0 ssil -402.062439 VARKEN
1795.0 1830.0 v -469.555145
1830.0 1950.0 ac -1302.132324
1950.0 1970.0 r -259.304352
1970.0 1985.0 k -223.897949
1985.0 2020.0 @ -455.013367
2020.0 2035.0 ssil -198.052078
2035.0 2050.0 ssil -232.792114 IN
2050.0 2165.0 ic -1673.978760
2165.0 2265.0 n -1090.944336
2265.0 2280.0 ssil -216.808243
2280.0 2295.0 ssil -214.077896 DE
2295.0 2310.0 d -205.454666
2310.0 2325.0 ssil -189.004837
2325.0 2340.0 ssil -186.899826 WEI
2340.0 2415.0 w -802.452271
2415.0 2710.0 ei -3086.993164
2710.0 3315.0 ssil -6826.033203
3315.0 3565.0 ssil -3058.826660 EEN
3565.0 3640.0 @ -1047.242554
3640.0 3740.0 n -1225.866821
3740.0 3755.0 ssil -207.283890
3755.0 3770.0 ssil -197.269882 KARAKTERISTIEK
3770.0 3830.0 k -818.843018
3830.0 3860.0 ac -380.054321
3860.0 3935.0 r -965.180969
3935.0 4000.0 ac -760.829224
4000.0 4050.0 k -662.968567
4050.0 4130.0 t -1067.308472
4130.0 4180.0 @ -577.226562
4180.0 4195.0 r -195.725296
4195.0 4225.0 @ -395.073608
4225.0 4330.0 s -1272.068604
4330.0 4375.0 t -611.385681
4375.0 4495.0 i -1581.693481
4495.0 4520.0 k -358.998322
4520.0 4535.0 ssil -209.138397
4535.0 4570.0 ssil -461.352081 GELUID
4570.0 4620.0 x -657.618530
4620.0 4640.0 @ -275.068298
4640.0 4720.0 l -995.765259
4720.0 4965.0 ui -2629.690430
4965.0 5020.0 t -785.471619
5020.0 5455.0 ssil -5010.104492
.
