#!MLF!#
"/net/aistaff/aki/_same-utterance/wav/10/Groningen_and_Drenthe/3385-1450452093-716770.rec"
0.0 525.0 ssil -6355.594238 ZACHT
525.0 580.0 z -747.884216
580.0 670.0 ac -1065.918335
670.0 760.0 x -1221.639893
760.0 860.0 t -1245.713501
860.0 875.0 ssil -225.070511
875.0 890.0 ssil -202.282700 KNORT
890.0 985.0 k -1429.339111
985.0 1000.0 n -216.700607
1000.0 1035.0 oc -408.678284
1035.0 1075.0 r -537.310120
1075.0 1135.0 ssil -845.094727
1135.0 1165.0 ssil -418.939026 HET
1165.0 1180.0 h -190.356583
1180.0 1205.0 ec -320.428345
1205.0 1275.0 t -969.566711
1275.0 1290.0 ssil -208.254288
1290.0 1305.0 ssil -203.864044 VARKEN
1305.0 1330.0 v -351.380951
1330.0 1360.0 ac -365.326416
1360.0 1460.0 r -1327.770874
1460.0 1475.0 k -222.676376
1475.0 1490.0 @ -221.466324
1490.0 1510.0 ssil -318.757019
1510.0 1540.0 ssil -430.155334 IN
1540.0 1650.0 ic -1271.620850
1650.0 1705.0 n -568.292847
1705.0 1720.0 ssil -224.003098
1720.0 1735.0 ssil -219.531464 DE
1735.0 1750.0 d -208.241547
1750.0 1795.0 @ -515.739197
1795.0 1810.0 ssil -198.761566
1810.0 1825.0 ssil -193.918533 WEI
1825.0 1860.0 w -420.410614
1860.0 2110.0 ei -2862.300537
2110.0 2460.0 ssil -4074.455566
2460.0 2600.0 ssil -1643.304077 EEN
2600.0 2660.0 @ -809.242981
2660.0 2690.0 ssil -415.971985
2690.0 2710.0 ssil -286.069733 KARAKTERISTIEK
2710.0 2775.0 k -904.213928
2775.0 2845.0 a -886.362122
2845.0 2885.0 r -492.294067
2885.0 2900.0 ac -204.667313
2900.0 2915.0 k -214.192062
2915.0 2985.0 t -956.170654
2985.0 3000.0 @ -193.451477
3000.0 3015.0 r -187.447647
3015.0 3050.0 @ -407.259369
3050.0 3135.0 s -1066.787720
3135.0 3185.0 t -656.468262
3185.0 3290.0 i -1428.188110
3290.0 3315.0 k -385.129517
3315.0 3330.0 ssil -231.601196
3330.0 3370.0 ssil -587.137634 GELUID
3370.0 3410.0 x -655.024902
3410.0 3425.0 @ -239.155243
3425.0 3480.0 l -732.261536
3480.0 3650.0 ui -2035.716675
3650.0 3745.0 t -1342.772827
3745.0 4320.0 ssil -7010.274902
.
