#!MLF!#
"/net/aistaff/aki/_same-utterance/wav/10/Groningen_and_Drenthe/3526-1453505394-920497.rec"
0.0 335.0 ssil -2942.615234 ZACHT
335.0 350.0 z -202.533920
350.0 365.0 ac -230.949371
365.0 380.0 x -207.605072
380.0 1310.0 ssil -11712.675781
1310.0 1715.0 ssil -5199.957520 KNORT
1715.0 1805.0 k -1356.547241
1805.0 1870.0 n -897.976868
1870.0 1995.0 oc -1753.102417
1995.0 2035.0 r -579.157104
2035.0 2055.0 ssil -279.647034
2055.0 2085.0 ssil -449.565430 HET
2085.0 2100.0 h -193.879593
2100.0 2130.0 ec -350.222778
2130.0 2180.0 t -728.549377
2180.0 2255.0 ssil -1063.469360
2255.0 2360.0 ssil -1431.578125 VARKEN
2360.0 2470.0 f -1357.228394
2470.0 2590.0 ac -1747.481567
2590.0 2655.0 r -873.039551
2655.0 2700.0 k -606.938232
2700.0 2730.0 @ -408.584290
2730.0 2790.0 n -789.906555
2790.0 2805.0 ssil -229.977997
2805.0 2820.0 ssil -219.644363 IN
2820.0 2875.0 ic -711.370850
2875.0 2925.0 n -614.802246
2925.0 2940.0 ssil -213.166473
2940.0 2955.0 ssil -247.594543 DE
2955.0 2970.0 d -227.650208
2970.0 2985.0 ssil -212.882812
2985.0 3000.0 ssil -225.598022 WEI
3000.0 3090.0 w -1102.582397
3090.0 3350.0 ei -3131.458252
3350.0 3375.0 ssil -312.527557
3375.0 4255.0 ssil -9831.916992 EEN
4255.0 4330.0 @ -941.363220
4330.0 4430.0 n -1406.707642
4430.0 4455.0 ssil -301.840179
4455.0 4470.0 ssil -172.882202 KARAKTERISTIEK
4470.0 4540.0 k -1026.631836
4540.0 4645.0 ac -1570.375488
4645.0 4840.0 r -2517.839600
4840.0 4855.0 ac -184.678452
4855.0 4895.0 k -516.975342
4895.0 4970.0 t -1062.818604
4970.0 5030.0 @ -825.721130
5030.0 5055.0 r -331.074310
5055.0 5105.0 @ -641.446533
5105.0 5220.0 s -1505.087891
5220.0 5280.0 t -871.176147
5280.0 5340.0 i -797.653809
5340.0 5475.0 k -1709.409912
5475.0 5510.0 ssil -422.074219
5510.0 5555.0 ssil -640.700500 GELUID
5555.0 5620.0 x -820.097290
5620.0 5650.0 @ -431.840820
5650.0 5745.0 l -1367.937012
5745.0 5880.0 ui -1758.901001
5880.0 6055.0 t -2335.356201
6055.0 6875.0 ssil -9076.626953
.
