#!MLF!#
"/net/aistaff/aki/_same-utterance/wav/10/Groningen_and_Drenthe/3966-1449926409-608858.rec"
0.0 305.0 ssil -2589.340332 ZACHT
305.0 340.0 s -708.297302
340.0 395.0 ac -786.443848
395.0 565.0 x -2437.344971
565.0 595.0 ssil -393.067474
595.0 640.0 ssil -584.441101 KNORT
640.0 695.0 k -810.198303
695.0 750.0 n -719.284912
750.0 845.0 oc -1181.767700
845.0 880.0 r -519.223572
880.0 915.0 ssil -501.423187
915.0 955.0 ssil -597.175110 HET
955.0 970.0 h -250.247421
970.0 985.0 ec -241.122955
985.0 1075.0 t -1190.669800
1075.0 1090.0 ssil -205.472412
1090.0 1125.0 ssil -451.223999 VARKEN
1125.0 1190.0 v -835.461731
1190.0 1290.0 ac -1446.126343
1290.0 1310.0 r -316.087067
1310.0 1325.0 k -246.147873
1325.0 1370.0 @ -660.688965
1370.0 1385.0 ssil -238.416763
1385.0 1445.0 ssil -763.939819 IN
1445.0 1510.0 ic -882.149292
1510.0 1540.0 n -372.047577
1540.0 1555.0 ssil -182.377243
1555.0 1570.0 ssil -192.785095 DE
1570.0 1585.0 d -230.556000
1585.0 1785.0 @ -2192.350586
1785.0 1800.0 ssil -192.871872
1800.0 1815.0 ssil -186.167999 WEI
1815.0 1845.0 w -324.537506
1845.0 2185.0 ei -3972.963135
2185.0 2255.0 ssil -880.205078
2255.0 2575.0 ssil -3797.940674 EEN
2575.0 2605.0 @ -408.657318
2605.0 2660.0 n -711.239807
2660.0 2675.0 ssil -212.242340
2675.0 2690.0 ssil -237.924377 KARAKTERISTIEK
2690.0 2740.0 k -802.515381
2740.0 2805.0 a -810.931213
2805.0 2895.0 r -1339.072144
2895.0 2970.0 ac -1001.318970
2970.0 2985.0 k -226.383987
2985.0 3015.0 t -426.616974
3015.0 3050.0 @ -494.272278
3050.0 3075.0 r -362.389008
3075.0 3115.0 @ -500.261627
3115.0 3250.0 s -1830.610718
3250.0 3285.0 t -562.007568
3285.0 3390.0 i -1457.828735
3390.0 3405.0 k -236.330582
3405.0 3420.0 ssil -229.657852
3420.0 3435.0 ssil -206.862030 GELUID
3435.0 3500.0 gc -890.405212
3500.0 3595.0 l -1284.637451
3595.0 3775.0 ui -2253.293213
3775.0 3790.0 t -228.114090
3790.0 4435.0 ssil -7479.132812
.
