#!MLF!#
"/net/aistaff/aki/_same-utterance/wav/10/Groningen_and_Drenthe/4111-1450004774-636312.rec"
0.0 985.0 ssil -11597.561523 ZACHT
985.0 1080.0 z -1137.131714
1080.0 1160.0 ac -917.009094
1160.0 1425.0 x -3560.184814
1425.0 1450.0 ssil -302.794067
1450.0 1495.0 ssil -573.646790 KNORT
1495.0 1610.0 k -1662.383545
1610.0 1630.0 n -290.412231
1630.0 1750.0 oc -1426.497925
1750.0 1855.0 r -1326.603149
1855.0 1955.0 ssil -1274.512817
1955.0 1980.0 ssil -344.727722 HET
1980.0 1995.0 h -191.508682
1995.0 2015.0 ec -287.607635
2015.0 2030.0 t -227.522873
2030.0 2075.0 ssil -530.559692
2075.0 2110.0 ssil -401.784119 VARKEN
2110.0 2160.0 v -613.984314
2160.0 2220.0 ac -624.708618
2220.0 2355.0 r -1784.536743
2355.0 2385.0 k -396.497498
2385.0 2430.0 @ -525.776306
2430.0 2475.0 n -568.387756
2475.0 2490.0 ssil -206.892502
2490.0 2505.0 ssil -201.999390 IN
2505.0 2635.0 n -1441.736328
2635.0 2650.0 ssil -206.514069
2650.0 2665.0 ssil -197.953247 DE
2665.0 2680.0 d -193.544250
2680.0 2695.0 ssil -194.730347
2695.0 2710.0 ssil -186.299606 WEI
2710.0 2770.0 w -647.429382
2770.0 3175.0 ei -4540.351562
3175.0 3230.0 ssil -652.464050
3230.0 3355.0 ssil -1514.533203 EEN
3355.0 3380.0 @ -352.141785
3380.0 3490.0 n -1348.571411
3490.0 3505.0 ssil -179.754044
3505.0 3520.0 ssil -194.611328 KARAKTERISTIEK
3520.0 3580.0 k -803.391663
3580.0 3725.0 ac -1745.528076
3725.0 3770.0 r -584.898010
3770.0 3835.0 ac -759.802002
3835.0 3860.0 k -335.747803
3860.0 3895.0 t -442.971893
3895.0 3935.0 @ -445.761658
3935.0 3950.0 r -191.510040
3950.0 4040.0 @ -1086.799561
4040.0 4175.0 s -1794.495972
4175.0 4225.0 t -758.043823
4225.0 4355.0 i -1630.930664
4355.0 4375.0 k -282.146637
4375.0 4395.0 ssil -249.156662
4395.0 4410.0 ssil -193.310547 GELUID
4410.0 4495.0 gc -1065.427246
4495.0 4515.0 @ -246.999084
4515.0 4615.0 l -1214.054932
4615.0 4825.0 ui -2491.798828
4825.0 4850.0 t -402.031281
4850.0 5180.0 ssil -4096.053711
.
