#!MLF!#
"/net/aistaff/aki/_same-utterance/wav/10/Groningen_and_Drenthe/4357-1450263122-695446.rec"
0.0 485.0 ssil -5653.078613 ZACHT
485.0 600.0 z -1466.480591
600.0 710.0 ac -1364.545166
710.0 765.0 x -741.950317
765.0 820.0 t -868.869507
820.0 875.0 ssil -734.599365
875.0 895.0 ssil -271.809540 KNORT
895.0 950.0 k -741.630859
950.0 1000.0 n -622.720520
1000.0 1035.0 @ -477.628906
1035.0 1095.0 r -848.048157
1095.0 1120.0 ssil -360.917908
1120.0 1145.0 ssil -341.679169 HET
1145.0 1160.0 h -221.385025
1160.0 1175.0 ec -219.654053
1175.0 1235.0 t -749.044617
1235.0 1270.0 ssil -436.823547
1270.0 1285.0 ssil -169.389709 VARKEN
1285.0 1335.0 f -623.743042
1335.0 1455.0 ac -1410.042236
1455.0 1470.0 r -213.022385
1470.0 1485.0 k -217.642380
1485.0 1505.0 @ -243.271362
1505.0 1525.0 ssil -290.255859
1525.0 1550.0 ssil -394.476898 IN
1550.0 1595.0 ic -568.908081
1595.0 1785.0 n -2082.438477
1785.0 1800.0 ssil -198.294159
1800.0 1815.0 ssil -190.271759 DE
1815.0 1830.0 d -186.580795
1830.0 1845.0 ssil -186.658234
1845.0 1860.0 ssil -194.269989 WEI
1860.0 1875.0 w -194.349838
1875.0 2130.0 ei -2716.263672
2130.0 2165.0 ssil -445.404633
2165.0 2720.0 ssil -6205.489746 EEN
2720.0 2770.0 n -581.062195
2770.0 2785.0 ssil -203.828644
2785.0 2800.0 ssil -226.068573 KARAKTERISTIEK
2800.0 2830.0 k -428.052826
2830.0 2975.0 a -1863.238037
2975.0 3010.0 r -480.773529
3010.0 3025.0 ac -196.487961
3025.0 3040.0 k -234.158890
3040.0 3080.0 t -555.906921
3080.0 3100.0 @ -228.882065
3100.0 3115.0 r -200.349060
3115.0 3180.0 @ -752.532593
3180.0 3235.0 s -745.705261
3235.0 3335.0 t -1276.195801
3335.0 3425.0 i -1107.953735
3425.0 3440.0 k -206.497894
3440.0 3455.0 ssil -206.932037
3455.0 3490.0 ssil -500.727325 GELUID
3490.0 3575.0 x -1123.712646
3575.0 3810.0 @ -2744.197510
3810.0 3825.0 l -183.886566
3825.0 3885.0 ui -725.516296
3885.0 4045.0 t -2080.458008
4045.0 4645.0 ssil -6757.031250
.
