#!MLF!#
"/net/aistaff/aki/_same-utterance/wav/10/Groningen_and_Drenthe/4616-1450896257-770555.rec"
0.0 875.0 ssil -9034.017578 ZACHT
875.0 1045.0 z -2101.743164
1045.0 1125.0 ac -1005.877502
1125.0 1195.0 x -983.729248
1195.0 1250.0 t -897.786560
1250.0 1275.0 ssil -395.347229
1275.0 1290.0 ssil -180.625031 KNORT
1290.0 1360.0 k -991.320190
1360.0 1440.0 n -1100.684937
1440.0 1505.0 oc -723.022827
1505.0 1600.0 r -1198.523926
1600.0 1615.0 ssil -270.221954
1615.0 1670.0 ssil -960.104309 HET
1670.0 1685.0 h -227.659332
1685.0 1715.0 ec -470.485962
1715.0 1805.0 t -1298.164062
1805.0 1825.0 ssil -268.584320
1825.0 1840.0 ssil -190.185303 VARKEN
1840.0 1890.0 f -741.455688
1890.0 1920.0 ac -387.794281
1920.0 2080.0 r -2139.123779
2080.0 2130.0 k -794.527771
2130.0 2145.0 @ -202.790909
2145.0 2165.0 ssil -256.846863
2165.0 2180.0 ssil -197.455338 IN
2180.0 2290.0 ic -1249.166504
2290.0 2305.0 n -217.620407
2305.0 2320.0 ssil -211.383789
2320.0 2335.0 ssil -191.764801 DE
2335.0 2350.0 d -199.436478
2350.0 2365.0 ssil -197.371933
2365.0 2380.0 ssil -178.898834 WEI
2380.0 2425.0 w -531.829102
2425.0 2710.0 ei -2881.767578
2710.0 2725.0 ssil -222.748428
2725.0 2810.0 ssil -1168.645874 EEN
2810.0 2885.0 @ -1036.395752
2885.0 2900.0 n -177.763809
2900.0 2915.0 ssil -190.160950
2915.0 2930.0 ssil -205.163101 KARAKTERISTIEK
2930.0 2980.0 k -842.347046
2980.0 3070.0 ac -1261.406982
3070.0 3190.0 r -1621.371582
3190.0 3205.0 ac -204.394424
3205.0 3235.0 k -450.290436
3235.0 3310.0 t -1150.461304
3310.0 3330.0 @ -273.383575
3330.0 3380.0 r -803.265930
3380.0 3415.0 @ -547.374939
3415.0 3555.0 s -1958.522583
3555.0 3590.0 t -473.043640
3590.0 3680.0 i -1309.937988
3680.0 3715.0 k -479.469543
3715.0 3750.0 ssil -474.030609
3750.0 3765.0 ssil -199.755905 GELUID
3765.0 3790.0 x -394.007935
3790.0 3825.0 @ -521.324402
3825.0 3895.0 l -1001.842102
3895.0 4110.0 ui -2499.647705
4110.0 4210.0 t -1560.279541
4210.0 4225.0 ssil -206.759628
.
