#!MLF!#
"/net/aistaff/aki/_same-utterance/wav/10/Groningen_and_Drenthe/4766-1451504371-827614.rec"
0.0 670.0 ssil -8017.745117 ZACHT
670.0 795.0 z -1704.513428
795.0 900.0 ac -1531.211670
900.0 985.0 x -1179.689941
985.0 1050.0 t -899.375916
1050.0 1065.0 ssil -224.895187
1065.0 1100.0 ssil -465.648926 KNORT
1100.0 1160.0 k -909.413330
1160.0 1200.0 n -511.983459
1200.0 1310.0 oc -1318.808350
1310.0 1360.0 r -743.082397
1360.0 1390.0 ssil -472.298340
1390.0 1410.0 ssil -322.558716 HET
1410.0 1425.0 h -211.077103
1425.0 1455.0 ec -366.704285
1455.0 1545.0 t -1258.675171
1545.0 1560.0 ssil -182.145279
1560.0 1580.0 ssil -217.325836 VARKEN
1580.0 1615.0 f -499.950745
1615.0 1730.0 ac -1428.971924
1730.0 1760.0 r -428.519531
1760.0 1780.0 k -264.345825
1780.0 1795.0 @ -185.819550
1795.0 1845.0 ssil -702.375671
1845.0 1860.0 ssil -240.854141 IN
1860.0 1980.0 ic -1363.549316
1980.0 1995.0 n -194.749786
1995.0 2020.0 ssil -319.302460
2020.0 2040.0 ssil -266.330505 DE
2040.0 2055.0 d -219.052948
2055.0 2085.0 @ -386.156464
2085.0 2100.0 ssil -198.425735
2100.0 2115.0 ssil -183.757294 WEI
2115.0 2170.0 w -691.710876
2170.0 2375.0 ei -2661.334961
2375.0 2625.0 ssil -2913.173340
2625.0 2685.0 ssil -886.398193 EEN
2685.0 2740.0 @ -759.985718
2740.0 2805.0 n -831.169373
2805.0 2820.0 ssil -176.328430
2820.0 2855.0 ssil -390.519043 KARAKTERISTIEK
2855.0 2900.0 k -676.704285
2900.0 2970.0 a -975.658020
2970.0 3005.0 r -529.161560
3005.0 3110.0 ac -1332.976440
3110.0 3160.0 k -768.211548
3160.0 3225.0 t -891.147827
3225.0 3275.0 @ -683.196106
3275.0 3325.0 r -722.971558
3325.0 3365.0 @ -589.195312
3365.0 3500.0 s -1636.994629
3500.0 3530.0 t -448.787262
3530.0 3610.0 i -1190.875122
3610.0 3635.0 k -386.689423
3635.0 3680.0 ssil -591.854126
3680.0 3695.0 ssil -210.886139 GELUID
3695.0 3740.0 gc -631.465332
3740.0 3810.0 @ -886.211487
3810.0 3830.0 l -298.490417
3830.0 3935.0 ui -1284.676025
3935.0 3965.0 t -469.651611
3965.0 4015.0 ssil -682.906433
.
