#!MLF!#
"/net/aistaff/aki/_same-utterance/wav/10/Groningen_and_Drenthe/4895-1451512577-828926.rec"
0.0 780.0 ssil -8814.046875 ZACHT
780.0 870.0 z -1113.809082
870.0 985.0 ac -1293.849365
985.0 1065.0 x -1050.157227
1065.0 1130.0 ssil -893.760254
1130.0 1240.0 ssil -1462.664795 KNORT
1240.0 1255.0 k -232.985184
1255.0 1300.0 n -730.892883
1300.0 1345.0 oc -556.589355
1345.0 1445.0 r -1316.064087
1445.0 1460.0 ssil -221.811096
1460.0 1495.0 ssil -504.020355 HET
1495.0 1515.0 h -251.968399
1515.0 1560.0 ec -577.650574
1560.0 1600.0 t -580.130310
1600.0 1635.0 ssil -430.244324
1635.0 1685.0 ssil -642.731384 VARKEN
1685.0 1710.0 v -341.658539
1710.0 1730.0 ac -298.050537
1730.0 1890.0 r -2084.021973
1890.0 1935.0 k -642.714355
1935.0 1960.0 @ -349.589966
1960.0 1975.0 ssil -217.379700
1975.0 1990.0 ssil -212.860306 IN
1990.0 2035.0 ic -484.468475
2035.0 2125.0 n -831.802673
2125.0 2140.0 ssil -188.514648
2140.0 2155.0 ssil -217.708557 DE
2155.0 2175.0 d -268.934387
2175.0 2200.0 @ -270.344543
2200.0 2215.0 ssil -184.387421
2215.0 2230.0 ssil -174.643402 WEI
2230.0 2285.0 w -605.804993
2285.0 2580.0 ei -3063.787842
2580.0 2610.0 ssil -375.129700
2610.0 2890.0 ssil -3255.527344 EEN
2890.0 2955.0 @ -840.361267
2955.0 3010.0 n -619.169006
3010.0 3025.0 ssil -192.657501
3025.0 3040.0 ssil -205.030899 KARAKTERISTIEK
3040.0 3090.0 k -683.905823
3090.0 3105.0 a -188.128174
3105.0 3305.0 r -2240.386719
3305.0 3335.0 ac -375.263794
3335.0 3350.0 k -235.045197
3350.0 3385.0 t -486.026245
3385.0 3420.0 @ -442.498108
3420.0 3440.0 r -242.431641
3440.0 3515.0 @ -911.675598
3515.0 3600.0 s -1210.745483
3600.0 3665.0 t -846.200195
3665.0 3750.0 i -1079.447021
3750.0 3775.0 k -374.780273
3775.0 3790.0 ssil -216.445282
3790.0 3840.0 ssil -683.716614 GELUID
3840.0 3890.0 gc -618.069214
3890.0 3915.0 @ -329.623566
3915.0 4005.0 l -1164.477173
4005.0 4175.0 ui -1762.254517
4175.0 4190.0 t -236.158585
4190.0 5385.0001 ssil -13454.998047
.
