#!MLF!#
"/net/aistaff/aki/_same-utterance/wav/10/Groningen_and_Drenthe/7039-1454586937-1322739.rec"
0.0 445.0 ssil -5321.139160 ZACHT
445.0 545.0 z -1297.388794
545.0 635.0 ac -1139.642578
635.0 750.0 x -1473.791626
750.0 835.0 ssil -1217.722534
835.0 895.0 ssil -770.030945 KNORT
895.0 960.0 k -925.876038
960.0 1025.0 n -769.545837
1025.0 1105.0 oc -983.496826
1105.0 1180.0 r -1076.801636
1180.0 1195.0 ssil -244.972809
1195.0 1210.0 ssil -204.093109 HET
1210.0 1225.0 h -184.176483
1225.0 1240.0 ec -216.477417
1240.0 1290.0 t -669.883972
1290.0 1390.0 ssil -1309.752808
1390.0 1435.0 ssil -609.909119 VARKEN
1435.0 1570.0 f -1533.405518
1570.0 1620.0 ac -625.534668
1620.0 1735.0 r -1677.336792
1735.0 1785.0 k -714.578979
1785.0 1820.0 @ -507.540619
1820.0 1855.0 n -399.818298
1855.0 1870.0 ssil -189.094803
1870.0 1885.0 ssil -218.920410 IN
1885.0 1975.0 ic -1139.465210
1975.0 2020.0 n -517.771729
2020.0 2035.0 ssil -205.721695
2035.0 2050.0 ssil -223.983032 DE
2050.0 2065.0 d -222.921036
2065.0 2085.0 @ -248.896637
2085.0 2100.0 ssil -200.360077
2100.0 2115.0 ssil -193.367828 WEI
2115.0 2130.0 w -182.538864
2130.0 2440.0 ei -3730.462158
2440.0 2580.0 ssil -1601.028442
2580.0 2665.0 ssil -1026.762329 EEN
2665.0 2700.0 @ -554.685181
2700.0 2830.0 n -1745.386475
2830.0 2850.0 ssil -242.625580
2850.0 2865.0 ssil -175.425934 KARAKTERISTIEK
2865.0 2935.0 k -974.722595
2935.0 3005.0 a -922.106689
3005.0 3165.0 r -2266.917969
3165.0 3185.0 ac -309.505188
3185.0 3205.0 k -300.399841
3205.0 3285.0 t -1088.904053
3285.0 3300.0 @ -225.072525
3300.0 3355.0 r -811.943481
3355.0 3390.0 @ -453.114197
3390.0 3555.0 s -2170.992432
3555.0 3575.0 t -341.755585
3575.0 3720.0 i -1850.792969
3720.0 3750.0 k -438.236176
3750.0 3765.0 ssil -223.122711
3765.0 3780.0 ssil -210.946121 GELUID
3780.0 3885.0 gc -1343.937988
3885.0 3940.0 @ -721.235718
3940.0 3990.0 l -684.188538
3990.0 4150.0 ui -1969.716309
4150.0 4325.0 t -2319.188965
4325.0 4900.0 ssil -7034.164551
.
