#!MLF!#
"/net/aistaff/aki/_same-utterance/wav/10/Groningen_and_Drenthe/7955-1463165405-1812850.rec"
0.0 720.0 ssil -8684.530273 ZACHT
720.0 860.0 z -1712.583618
860.0 935.0 ac -898.648438
935.0 1165.0 x -3021.318359
1165.0 1185.0 ssil -302.372772
1185.0 1210.0 ssil -346.580231 KNORT
1210.0 1240.0 k -435.849945
1240.0 1285.0 n -554.019531
1285.0 1305.0 @ -260.512238
1305.0 1410.0 r -1297.263794
1410.0 1430.0 ssil -274.124878
1430.0 1455.0 ssil -364.935516 HET
1455.0 1470.0 h -227.614380
1470.0 1485.0 ec -205.346420
1485.0 1500.0 t -197.250412
1500.0 1575.0 ssil -912.784546
1575.0 1675.0 ssil -1247.405518 VARKEN
1675.0 1780.0 v -1290.077637
1780.0 1960.0 ac -2178.125244
1960.0 1990.0 r -443.314453
1990.0 2005.0 k -231.970154
2005.0 2035.0 @ -378.343628
2035.0 2240.0 n -2289.373291
2240.0 2255.0 ssil -195.253876
2255.0 2270.0 ssil -232.339310 IN
2270.0 2350.0 ic -951.058960
2350.0 2385.0 n -397.270081
2385.0 2400.0 ssil -196.450378
2400.0 2415.0 ssil -220.024826 DE
2415.0 2430.0 d -230.718948
2430.0 2485.0 @ -660.343384
2485.0 2500.0 ssil -201.804260
2500.0 2515.0 ssil -208.556992 WEI
2515.0 2530.0 w -189.688202
2530.0 2920.0 ei -4225.257812
2920.0 2940.0 ssil -241.157837
2940.0 2965.0 ssil -327.852142 EEN
2965.0 2995.0 @ -372.842651
2995.0 3065.0 n -853.012024
3065.0 3080.0 ssil -210.100204
3080.0 3100.0 ssil -267.923676 KARAKTERISTIEK
3100.0 3160.0 k -838.490051
3160.0 3265.0 a -1306.684082
3265.0 3380.0 r -1384.633423
3380.0 3430.0 ac -615.657471
3430.0 3490.0 k -814.818909
3490.0 3535.0 t -592.616211
3535.0 3580.0 @ -553.129456
3580.0 3610.0 r -366.884857
3610.0 3680.0 @ -876.721558
3680.0 3800.0 s -1391.294556
3800.0 3875.0 t -968.521301
3875.0 3985.0 i -1457.984985
3985.0 4045.0 k -829.567688
4045.0 4065.0 ssil -291.633545
4065.0 4090.0 ssil -320.126404 GELUID
4090.0 4170.0 x -1008.360352
4170.0 4220.0 @ -601.970398
4220.0 4300.0 l -933.071350
4300.0 4490.0 ui -2001.322144
4490.0 4505.0 t -225.513367
4505.0 4855.0 ssil -4017.937744
.
