#!MLF!#
"/net/aistaff/aki/_same-utterance/wav/10/Groningen_and_Drenthe/8763-1458205927-1666262.rec"
0.0 405.0 ssil -4068.476807 ZACHT
405.0 535.0 s -1570.364990
535.0 640.0 ac -1371.382080
640.0 735.0 x -1273.593872
735.0 765.0 ssil -442.724579
765.0 800.0 ssil -431.513519 KNORT
800.0 880.0 k -1105.458008
880.0 950.0 n -989.040405
950.0 1010.0 @ -879.235535
1010.0 1050.0 r -591.549500
1050.0 1130.0 ssil -1229.342773
1130.0 1165.0 ssil -468.355347 HET
1165.0 1180.0 h -217.245605
1180.0 1215.0 ec -448.961548
1215.0 1230.0 t -215.847229
1230.0 1260.0 ssil -383.708923
1260.0 1275.0 ssil -205.686905 VARKEN
1275.0 1400.0 f -1549.331787
1400.0 1490.0 ac -1117.265747
1490.0 1610.0 r -1700.075806
1610.0 1650.0 k -579.560181
1650.0 1685.0 @ -455.086639
1685.0 1745.0 n -720.084351
1745.0 1765.0 ssil -291.088654
1765.0 1780.0 ssil -221.892029 IN
1780.0 1825.0 ic -572.221436
1825.0 1890.0 n -780.777954
1890.0 1905.0 ssil -207.847366
1905.0 1920.0 ssil -219.838181 DE
1920.0 1935.0 d -214.263992
1935.0 1960.0 @ -316.863403
1960.0 1975.0 ssil -197.416351
1975.0 1990.0 ssil -184.452698 WEI
1990.0 2025.0 w -468.735748
2025.0 2365.0 ei -3993.719238
2365.0 2390.0 ssil -319.408722
2390.0 3085.0 ssil -7717.768066 EEN
3085.0 3210.0 n -1573.095703
3210.0 3225.0 ssil -238.031815
3225.0 3240.0 ssil -241.066467 KARAKTERISTIEK
3240.0 3295.0 k -801.229919
3295.0 3355.0 a -731.479614
3355.0 3390.0 r -537.610168
3390.0 3545.0 ac -2212.640869
3545.0 3570.0 k -378.180542
3570.0 3610.0 t -539.250061
3610.0 3640.0 @ -375.140106
3640.0 3680.0 r -597.969788
3680.0 3765.0 @ -1128.691895
3765.0 3885.0 s -1555.519897
3885.0 3990.0 t -1339.696899
3990.0 4120.0 i -1856.664185
4120.0 4160.0 k -598.993896
4160.0 4175.0 ssil -198.603668
4175.0 4190.0 ssil -203.028534 GELUID
4190.0 4265.0 x -938.786682
4265.0 4330.0 @ -854.942627
4330.0 4365.0 l -431.700104
4365.0 4535.0 ui -2087.157471
4535.0 4740.0 t -2760.655518
4740.0 5455.0 ssil -8257.027344
.
