#!MLF!#
"/net/aistaff/aki/_same-utterance/wav/10/Groningen_and_Drenthe/9363-1462391436-1799749.rec"
0.0 560.0 ssil -4765.266113 ZACHT
560.0 695.0 z -1673.862305
695.0 795.0 ac -1116.700439
795.0 930.0 x -1903.765015
930.0 1020.0 t -1164.230591
1020.0 1145.0 ssil -1601.953369
1145.0 1160.0 ssil -205.095520 KNORT
1160.0 1225.0 k -936.332458
1225.0 1305.0 n -900.311340
1305.0 1415.0 oc -1219.122192
1415.0 1500.0 r -1164.205566
1500.0 1610.0 t -1469.587158
1610.0 1680.0 ssil -848.443115
1680.0 1740.0 ssil -713.352844 HET
1740.0 1760.0 h -229.419449
1760.0 1855.0 ec -1123.775391
1855.0 1900.0 t -594.035339
1900.0 1915.0 ssil -193.598465
1915.0 1930.0 ssil -168.078537 VARKEN
1930.0 2005.0 f -914.728516
2005.0 2115.0 ac -1256.571777
2115.0 2230.0 r -1461.460815
2230.0 2280.0 k -658.548828
2280.0 2325.0 @ -530.655884
2325.0 2415.0 n -1024.216553
2415.0 2430.0 ssil -236.616425
2430.0 2445.0 ssil -232.803864 IN
2445.0 2510.0 ic -730.835144
2510.0 2590.0 n -812.494934
2590.0 2615.0 ssil -323.423431
2615.0 2630.0 ssil -186.403839 DE
2630.0 2645.0 d -181.970856
2645.0 2660.0 ssil -191.404892
2660.0 2675.0 ssil -172.467819 WEI
2675.0 2730.0 w -586.428406
2730.0 3085.0 ei -3605.675293
3085.0 3235.0 ssil -1783.439087
3235.0 3280.0 ssil -593.234192 EEN
3280.0 3380.0 n -1137.616943
3380.0 3415.0 ssil -399.551361
3415.0 3455.0 ssil -430.044952 KARAKTERISTIEK
3455.0 3520.0 k -857.149597
3520.0 3640.0 a -1259.717407
3640.0 3770.0 r -1658.402588
3770.0 3840.0 ac -889.939575
3840.0 3855.0 k -228.087662
3855.0 3910.0 t -701.004517
3910.0 3995.0 @ -985.084839
3995.0 4020.0 r -357.037720
4020.0 4095.0 @ -860.636597
4095.0 4185.0 s -1090.753418
4185.0 4275.0 t -1133.582886
4275.0 4405.0 i -1531.277588
4405.0 4490.0 k -1183.185791
4490.0 4535.0 ssil -554.753052
4535.0 4575.0 ssil -518.614014 GELUID
4575.0 4710.0 x -1774.215698
4710.0 4750.0 @ -526.195007
4750.0 4840.0 l -1067.978027
4840.0 5090.0 ui -2539.451172
5090.0 5240.0 t -1921.453247
5240.0 5550.0 ssil -3947.165527
.
