#!MLF!#
"/net/aistaff/aki/_same-utterance/wav/06/Limburg/10015-1465415170-2278639.rec"
0.0 445.0 ssil -4217.628906 NA
445.0 495.0 n -659.220093
495.0 635.0 a -1534.905151
635.0 650.0 ssil -254.991333
650.0 665.0 ssil -231.484116 ZIJN
665.0 715.0 z -725.794312
715.0 765.0 ei -581.655518
765.0 780.0 n -213.704010
780.0 795.0 ssil -209.589233
795.0 820.0 ssil -355.726440 REIS
820.0 880.0 r -821.691284
880.0 1060.0 ei -1881.680176
1060.0 1110.0 s -763.107178
1110.0 1125.0 ssil -218.452835
1125.0 1145.0 ssil -266.616058 MAAKT
1145.0 1195.0 m -615.692322
1195.0 1265.0 a -947.885010
1265.0 1280.0 k -245.234940
1280.0 1305.0 ssil -368.955627
1305.0 1330.0 ssil -389.555908 HIJ
1330.0 1350.0 h -256.026825
1350.0 1505.0 ei -1597.863281
1505.0 1520.0 ssil -192.149109
1520.0 1535.0 ssil -175.495392 EEN
1535.0 1580.0 n -523.066101
1580.0 1630.0 ssil -523.918091
1630.0 1665.0 ssil -407.757202 KAART
1665.0 1710.0 k -681.346191
1710.0 1915.0 a -2311.485107
1915.0 1950.0 r -463.038971
1950.0 1985.0 t -555.313110
1985.0 2000.0 ssil -218.251190
2000.0 2025.0 ssil -348.237183 VAN
2025.0 2105.0 f -1020.043152
2105.0 2140.0 ac -467.020630
2140.0 2155.0 n -196.463089
2155.0 2170.0 ssil -174.275223
2170.0 2185.0 ssil -175.471161 DE
2185.0 2200.0 d -201.009125
2200.0 2215.0 ssil -228.109985
2215.0 2230.0 ssil -209.710144 ONVERHARDE
2230.0 2395.0 oc -1876.893433
2395.0 2505.0 n -1274.293457
2505.0 2555.0 f -574.458679
2555.0 2570.0 ec -212.389816
2570.0 2585.0 r -184.146713
2585.0 2600.0 h -174.841187
2600.0 2880.0 ac -3043.419678
2880.0 2895.0 r -206.481659
2895.0 2950.0 d -741.003174
2950.0 2970.0 @ -235.013611
2970.0 2985.0 ssil -178.204300
2985.0 3000.0 ssil -180.742783 WEGEN
3000.0 3020.0 w -200.396820
3020.0 3265.0 e -2285.549805
3265.0 3345.0 gc -1051.329224
3345.0 3570.0 @ -2552.763916
3570.0 3590.0 n -217.500046
3590.0 3615.0 ssil -311.071533
3615.0 3630.0 ssil -199.419083 EN
3630.0 3655.0 ec -310.855347
3655.0 3695.0 n -439.614075
3695.0 3710.0 ssil -184.954620
3710.0 3725.0 ssil -210.125214 DIE
3725.0 3745.0 d -294.757996
3745.0 3805.0 i -761.673584
3805.0 3820.0 ssil -221.534393
3820.0 3835.0 ssil -221.895706 ZET
3835.0 3895.0 z -791.349670
3895.0 3950.0 ec -638.947754
3950.0 4005.0 t -788.248901
4005.0 4020.0 ssil -239.660309
4020.0 4035.0 ssil -240.069733 HIJ
4035.0 4065.0 h -348.539551
4065.0 4145.0 ei -900.393799
4145.0 4160.0 ssil -204.328415
4160.0 4175.0 ssil -211.798462 DIRECT
4175.0 4200.0 d -345.869843
4200.0 4215.0 ac -248.093704
4215.0 4295.0 j -880.672302
4295.0 4355.0 r -842.836243
4355.0 4475.0 ec -1464.127319
4475.0 4510.0 k -507.108337
4510.0 4560.0 t -753.105103
4560.0 4575.0 ssil -235.920547
4575.0 4590.0 ssil -213.301025 OP
4590.0 4635.0 oc -499.761566
4635.0 4650.0 p -216.451736
4650.0 4665.0 ssil -189.508102
4665.0 4680.0 ssil -185.899902 EEN
4680.0 4730.0 @ -545.613708
4730.0 4790.0 n -554.357849
4790.0 4805.0 ssil -196.111237
4805.0 4820.0 ssil -214.138779 DVD
4820.0 4840.0 d -266.505646
4840.0 4965.0 e -1255.290649
4965.0 5020.0 f -744.577209
5020.0 5085.0 e -826.640076
5085.0 5170.0 d -1078.973389
5170.0 5380.0 e -2171.568115
5380.0 5620.0 ssil -2967.342041
.
