#!MLF!#
"/net/aistaff/aki/_same-utterance/wav/06/Limburg/10029-1466015306-2321504.rec"
0.0 795.0 ssil -10576.776367 NA
795.0 875.0 n -970.421082
875.0 1055.0 a -2030.747314
1055.0 1085.0 ssil -422.230652
1085.0 1105.0 ssil -293.089233 ZIJN
1105.0 1140.0 z -476.154297
1140.0 1260.0 ei -1275.926270
1260.0 1285.0 n -341.455261
1285.0 1300.0 ssil -214.806671
1300.0 1315.0 ssil -204.804214 REIS
1315.0 1355.0 r -547.950989
1355.0 1550.0 ei -2145.039307
1550.0 1625.0 s -1006.092346
1625.0 1645.0 ssil -281.969452
1645.0 1665.0 ssil -284.273193 MAAKT
1665.0 1730.0 m -843.635986
1730.0 1835.0 a -1319.578735
1835.0 1850.0 k -239.823517
1850.0 1875.0 ssil -362.288025
1875.0 1905.0 ssil -445.050873 HIJ
1905.0 1925.0 h -271.226410
1925.0 2150.0 ei -2425.573486
2150.0 2165.0 ssil -200.683945
2165.0 2180.0 ssil -210.250015 EEN
2180.0 2220.0 n -489.954041
2220.0 2235.0 ssil -196.355240
2235.0 2250.0 ssil -179.728546 KAART
2250.0 2330.0 k -1145.178589
2330.0 2575.0 a -2816.322998
2575.0 2610.0 r -524.662170
2610.0 2630.0 ssil -323.166443
2630.0 2665.0 ssil -464.590027 VAN
2665.0 2810.0 f -1810.565308
2810.0 2835.0 ac -297.678802
2835.0 2905.0 n -823.419983
2905.0 2930.0 ssil -333.393188
2930.0 2955.0 ssil -332.839996 DE
2955.0 2970.0 d -206.081100
2970.0 2985.0 @ -195.659103
2985.0 3005.0 ssil -247.176727
3005.0 3045.0 ssil -542.477295 ONVERHARDE
3045.0 3110.0 oc -753.711182
3110.0 3180.0 n -765.922302
3180.0 3195.0 ec -188.229202
3195.0 3245.0 r -703.863464
3245.0 3425.0 h -2093.498779
3425.0 3570.0 ac -1574.335693
3570.0 3585.0 r -209.933823
3585.0 3610.0 d -357.205231
3610.0 3695.0 @ -928.524658
3695.0 3710.0 ssil -175.256439
3710.0 3725.0 ssil -166.675903 WEGEN
3725.0 3775.0 w -480.747681
3775.0 4075.0 e -3229.696289
4075.0 4090.0 gc -218.017929
4090.0 4180.0 @ -1119.928467
4180.0 4195.0 ssil -224.754913
4195.0 4210.0 ssil -231.564148 EN
4210.0 4250.0 ec -536.206299
4250.0 4405.0 n -1721.160278
4405.0 4420.0 ssil -217.675537
4420.0 4435.0 ssil -250.376877 DIE
4435.0 4450.0 d -239.870636
4450.0 4680.0 i -2581.340088
4680.0 4795.0 ssil -1371.700562
4795.0 4990.0 ssil -2305.464111 ZET
4990.0 5075.0 s -1153.730347
5075.0 5170.0 ec -1267.227173
5170.0 5185.0 t -230.795090
5185.0 5200.0 ssil -206.991913
5200.0 5215.0 ssil -206.819458 HIJ
5215.0 5230.0 h -195.499542
5230.0 5305.0 ei -769.641052
5305.0 5320.0 ssil -191.763550
5320.0 5335.0 ssil -179.224274 DIRECT
5335.0 5350.0 d -190.212234
5350.0 5365.0 ac -261.161926
5365.0 5475.0 j -1206.216797
5475.0 5495.0 r -238.705048
5495.0 5510.0 k -217.196213
5510.0 5525.0 ssil -204.535629
5525.0 5540.0 ssil -193.276993 OP
5540.0 5555.0 p -209.276337
5555.0 5570.0 ssil -181.932526
5570.0 5585.0 ssil -179.981216 EEN
5585.0 5600.0 @ -172.921188
5600.0 5615.0 ssil -196.306213
5615.0 5630.0 ssil -208.482925 DVD
5630.0 5645.0 d -201.108444
5645.0 5660.0 @ -191.822678
5660.0 5675.0 f -235.219238
5675.0 5695.0 e -264.058380
5695.0 5745.0 d -765.207153
5745.0 5760.0 e -231.977829
5760.0 5780.0 ssil -261.943695
.
