#!MLF!#
"/net/aistaff/aki/_same-utterance/wav/06/Limburg/12292-1468404231-2403415.rec"
0.0 890.0 ssil -10432.364258 NA
890.0 945.0 n -753.288879
945.0 1050.0 a -1167.905029
1050.0 1065.0 ssil -214.672867
1065.0 1080.0 ssil -220.951263 ZIJN
1080.0 1150.0 z -911.882324
1150.0 1225.0 ei -724.163330
1225.0 1240.0 n -206.501907
1240.0 1255.0 ssil -178.161697
1255.0 1270.0 ssil -167.841599 REIS
1270.0 1285.0 r -172.680878
1285.0 1480.0 ei -2159.742188
1480.0 1530.0 s -653.562256
1530.0 1545.0 ssil -215.838486
1545.0 1565.0 ssil -293.118347 MAAKT
1565.0 1635.0 m -903.167358
1635.0 1735.0 a -1116.617798
1735.0 1780.0 k -606.632568
1780.0 1795.0 ssil -220.961334
1795.0 1810.0 ssil -210.531311 HIJ
1810.0 1875.0 h -694.284424
1875.0 2010.0 ei -1279.525757
2010.0 2025.0 ssil -208.876877
2025.0 2040.0 ssil -198.139572 EEN
2040.0 2055.0 @ -183.229523
2055.0 2070.0 ssil -188.957733
2070.0 2085.0 ssil -199.349121 KAART
2085.0 2130.0 k -634.188843
2130.0 2285.0 a -1476.578735
2285.0 2325.0 r -546.583374
2325.0 2370.0 ssil -633.778442
2370.0 2385.0 ssil -223.715103 VAN
2385.0 2460.0 f -950.915649
2460.0 2500.0 ac -483.154327
2500.0 2515.0 n -192.995956
2515.0 2530.0 ssil -212.850510
2530.0 2545.0 ssil -219.475174 DE
2545.0 2560.0 d -218.133713
2560.0 2620.0 @ -786.176025
2620.0 2635.0 ssil -188.168259
2635.0 2655.0 ssil -268.304138 ONVERHARDE
2655.0 2780.0 oc -1426.395752
2780.0 2820.0 n -498.016357
2820.0 2835.0 ec -229.885696
2835.0 2855.0 r -295.478760
2855.0 2880.0 h -345.171417
2880.0 3025.0 ac -1543.405884
3025.0 3040.0 r -224.012283
3040.0 3055.0 d -218.438599
3055.0 3095.0 @ -507.899780
3095.0 3110.0 ssil -192.114822
3110.0 3125.0 ssil -189.772583 WEGEN
3125.0 3190.0 w -657.406128
3190.0 3375.0 e -1818.107422
3375.0 3410.0 gc -465.046051
3410.0 3425.0 ssil -205.395889
3425.0 3440.0 ssil -213.428650 EN
3440.0 3705.0 ec -2768.907471
3705.0 3730.0 n -289.961365
3730.0 3745.0 ssil -193.655746
3745.0 3760.0 ssil -211.728683 DIE
3760.0 3775.0 d -220.134933
3775.0 3830.0 i -644.815735
3830.0 3845.0 ssil -221.214981
3845.0 3860.0 ssil -209.615631 ZET
3860.0 3940.0 z -1043.108276
3940.0 3980.0 ec -461.469421
3980.0 4000.0 t -309.071289
4000.0 4015.0 ssil -223.683975
4015.0 4030.0 ssil -221.658661 HIJ
4030.0 4080.0 h -547.805725
4080.0 4135.0 ei -613.124573
4135.0 4150.0 ssil -195.565399
4150.0 4170.0 ssil -263.305542 DIRECT
4170.0 4185.0 d -207.959152
4185.0 4200.0 ac -271.224182
4200.0 4260.0 j -703.626343
4260.0 4275.0 r -190.822968
4275.0 4365.0 ec -871.737061
4365.0 4380.0 k -223.665970
4380.0 4395.0 ssil -217.351532
4395.0 4410.0 ssil -222.584305 OP
4410.0 4425.0 p -212.302048
4425.0 4440.0 ssil -219.345932
4440.0 4455.0 ssil -215.563599 EEN
4455.0 4505.0 @ -573.350220
4505.0 4605.0 n -1163.942383
4605.0 4620.0 ssil -212.892105
4620.0 4635.0 ssil -190.363800 DVD
4635.0 4705.0 d -841.338867
4705.0 4845.0 e -1501.462280
4845.0 4860.0 f -216.986389
4860.0 4945.0 e -1085.268188
4945.0 4985.0 d -537.416931
4985.0 5295.0 e -3218.466553
5295.0 5620.0 ssil -3746.235840
.
