#!MLF!#
"/net/aistaff/aki/_same-utterance/wav/06/Limburg/15588-1466157721-2330936.rec"
0.0 990.0 ssil -12270.201172 NA
990.0 1040.0 n -656.152893
1040.0 1210.0 a -1956.815552
1210.0 1240.0 ssil -423.232391
1240.0 1255.0 ssil -214.061447 ZIJN
1255.0 1290.0 z -488.412445
1290.0 1405.0 ei -1234.842163
1405.0 1420.0 n -209.945389
1420.0 1435.0 ssil -191.054703
1435.0 1450.0 ssil -186.611343 REIS
1450.0 1465.0 r -181.482605
1465.0 1690.0 ei -2254.192383
1690.0 1770.0 s -1211.718384
1770.0 1795.0 ssil -363.148376
1795.0 1810.0 ssil -234.780884 MAAKT
1810.0 1855.0 m -561.697205
1855.0 1980.0 a -1397.502930
1980.0 2000.0 k -270.741943
2000.0 2045.0 ssil -633.945923
2045.0 2070.0 ssil -395.613678 HIJ
2070.0 2085.0 h -202.003876
2085.0 2280.0 ei -2002.966553
2280.0 2305.0 ssil -314.455536
2305.0 2325.0 ssil -261.766876 EEN
2325.0 2345.0 n -261.154724
2345.0 2375.0 ssil -391.604095
2375.0 2400.0 ssil -403.120911 KAART
2400.0 2415.0 k -262.742950
2415.0 2615.0 a -2069.512451
2615.0 2660.0 r -655.368103
2660.0 2805.0 ssil -1997.385498
2805.0 2915.0 ssil -1529.437500 VAN
2915.0 3005.0 v -1291.947388
3005.0 3090.0 ac -973.075256
3090.0 3140.0 n -560.003479
3140.0 3155.0 ssil -207.027786
3155.0 3170.0 ssil -227.164291 DE
3170.0 3185.0 d -224.412903
3185.0 3200.0 ssil -207.561218
3200.0 3215.0 ssil -207.217499 ONVERHARDE
3215.0 3360.0 oc -1915.997559
3360.0 3465.0 n -1378.185425
3465.0 3480.0 ec -217.274765
3480.0 3505.0 r -348.834839
3505.0 3520.0 h -211.251099
3520.0 3795.0 ac -3273.839355
3795.0 3810.0 r -227.802063
3810.0 3825.0 d -214.800232
3825.0 3870.0 @ -514.579834
3870.0 3885.0 ssil -197.623428
3885.0 3900.0 ssil -176.818619 WEGEN
3900.0 3915.0 w -157.186569
3915.0 4160.0 e -2612.038574
4160.0 4175.0 gc -194.684860
4175.0 4190.0 ssil -191.460464
4190.0 4215.0 ssil -342.691162 EN
4215.0 4495.0 ec -3500.125000
4495.0 4555.0 n -716.957092
4555.0 4570.0 ssil -221.887543
4570.0 4585.0 ssil -226.340912 DIE
4585.0 4600.0 d -207.136139
4600.0 4675.0 i -849.110657
4675.0 4690.0 ssil -215.092560
4690.0 4705.0 ssil -227.283157 ZET
4705.0 4785.0 z -1082.782715
4785.0 4885.0 ec -1212.857910
4885.0 4900.0 t -215.996262
4900.0 4915.0 ssil -205.690536
4915.0 4960.0 ssil -658.242981 HIJ
4960.0 4975.0 h -194.244888
4975.0 5065.0 ei -1006.245728
5065.0 5080.0 ssil -184.876724
5080.0 5095.0 ssil -181.925522 DIRECT
5095.0 5110.0 d -206.679794
5110.0 5130.0 ac -338.286652
5130.0 5220.0 j -1139.762329
5220.0 5275.0 r -639.491638
5275.0 5405.0 ec -1599.240234
5405.0 5445.0 k -566.983643
5445.0 5475.0 t -436.388184
5475.0 5490.0 ssil -247.650604
5490.0 5505.0 ssil -223.470078 OP
5505.0 5575.0 oc -799.254456
5575.0 5595.0 p -249.034348
5595.0 5610.0 ssil -176.123734
5610.0 5625.0 ssil -211.333633 EEN
5625.0 5700.0 @ -919.123047
5700.0 5755.0 n -637.737488
5755.0 5770.0 ssil -196.195251
5770.0 5785.0 ssil -213.630783 DVD
5785.0 5805.0 d -284.891632
5805.0 5950.0 e -1532.043701
5950.0 6005.0 f -708.083069
6005.0 6060.0 e -728.986877
6060.0 6130.0 d -956.419739
6130.0 6315.0 e -1890.041016
6315.0 7455.0 ssil -14994.357422
.
