#!MLF!#
"/net/aistaff/aki/_same-utterance/wav/06/Limburg/16222-1464605901-2144954.rec"
0.0 565.0 ssil -6659.750977 NA
565.0 590.0 n -396.082153
590.0 690.0 a -1137.434204
690.0 705.0 ssil -231.750504
705.0 720.0 ssil -255.913864 ZIJN
720.0 790.0 z -966.031738
790.0 915.0 ei -1278.604736
915.0 930.0 n -227.477722
930.0 945.0 ssil -205.343887
945.0 960.0 ssil -196.880371 REIS
960.0 980.0 r -241.297562
980.0 1190.0 ei -2445.682129
1190.0 1305.0 s -1603.602295
1305.0 1330.0 ssil -315.658752
1330.0 1350.0 ssil -288.521240 MAAKT
1350.0 1410.0 m -863.475891
1410.0 1495.0 a -1064.290771
1495.0 1510.0 k -253.269470
1510.0 1530.0 ssil -328.544495
1530.0 1585.0 ssil -898.040466 HIJ
1585.0 1630.0 h -515.223328
1630.0 1795.0 ei -1847.011719
1795.0 1815.0 ssil -246.623856
1815.0 1830.0 ssil -192.876678 EEN
1830.0 1855.0 @ -310.100494
1855.0 1875.0 ssil -250.118835
1875.0 1895.0 ssil -304.015930 KAART
1895.0 1915.0 k -331.219482
1915.0 1945.0 a -454.529449
1945.0 2090.0 r -2070.953125
2090.0 2105.0 ssil -222.624969
2105.0 2140.0 ssil -424.942535 VAN
2140.0 2190.0 f -627.692566
2190.0 2225.0 ac -476.666412
2225.0 2280.0 n -696.220276
2280.0 2310.0 ssil -403.808105
2310.0 2325.0 ssil -214.261292 DE
2325.0 2340.0 d -229.138443
2340.0 2360.0 @ -272.164917
2360.0 2375.0 ssil -208.379944
2375.0 2390.0 ssil -233.203751 ONVERHARDE
2390.0 2500.0 oc -1271.822144
2500.0 2540.0 n -592.075623
2540.0 2555.0 ec -228.176926
2555.0 2580.0 r -345.149323
2580.0 2595.0 h -233.443802
2595.0 2685.0 ac -1068.756470
2685.0 2805.0 r -1608.108521
2805.0 2820.0 d -199.271210
2820.0 2895.0 @ -907.410828
2895.0 2910.0 ssil -191.950012
2910.0 2925.0 ssil -208.102631 WEGEN
2925.0 2955.0 w -386.377747
2955.0 3155.0 e -2039.607544
3155.0 3255.0 x -1368.472168
3255.0 3290.0 @ -434.895721
3290.0 3310.0 ssil -264.071167
3310.0 3345.0 ssil -457.910767 EN
3345.0 3390.0 ec -486.809570
3390.0 3415.0 n -264.667145
3415.0 3430.0 ssil -180.009354
3430.0 3445.0 ssil -221.967194 DIE
3445.0 3460.0 d -227.857330
3460.0 3505.0 i -550.468140
3505.0 3520.0 ssil -230.508102
3520.0 3535.0 ssil -242.273148 ZET
3535.0 3605.0 z -971.294739
3605.0 3655.0 ec -554.428406
3655.0 3705.0 t -673.975891
3705.0 3720.0 ssil -229.508682
3720.0 3735.0 ssil -214.556549 HIJ
3735.0 3750.0 h -168.968445
3750.0 3805.0 ei -598.573608
3805.0 3820.0 ssil -201.172409
3820.0 3835.0 ssil -194.471985 DIRECT
3835.0 3850.0 d -208.909622
3850.0 3865.0 ac -260.460327
3865.0 3920.0 j -626.883911
3920.0 4020.0 r -1302.834839
4020.0 4130.0 ec -1392.537354
4130.0 4145.0 k -249.813324
4145.0 4200.0 t -817.144531
4200.0 4215.0 ssil -244.623276
4215.0 4230.0 ssil -247.732361 OP
4230.0 4285.0 oc -656.463135
4285.0 4305.0 p -279.025116
4305.0 4320.0 ssil -183.139267
4320.0 4350.0 ssil -408.640686 EEN
4350.0 4375.0 @ -318.380890
4375.0 4450.0 n -829.530762
4450.0 4465.0 ssil -206.057648
4465.0 4480.0 ssil -220.150925 DVD
4480.0 4500.0 d -288.831970
4500.0 4665.0 e -1731.160522
4665.0 4695.0 f -426.449066
4695.0 4810.0 e -1442.260254
4810.0 4840.0 d -395.707733
4840.0 5135.0 e -2894.559082
5135.0 5455.0 ssil -3689.872314
.
