#!MLF!#
"/net/aistaff/aki/_same-utterance/wav/06/Limburg/17089-1473520531-2485436.rec"
0.0 285.0 ssil -2289.310547 NA
285.0 300.0 n -180.213913
300.0 315.0 a -199.454865
315.0 345.0 ssil -378.851471
345.0 365.0 ssil -283.731384 ZIJN
365.0 675.0 s -3819.310059
675.0 690.0 ei -256.573944
690.0 705.0 n -214.964386
705.0 725.0 ssil -293.004120
725.0 785.0 ssil -867.327820 REIS
785.0 1105.0 r -4100.755371
1105.0 1255.0 ei -1874.873413
1255.0 1280.0 s -390.844391
1280.0 1295.0 ssil -238.294174
1295.0 1355.0 ssil -857.935608 MAAKT
1355.0 1390.0 m -479.919037
1390.0 1485.0 a -1210.155762
1485.0 1500.0 k -241.426407
1500.0 1540.0 ssil -490.499146
1540.0 1555.0 ssil -220.729156 HIJ
1555.0 1570.0 h -223.884338
1570.0 1690.0 ei -1412.021118
1690.0 1710.0 ssil -230.376724
1710.0 1725.0 ssil -173.706345 EEN
1725.0 1740.0 @ -173.851746
1740.0 1755.0 ssil -171.286804
1755.0 1770.0 ssil -201.567337 KAART
1770.0 1820.0 k -744.625854
1820.0 2010.0 a -2429.920898
2010.0 2030.0 r -287.106445
2030.0 2060.0 ssil -405.932892
2060.0 2130.0 ssil -914.231079 VAN
2130.0 2145.0 v -197.044739
2145.0 2160.0 ac -183.417603
2160.0 2175.0 n -182.838715
2175.0 2190.0 ssil -179.203964
2190.0 2205.0 ssil -193.545715 DE
2205.0 2220.0 d -202.803726
2220.0 2255.0 @ -400.516602
2255.0 2270.0 ssil -195.606400
2270.0 2285.0 ssil -186.863129 ONVERHARDE
2285.0 2385.0 oc -1155.210938
2385.0 2470.0 n -980.783875
2470.0 2485.0 ec -216.218796
2485.0 2500.0 r -195.048767
2500.0 2515.0 h -195.529938
2515.0 2775.0 ac -2922.320312
2775.0 2825.0 r -614.092834
2825.0 2840.0 d -195.394302
2840.0 2855.0 @ -166.323624
2855.0 2870.0 ssil -189.858124
2870.0 2885.0 ssil -187.798889 WEGEN
2885.0 2905.0 w -245.755585
2905.0 3140.0 e -3121.010986
3140.0 3155.0 gc -240.945694
3155.0 3210.0 @ -654.813171
3210.0 3225.0 ssil -198.240463
3225.0 3240.0 ssil -185.847778 EN
3240.0 3280.0 n -428.716583
3280.0 3295.0 ssil -175.586288
3295.0 3310.0 ssil -188.587875 DIE
3310.0 3325.0 d -190.994934
3325.0 3400.0 i -893.103943
3400.0 3415.0 ssil -212.290878
3415.0 3430.0 ssil -204.193329 ZET
3430.0 3445.0 z -210.362091
3445.0 3460.0 ec -225.771652
3460.0 3475.0 t -238.063354
3475.0 3490.0 ssil -209.531769
3490.0 3505.0 ssil -199.779327 HIJ
3505.0 3520.0 h -186.673126
3520.0 3535.0 ei -188.047211
3535.0 3550.0 ssil -205.958664
3550.0 3565.0 ssil -193.353973 DIRECT
3565.0 3580.0 d -213.612137
3580.0 3595.0 ac -186.675949
3595.0 3610.0 j -213.938751
3610.0 3630.0 r -228.121841
3630.0 3645.0 k -203.887085
3645.0 3660.0 ssil -178.843109
3660.0 3675.0 ssil -205.495193 OP
3675.0 3690.0 p -219.782089
3690.0 3705.0 ssil -177.430893
3705.0 3720.0 ssil -186.500809 EEN
3720.0 3735.0 @ -196.791199
3735.0 3750.0 ssil -203.278076
3750.0 3765.0 ssil -219.814011 DVD
3765.0 3780.0 d -231.144791
3780.0 3895.0 ic -1302.035034
3895.0 3910.0 f -234.035034
3910.0 3925.0 e -187.714310
3925.0 3950.0 d -308.287659
3950.0 3965.0 e -193.117416
3965.0 3995.0 ssil -403.072510
.
