#!MLF!#
"/net/aistaff/aki/_same-utterance/wav/06/Limburg/17469-1474487490-2492134.rec"
0.0 1175.0 ssil -14030.996094 NA
1175.0 1270.0 n -1202.627686
1270.0 1385.0 a -1389.084595
1385.0 1410.0 ssil -384.788727
1410.0 1435.0 ssil -367.616333 ZIJN
1435.0 1465.0 z -436.995239
1465.0 1535.0 ei -697.886292
1535.0 1630.0 n -1326.140137
1630.0 1645.0 ssil -212.169632
1645.0 1675.0 ssil -389.772980 REIS
1675.0 1690.0 r -217.707748
1690.0 1885.0 ei -2104.603271
1885.0 2055.0 s -2266.931885
2055.0 2075.0 ssil -299.252838
2075.0 2090.0 ssil -208.981232 MAAKT
2090.0 2185.0 m -1171.607788
2185.0 2285.0 a -1403.115356
2285.0 2300.0 k -226.175415
2300.0 2330.0 ssil -410.209106
2330.0 2365.0 ssil -564.403748 HIJ
2365.0 2380.0 h -182.406952
2380.0 2495.0 ei -1304.342529
2495.0 2510.0 ssil -201.119171
2510.0 2525.0 ssil -217.680161 EEN
2525.0 2585.0 n -833.186646
2585.0 2600.0 ssil -232.413223
2600.0 2630.0 ssil -399.042908 KAART
2630.0 2695.0 k -964.868896
2695.0 2830.0 a -1473.488037
2830.0 2855.0 r -341.049652
2855.0 2940.0 ssil -1189.614380
2940.0 2960.0 ssil -277.566711 VAN
2960.0 3040.0 f -980.091736
3040.0 3075.0 ac -487.131500
3075.0 3130.0 n -727.753662
3130.0 3165.0 ssil -554.850952
3165.0 3195.0 ssil -477.585876 DE
3195.0 3210.0 d -241.468994
3210.0 3250.0 @ -493.551636
3250.0 3270.0 ssil -270.947601
3270.0 3285.0 ssil -189.316803 ONVERHARDE
3285.0 3360.0 oc -1037.782715
3360.0 3485.0 n -1523.188354
3485.0 3525.0 f -511.677155
3525.0 3540.0 ec -216.064468
3540.0 3590.0 r -670.657043
3590.0 3650.0 h -839.394287
3650.0 3800.0 ac -1871.908325
3800.0 3815.0 r -226.973373
3815.0 3830.0 d -250.452484
3830.0 3845.0 @ -246.465942
3845.0 3865.0 ssil -291.846313
3865.0 3895.0 ssil -420.446259 WEGEN
3895.0 4050.0 w -1785.197144
4050.0 4215.0 e -1920.366333
4215.0 4230.0 gc -213.069748
4230.0 4310.0 @ -1036.752197
4310.0 4445.0 n -1485.039917
4445.0 4480.0 ssil -422.423248
4480.0 4975.0 ssil -5888.187988 EN
4975.0 5015.0 ec -520.704163
5015.0 5080.0 n -849.579407
5080.0 5095.0 ssil -200.975021
5095.0 5110.0 ssil -205.071960 DIE
5110.0 5140.0 d -474.349579
5140.0 5205.0 i -726.508057
5205.0 5220.0 ssil -203.804108
5220.0 5235.0 ssil -206.911301 ZET
5235.0 5300.0 z -909.055420
5300.0 5390.0 ec -1098.428955
5390.0 5405.0 t -229.425125
5405.0 5430.0 ssil -373.019012
5430.0 5445.0 ssil -234.915741 HIJ
5445.0 5465.0 h -252.650070
5465.0 5605.0 ei -1635.672119
5605.0 5680.0 ssil -1102.418579
5680.0 5745.0 ssil -814.753601 DIRECT
5745.0 5780.0 d -489.059265
5780.0 5795.0 ac -185.358566
5795.0 5810.0 j -198.798065
5810.0 5890.0 r -1017.238464
5890.0 5950.0 ec -760.410828
5950.0 5965.0 k -254.509995
5965.0 6030.0 t -866.666138
6030.0 6075.0 ssil -560.174194
6075.0 6105.0 ssil -479.882172 OP
6105.0 6210.0 oc -1338.394043
6210.0 6260.0 p -713.257935
6260.0 6275.0 ssil -212.454102
6275.0 6290.0 ssil -211.667999 EEN
6290.0 6355.0 n -769.795471
6355.0 6370.0 ssil -211.964249
6370.0 6385.0 ssil -219.946121 DVD
6385.0 6405.0 d -262.018494
6405.0 6505.0 ic -1067.945801
6505.0 6580.0 f -1006.233398
6580.0 6640.0 e -797.384949
6640.0 6725.0 d -1167.067993
6725.0 6965.0 e -2839.333740
6965.0 7150.0 ssil -2307.310303
.
