#!MLF!#
"/net/aistaff/aki/_same-utterance/wav/06/Limburg/1987-1450049076-567700.rec"
0.0 815.0 ssil -10562.954102 NA
815.0 845.0 n -441.276276
845.0 1010.0 a -1719.019043
1010.0 1030.0 ssil -274.900452
1030.0 1045.0 ssil -196.875549 ZIJN
1045.0 1110.0 z -905.172485
1110.0 1210.0 ei -1030.290527
1210.0 1225.0 n -197.524948
1225.0 1240.0 ssil -193.402588
1240.0 1260.0 ssil -242.521179 REIS
1260.0 1275.0 r -187.777679
1275.0 1560.0 ei -2837.381348
1560.0 1655.0 s -1302.769653
1655.0 1670.0 ssil -202.771271
1670.0 1705.0 ssil -483.198517 MAAKT
1705.0 1770.0 m -816.736694
1770.0 1910.0 a -1567.930908
1910.0 1925.0 k -220.623978
1925.0 1975.0 ssil -610.245483
1975.0 2035.0 ssil -858.556091 HIJ
2035.0 2050.0 h -219.198013
2050.0 2240.0 ei -1984.344360
2240.0 2255.0 ssil -192.625076
2255.0 2270.0 ssil -181.889435 EEN
2270.0 2340.0 n -790.485718
2340.0 2380.0 ssil -460.195526
2380.0 2420.0 ssil -512.058105 KAART
2420.0 2475.0 k -871.299011
2475.0 2670.0 a -2134.744629
2670.0 2750.0 r -1157.480225
2750.0 2845.0 ssil -1403.568604
2845.0 3120.0 ssil -3184.047119 VAN
3120.0 3255.0 f -1679.275757
3255.0 3295.0 ac -488.460114
3295.0 3310.0 n -216.074203
3310.0 3325.0 ssil -183.856461
3325.0 3340.0 ssil -185.677322 DE
3340.0 3355.0 d -208.233658
3355.0 3370.0 ssil -219.483963
3370.0 3385.0 ssil -207.815216 ONVERHARDE
3385.0 3600.0 oc -2522.480469
3600.0 3720.0 n -1366.698608
3720.0 3755.0 f -525.679688
3755.0 3805.0 ec -533.806213
3805.0 3820.0 r -175.590225
3820.0 3935.0 h -1421.819702
3935.0 4070.0 ac -1490.228149
4070.0 4140.0 r -922.067749
4140.0 4165.0 d -353.208588
4165.0 4235.0 @ -787.949097
4235.0 4250.0 ssil -204.316467
4250.0 4265.0 ssil -203.840927 WEGEN
4265.0 4290.0 w -288.096985
4290.0 4500.0 e -1963.783936
4500.0 4580.0 gc -1084.477173
4580.0 4720.0 @ -1588.694702
4720.0 4755.0 ssil -469.724884
4755.0 5105.0 ssil -4224.046387 EN
5105.0 5165.0 ec -714.805115
5165.0 5225.0 n -630.952698
5225.0 5245.0 ssil -269.704193
5245.0 5270.0 ssil -382.402954 DIE
5270.0 5285.0 d -231.112015
5285.0 5445.0 i -1779.057739
5445.0 5460.0 ssil -216.114639
5460.0 5475.0 ssil -219.907654 ZET
5475.0 5515.0 z -564.298523
5515.0 5605.0 ec -1052.003784
5605.0 5620.0 t -221.250931
5620.0 5635.0 ssil -217.362717
5635.0 5665.0 ssil -402.930084 HIJ
5665.0 5680.0 h -195.494217
5680.0 5805.0 ei -1258.944580
5805.0 5820.0 ssil -215.100830
5820.0 5835.0 ssil -242.794403 DIRECT
5835.0 5860.0 d -378.884949
5860.0 5875.0 ac -254.355072
5875.0 5950.0 j -882.818726
5950.0 6020.0 r -956.132996
6020.0 6135.0 ec -1386.082886
6135.0 6170.0 k -502.970978
6170.0 6215.0 ssil -647.310669
6215.0 6245.0 ssil -500.263672 OP
6245.0 6305.0 oc -748.928101
6305.0 6345.0 p -524.175537
6345.0 6360.0 ssil -203.753677
6360.0 6375.0 ssil -210.116272 EEN
6375.0 6405.0 @ -403.243988
6405.0 6485.0 n -775.783875
6485.0 6500.0 ssil -175.902023
6500.0 6515.0 ssil -213.749512 DVD
6515.0 6550.0 d -480.653625
6550.0 6730.0 e -1847.806641
6730.0 6750.0 f -280.580627
6750.0 6880.0 e -1589.876709
6880.0 6920.0 d -563.876709
6920.0 7180.0 e -2533.031494
7180.0 7340.0 ssil -2209.126465
.
