#!MLF!#
"/net/aistaff/aki/_same-utterance/wav/06/Limburg/2526-1449833491-587381.rec"
0.0 465.0 ssil -5973.743652 NA
465.0 495.0 n -449.130524
495.0 630.0 a -1722.316406
630.0 645.0 ssil -220.995193
645.0 660.0 ssil -223.489365 ZIJN
660.0 725.0 z -896.150879
725.0 820.0 ei -1227.911499
820.0 855.0 n -439.515350
855.0 875.0 ssil -296.322266
875.0 905.0 ssil -442.211273 REIS
905.0 945.0 r -544.728882
945.0 1180.0 ei -2524.385254
1180.0 1375.0 s -2310.071289
1375.0 1420.0 ssil -662.514465
1420.0 1490.0 ssil -1055.961792 MAAKT
1490.0 1570.0 m -966.062500
1570.0 1710.0 a -1637.715332
1710.0 1750.0 k -628.246521
1750.0 1785.0 t -505.740021
1785.0 1800.0 ssil -208.204895
1800.0 1815.0 ssil -215.385406 HIJ
1815.0 1830.0 h -195.598801
1830.0 2035.0 ei -1948.281250
2035.0 2050.0 ssil -202.408707
2050.0 2065.0 ssil -182.472626 EEN
2065.0 2105.0 n -453.870392
2105.0 2120.0 ssil -195.925934
2120.0 2145.0 ssil -335.168671 KAART
2145.0 2190.0 k -662.104797
2190.0 2315.0 a -1318.757568
2315.0 2350.0 r -497.160461
2350.0 2370.0 t -299.573242
2370.0 2400.0 ssil -463.240509
2400.0 2450.0 ssil -608.297363 VAN
2450.0 2510.0 v -743.340759
2510.0 2570.0 ac -690.249695
2570.0 2640.0 n -747.072144
2640.0 2655.0 ssil -188.057449
2655.0 2670.0 ssil -204.997528 DE
2670.0 2685.0 d -210.990723
2685.0 2700.0 ssil -208.978790
2700.0 2715.0 ssil -196.393814 ONVERHARDE
2715.0 2875.0 oc -1897.244873
2875.0 2940.0 n -830.180603
2940.0 2955.0 ec -248.920258
2955.0 2970.0 r -235.597015
2970.0 2985.0 h -223.371185
2985.0 3135.0 ac -1577.862793
3135.0 3210.0 r -990.489075
3210.0 3230.0 d -275.820831
3230.0 3275.0 @ -517.189636
3275.0 3290.0 ssil -197.123856
3290.0 3305.0 ssil -196.703934 WEGEN
3305.0 3350.0 w -573.614136
3350.0 3520.0 e -1908.076538
3520.0 3605.0 gc -1159.428223
3605.0 3645.0 @ -505.145538
3645.0 3660.0 ssil -223.512192
3660.0 3680.0 ssil -316.112640 EN
3680.0 3770.0 ec -1142.887207
3770.0 3840.0 n -760.589966
3840.0 3855.0 ssil -182.106979
3855.0 3870.0 ssil -210.708801 DIE
3870.0 3885.0 d -214.424454
3885.0 3970.0 i -974.377319
3970.0 3985.0 ssil -211.024643
3985.0 4000.0 ssil -213.579971 ZET
4000.0 4075.0 z -955.091187
4075.0 4165.0 ec -961.717651
4165.0 4180.0 t -215.978653
4180.0 4215.0 ssil -469.409271
4215.0 4260.0 ssil -644.981445 HIJ
4260.0 4275.0 h -190.384720
4275.0 4380.0 ei -1174.350098
4380.0 4395.0 ssil -194.012192
4395.0 4410.0 ssil -198.511505 DIRECT
4410.0 4425.0 d -217.100708
4425.0 4440.0 ac -265.700653
4440.0 4515.0 j -879.575439
4515.0 4550.0 r -487.742584
4550.0 4700.0 ec -1809.414551
4700.0 4735.0 k -489.376770
4735.0 4785.0 t -730.433960
4785.0 4800.0 ssil -263.262482
4800.0 4815.0 ssil -240.746643 OP
4815.0 4880.0 oc -867.083923
4880.0 4995.0 p -1516.564453
4995.0 5010.0 ssil -206.423233
5010.0 5025.0 ssil -206.681824 EEN
5025.0 5080.0 n -569.966736
5080.0 5095.0 ssil -180.838913
5095.0 5110.0 ssil -208.573654 DVD
5110.0 5150.0 d -612.518677
5150.0 5290.0 e -1536.640015
5290.0 5380.0 f -1080.364014
5380.0 5415.0 e -507.023376
5415.0 5485.0 d -933.866638
5485.0 5755.0 e -3050.834473
5755.0 6015.0 ssil -3947.120361
.
