#!MLF!#
"/net/aistaff/aki/_same-utterance/wav/06/Limburg/2720-1449364499-327350.rec"
0.0 320.0 ssil -3843.913330 NA
320.0 335.0 n -214.752884
335.0 460.0 a -1317.307739
460.0 475.0 ssil -200.727676
475.0 490.0 ssil -219.984482 ZIJN
490.0 565.0 z -917.432800
565.0 660.0 ei -943.281616
660.0 675.0 n -205.568039
675.0 690.0 ssil -175.572189
690.0 705.0 ssil -192.646362 REIS
705.0 720.0 r -180.346710
720.0 900.0 ei -1754.424072
900.0 1040.0 s -1763.903931
1040.0 1060.0 ssil -300.535400
1060.0 1075.0 ssil -225.136108 MAAKT
1075.0 1150.0 m -974.423340
1150.0 1240.0 a -1063.974487
1240.0 1255.0 k -253.446472
1255.0 1280.0 t -367.837189
1280.0 1295.0 ssil -237.339417
1295.0 1330.0 ssil -576.857849 HIJ
1330.0 1345.0 h -220.711288
1345.0 1520.0 ei -1619.253052
1520.0 1535.0 ssil -223.410629
1535.0 1550.0 ssil -219.820206 EEN
1550.0 1605.0 n -734.689270
1605.0 1630.0 ssil -413.911987
1630.0 1650.0 ssil -321.903290 KAART
1650.0 1665.0 k -226.726761
1665.0 1780.0 a -1220.901367
1780.0 1820.0 r -570.016113
1820.0 1900.0 t -1153.062866
1900.0 1915.0 ssil -227.677383
1915.0 1930.0 ssil -214.955414 VAN
1930.0 1985.0 f -702.073853
1985.0 2035.0 ac -577.538757
2035.0 2080.0 n -518.933350
2080.0 2095.0 ssil -217.581482
2095.0 2110.0 ssil -245.839615 DE
2110.0 2125.0 d -235.558105
2125.0 2140.0 ssil -220.272278
2140.0 2155.0 ssil -212.397079 ONVERHARDE
2155.0 2375.0 oc -2834.368408
2375.0 2390.0 n -225.548996
2390.0 2465.0 f -962.144043
2465.0 2480.0 ec -217.886459
2480.0 2515.0 r -461.769318
2515.0 2585.0 h -851.942810
2585.0 2720.0 ac -1299.569092
2720.0 2755.0 r -440.007324
2755.0 2785.0 d -423.921051
2785.0 2850.0 @ -637.165039
2850.0 2865.0 ssil -168.935471
2865.0 2880.0 ssil -167.246109 WEGEN
2880.0 2895.0 w -154.088608
2895.0 3115.0 e -2188.607178
3115.0 3130.0 gc -218.983887
3130.0 3380.0 @ -2821.977783
3380.0 3420.0 ssil -490.317596
3420.0 3435.0 ssil -235.302750 EN
3435.0 3510.0 ec -895.098389
3510.0 3575.0 n -711.669189
3575.0 3590.0 ssil -234.770432
3590.0 3605.0 ssil -207.790085 DIE
3605.0 3620.0 d -211.814575
3620.0 3675.0 i -617.446777
3675.0 3690.0 ssil -194.112823
3690.0 3705.0 ssil -201.580536 ZET
3705.0 3780.0 z -993.705750
3780.0 3885.0 ec -1145.873779
3885.0 3900.0 t -237.682281
3900.0 3915.0 ssil -256.142151
3915.0 3930.0 ssil -234.803665 HIJ
3930.0 3945.0 h -195.656494
3945.0 4085.0 ei -1273.911011
4085.0 4100.0 ssil -201.860916
4100.0 4115.0 ssil -214.224762 DIRECT
4115.0 4160.0 d -694.387878
4160.0 4175.0 ac -247.613876
4175.0 4225.0 j -508.413361
4225.0 4280.0 r -762.379456
4280.0 4400.0 ec -1347.532959
4400.0 4430.0 k -430.163940
4430.0 4490.0 ssil -830.564331
4490.0 4515.0 ssil -401.649139 OP
4515.0 4635.0 oc -1548.080078
4635.0 4650.0 p -255.816544
4650.0 4675.0 ssil -313.678558
4675.0 4690.0 ssil -194.975021 EEN
4690.0 4730.0 @ -497.141663
4730.0 4810.0 n -804.491211
4810.0 4825.0 ssil -220.202911
4825.0 4840.0 ssil -249.305832 DVD
4840.0 4865.0 d -326.644440
4865.0 5025.0 e -1444.064697
5025.0 5050.0 f -310.523499
5050.0 5120.0 e -909.491943
5120.0 5220.0 d -1324.380859
5220.0 5395.0 e -2053.359131
5395.0 5735.0 ssil -4330.936523
.
