#!MLF!#
"/net/aistaff/aki/_same-utterance/wav/06/Limburg/2981-1449948066-622543.rec"
0.0 15.0 ssil -161.131592 NA
15.0 300.0 n -2521.110352
300.0 315.0 a -172.661194
315.0 360.0 ssil -615.024902
360.0 1260.0 ssil -10889.261719 ZIJN
1260.0 1375.0 z -1528.166626
1375.0 1540.0 ei -1765.461304
1540.0 1600.0 n -699.466736
1600.0 1615.0 ssil -217.956116
1615.0 1650.0 ssil -566.889099 REIS
1650.0 1705.0 r -697.703735
1705.0 1905.0 ei -2093.225098
1905.0 2170.0 s -3299.049561
2170.0 2275.0 ssil -1337.245239
2275.0 2305.0 ssil -424.741425 MAAKT
2305.0 2410.0 m -1308.265381
2410.0 2575.0 a -1952.667603
2575.0 2610.0 k -511.150787
2610.0 2625.0 ssil -217.988480
2625.0 2680.0 ssil -792.821777 HIJ
2680.0 2745.0 h -798.057312
2745.0 2865.0 ei -1271.016846
2865.0 2890.0 ssil -311.981384
2890.0 2905.0 ssil -185.472931 EEN
2905.0 2970.0 @ -830.476685
2970.0 3060.0 n -987.049500
3060.0 3075.0 ssil -224.388504
3075.0 3090.0 ssil -206.091171 KAART
3090.0 3215.0 k -1584.593872
3215.0 3365.0 a -1635.356079
3365.0 3440.0 r -1011.288086
3440.0 3545.0 t -1347.939697
3545.0 3560.0 ssil -199.525055
3560.0 3575.0 ssil -172.331589 VAN
3575.0 3635.0 f -707.427551
3635.0 3690.0 ac -662.975464
3690.0 3705.0 n -198.117538
3705.0 3720.0 ssil -188.636490
3720.0 3735.0 ssil -235.277100 DE
3735.0 3765.0 d -455.243317
3765.0 3845.0 @ -1127.383057
3845.0 3865.0 ssil -234.116837
3865.0 3880.0 ssil -198.414398 ONVERHARDE
3880.0 3980.0 oc -1316.745605
3980.0 4045.0 n -826.109985
4045.0 4075.0 ec -463.177338
4075.0 4140.0 r -898.511169
4140.0 4155.0 h -241.931992
4155.0 4490.0 ac -3860.998535
4490.0 4505.0 r -239.793549
4505.0 4535.0 d -445.003479
4535.0 4610.0 @ -809.349548
4610.0 4625.0 ssil -193.219986
4625.0 4640.0 ssil -173.297226 WEGEN
4640.0 4690.0 w -512.472900
4690.0 4970.0 e -2895.025635
4970.0 5000.0 gc -419.196747
5000.0 5135.0 @ -1812.089355
5135.0 5455.0 ssil -3936.562500
5455.0 5600.0 ssil -1750.196533 EN
5600.0 5700.0 ec -1196.291626
5700.0 5745.0 n -536.293274
5745.0 5760.0 ssil -204.879837
5760.0 5775.0 ssil -243.588394 DIE
5775.0 5790.0 d -222.771790
5790.0 5885.0 i -1087.125610
5885.0 5900.0 ssil -229.705750
5900.0 5915.0 ssil -203.717514 ZET
5915.0 5995.0 z -987.972717
5995.0 6135.0 ec -1571.955322
6135.0 6165.0 t -420.719788
6165.0 6180.0 ssil -197.486008
6180.0 6225.0 ssil -551.528381 HIJ
6225.0 6265.0 h -521.160278
6265.0 6370.0 ei -1152.286865
6370.0 6385.0 ssil -215.246735
6385.0 6405.0 ssil -290.275116 DIRECT
6405.0 6445.0 d -516.101562
6445.0 6460.0 ac -214.810837
6460.0 6500.0 j -449.567078
6500.0 6560.0 r -804.653137
6560.0 6700.0 ec -1797.790894
6700.0 6750.0 k -701.767029
6750.0 6810.0 t -852.675537
6810.0 6825.0 ssil -222.284454
6825.0 6840.0 ssil -211.242126 OP
6840.0 6890.0 oc -659.888855
6890.0 6935.0 p -573.055725
6935.0 6950.0 ssil -216.280533
6950.0 6965.0 ssil -210.754608 EEN
6965.0 7040.0 @ -965.886169
7040.0 7070.0 n -367.112122
7070.0 7090.0 ssil -258.286255
7090.0 7105.0 ssil -193.907593 DVD
7105.0 7145.0 d -519.181274
7145.0 7305.0 e -1624.305298
7305.0 7365.0 f -794.326416
7365.0 7470.0 e -1163.866089
7470.0 7515.0 d -658.000854
7515.0 7680.0 e -1801.380981
7680.0 7870.0 ssil -2261.941406
.
