#!MLF!#
"/net/aistaff/aki/_same-utterance/wav/06/Limburg/3318-1449511512-442775.rec"
0.0 575.0 ssil -7600.715332 NA
575.0 625.0 n -698.817871
625.0 790.0 a -2105.338135
790.0 805.0 ssil -254.586609
805.0 820.0 ssil -241.624695 ZIJN
820.0 900.0 z -1169.931030
900.0 1000.0 ei -1206.751709
1000.0 1015.0 n -188.814941
1015.0 1030.0 ssil -201.459946
1030.0 1045.0 ssil -219.192001 REIS
1045.0 1100.0 r -736.522644
1100.0 1335.0 ei -2391.158691
1335.0 1485.0 s -2023.675171
1485.0 1500.0 ssil -228.678680
1500.0 1515.0 ssil -226.614563 MAAKT
1515.0 1560.0 m -686.170471
1560.0 1705.0 a -1898.976440
1705.0 1720.0 k -238.430740
1720.0 1735.0 ssil -238.400742
1735.0 1770.0 ssil -508.844147 HIJ
1770.0 1785.0 h -210.169418
1785.0 1920.0 ei -1337.609131
1920.0 1960.0 ssil -551.355713
1960.0 1995.0 ssil -487.794525 EEN
1995.0 2070.0 @ -921.726440
2070.0 2085.0 ssil -192.253464
2085.0 2100.0 ssil -215.546402 KAART
2100.0 2140.0 k -626.095947
2140.0 2320.0 a -2039.109375
2320.0 2435.0 r -1616.400757
2435.0 2535.0 t -1261.075928
2535.0 2550.0 ssil -202.225952
2550.0 2565.0 ssil -204.839340 VAN
2565.0 2585.0 v -311.589813
2585.0 2645.0 ac -741.834961
2645.0 2680.0 n -411.962097
2680.0 2695.0 ssil -203.295944
2695.0 2710.0 ssil -240.062363 DE
2710.0 2740.0 d -422.875702
2740.0 2805.0 @ -961.325806
2805.0 2825.0 ssil -277.436340
2825.0 2840.0 ssil -202.621780 ONVERHARDE
2840.0 2975.0 oc -1906.016846
2975.0 3055.0 n -1168.589111
3055.0 3070.0 ec -225.521133
3070.0 3085.0 r -217.571243
3085.0 3105.0 h -272.782745
3105.0 3400.0 ac -3695.850830
3400.0 3415.0 r -215.535645
3415.0 3450.0 d -500.420776
3450.0 3525.0 @ -846.883179
3525.0 3540.0 ssil -194.707840
3540.0 3555.0 ssil -181.647766 WEGEN
3555.0 3575.0 w -233.875717
3575.0 3780.0 e -2196.782471
3780.0 3810.0 gc -423.727722
3810.0 3830.0 ssil -319.944916
3830.0 3845.0 ssil -237.850906 EN
3845.0 3980.0 ec -1639.264404
3980.0 3995.0 n -190.075119
3995.0 4300.0 ssil -3792.685059
4300.0 4355.0 ssil -737.195129 DIE
4355.0 4450.0 d -1285.926636
4450.0 4595.0 i -1799.822021
4595.0 4615.0 ssil -299.549713
4615.0 4630.0 ssil -228.096863 ZET
4630.0 4650.0 z -300.215302
4650.0 4785.0 ec -1842.258301
4785.0 4825.0 t -612.010315
4825.0 4840.0 ssil -193.729767
4840.0 4860.0 ssil -282.758331 HIJ
4860.0 4890.0 h -384.307129
4890.0 5215.0 ei -3741.250732
5215.0 5230.0 ssil -196.546524
5230.0 5245.0 ssil -201.911575 DIRECT
5245.0 5285.0 d -568.328369
5285.0 5300.0 ac -272.565247
5300.0 5410.0 j -1381.844727
5410.0 5455.0 r -524.244934
5455.0 5610.0 ec -1950.041016
5610.0 5630.0 k -304.264069
5630.0 5695.0 t -937.613403
5695.0 5725.0 ssil -534.672607
5725.0 5740.0 ssil -265.089081 OP
5740.0 5825.0 oc -1133.555786
5825.0 5840.0 p -225.554276
5840.0 5855.0 ssil -222.515228
5855.0 5870.0 ssil -245.278152 EEN
5870.0 5910.0 @ -580.701599
5910.0 5950.0 n -493.613464
5950.0 5965.0 ssil -223.875702
5965.0 5980.0 ssil -237.392319 DVD
5980.0 6030.0 d -740.382812
6030.0 6200.0 e -1934.057861
6200.0 6240.0 f -564.309265
6240.0 6295.0 e -673.964844
6295.0 6350.0 d -717.646484
6350.0 6515.0 e -1820.323975
6515.0 7080.0 ssil -7153.167969
.
