#!MLF!#
"/net/aistaff/aki/_same-utterance/wav/06/Limburg/4502-1450731906-757457.rec"
0.0 650.0 ssil -8185.831543 NA
650.0 730.0 n -964.990845
730.0 875.0 a -1582.757812
875.0 890.0 ssil -210.879120
890.0 905.0 ssil -201.194748 ZIJN
905.0 985.0 z -1030.225586
985.0 1140.0 ei -1485.674927
1140.0 1160.0 n -240.391037
1160.0 1175.0 ssil -194.240280
1175.0 1190.0 ssil -213.484299 REIS
1190.0 1255.0 r -869.850830
1255.0 1400.0 ei -1691.641602
1400.0 1575.0 s -2261.777832
1575.0 1705.0 ssil -1523.589844
1705.0 1730.0 ssil -328.241364 MAAKT
1730.0 1805.0 m -888.994263
1805.0 1970.0 a -1890.689209
1970.0 1995.0 k -357.325531
1995.0 2010.0 t -230.087936
2010.0 2025.0 ssil -235.030624
2025.0 2040.0 ssil -215.103439 HIJ
2040.0 2060.0 h -252.329025
2060.0 2265.0 ei -2011.438110
2265.0 2290.0 ssil -314.818634
2290.0 2305.0 ssil -192.894714 EEN
2305.0 2340.0 n -406.095673
2340.0 2355.0 ssil -178.495575
2355.0 2370.0 ssil -173.139679 KAART
2370.0 2440.0 k -968.249329
2440.0 2605.0 a -1843.960205
2605.0 2675.0 r -922.020203
2675.0 2755.0 t -1129.226074
2755.0 2830.0 ssil -1078.652832
2830.0 2885.0 ssil -795.244507 VAN
2885.0 2995.0 f -1371.497925
2995.0 3020.0 ac -313.317535
3020.0 3275.0 n -3257.619385
3275.0 3295.0 ssil -300.158569
3295.0 3325.0 ssil -520.445801 DE
3325.0 3345.0 d -320.020050
3345.0 3515.0 @ -1944.978638
3515.0 3535.0 ssil -289.644562
3535.0 3575.0 ssil -527.396606 ONVERHARDE
3575.0 3760.0 oc -2105.863281
3760.0 3775.0 n -209.414581
3775.0 3790.0 ec -200.837219
3790.0 3805.0 r -203.572769
3805.0 3820.0 h -198.611450
3820.0 3895.0 ac -823.546997
3895.0 3910.0 r -217.238312
3910.0 3930.0 d -295.126556
3930.0 3955.0 @ -312.493073
3955.0 3970.0 ssil -200.323502
3970.0 3985.0 ssil -185.484573 WEGEN
3985.0 4110.0 w -1371.447632
4110.0 4310.0 e -2256.482910
4310.0 4340.0 gc -442.317444
4340.0 4435.0 @ -1355.432739
4435.0 5025.0 ssil -7499.815918
5025.0 5350.0 ssil -4125.923828 EN
5350.0 5425.0 ec -967.915161
5425.0 5495.0 n -830.256287
5495.0 5510.0 ssil -189.843719
5510.0 5525.0 ssil -194.998657 DIE
5525.0 5550.0 d -355.074188
5550.0 5645.0 i -1153.926147
5645.0 5660.0 ssil -210.308975
5660.0 5675.0 ssil -200.070114 ZET
5675.0 5795.0 z -1437.792480
5795.0 5885.0 ec -951.107727
5885.0 5905.0 t -309.180542
5905.0 5935.0 ssil -482.355530
5935.0 5975.0 ssil -550.247986 HIJ
5975.0 6010.0 h -422.715698
6010.0 6215.0 ei -2122.094727
6215.0 6230.0 ssil -194.164932
6230.0 6245.0 ssil -191.411041 DIRECT
6245.0 6305.0 d -872.315979
6305.0 6320.0 ac -296.738678
6320.0 6390.0 j -699.900391
6390.0 6435.0 r -577.063049
6435.0 6560.0 ec -1497.538574
6560.0 6600.0 k -523.208435
6600.0 6645.0 t -663.432739
6645.0 6700.0 ssil -870.137329
6700.0 6805.0 ssil -1397.112671 OP
6805.0 6905.0 oc -1187.532959
6905.0 6920.0 p -205.477524
6920.0 6935.0 ssil -202.883316
6935.0 6950.0 ssil -217.401947 EEN
6950.0 6980.0 @ -396.169067
6980.0 7050.0 n -735.054993
7050.0 7065.0 ssil -238.199188
7065.0 7080.0 ssil -255.981674 DVD
7080.0 7095.0 d -210.099091
7095.0 7290.0 ic -1997.379028
7290.0 7340.0 f -651.699219
7340.0 7375.0 e -436.590576
7375.0 7455.0 d -1063.064453
7455.0 7645.0 e -2169.502197
7645.0 8195.0 ssil -7430.380371
.
