#!MLF!#
"/net/aistaff/aki/_same-utterance/wav/06/Limburg/4722-1451141721-785636.rec"
0.0 520.0 ssil -5777.621582 NA
520.0 540.0 n -330.774109
540.0 655.0 a -1396.925049
655.0 685.0 ssil -451.975067
685.0 700.0 ssil -233.975723 ZIJN
700.0 745.0 s -639.644836
745.0 800.0 ei -721.568726
800.0 815.0 n -233.343826
815.0 830.0 ssil -202.998306
830.0 870.0 ssil -594.421082 REIS
870.0 890.0 r -288.338715
890.0 1020.0 ei -1554.668091
1020.0 1070.0 s -692.829651
1070.0 1085.0 ssil -206.441269
1085.0 1115.0 ssil -406.473755 MAAKT
1115.0 1165.0 m -684.498230
1165.0 1295.0 a -1579.088989
1295.0 1315.0 k -309.852448
1315.0 1330.0 ssil -207.422684
1330.0 1350.0 ssil -282.390442 HIJ
1350.0 1370.0 h -269.586121
1370.0 1510.0 ei -1288.888184
1510.0 1525.0 ssil -184.793594
1525.0 1540.0 ssil -188.526840 EEN
1540.0 1580.0 n -471.817963
1580.0 1595.0 ssil -235.531616
1595.0 1610.0 ssil -240.014343 KAART
1610.0 1655.0 k -704.039062
1655.0 1795.0 a -1633.598022
1795.0 1810.0 r -213.175140
1810.0 1835.0 ssil -407.197906
1835.0 1925.0 ssil -1150.128784 VAN
1925.0 2045.0 f -1614.881836
2045.0 2085.0 ac -516.152527
2085.0 2100.0 n -204.029587
2100.0 2115.0 ssil -183.486298
2115.0 2130.0 ssil -200.213196 DE
2130.0 2145.0 d -232.569504
2145.0 2160.0 ssil -250.112381
2160.0 2175.0 ssil -234.194641 ONVERHARDE
2175.0 2295.0 oc -1444.197632
2295.0 2325.0 n -385.312592
2325.0 2340.0 ec -222.069778
2340.0 2375.0 r -537.823730
2375.0 2400.0 h -401.138123
2400.0 2575.0 ac -1923.388916
2575.0 2625.0 r -808.938721
2625.0 2660.0 d -518.161377
2660.0 2710.0 @ -624.661377
2710.0 2725.0 ssil -183.276138
2725.0 2740.0 ssil -201.927292 WEGEN
2740.0 2770.0 w -408.399170
2770.0 2920.0 e -1594.751587
2920.0 2940.0 gc -264.062897
2940.0 2965.0 ssil -275.120300
2965.0 3020.0 ssil -761.143799 EN
3020.0 3120.0 ec -1215.943726
3120.0 3180.0 n -708.008362
3180.0 3195.0 ssil -213.235229
3195.0 3210.0 ssil -207.943924 DIE
3210.0 3225.0 d -212.909866
3225.0 3255.0 i -348.969452
3255.0 3270.0 ssil -205.957840
3270.0 3285.0 ssil -216.759827 ZET
3285.0 3365.0 z -1129.533325
3365.0 3445.0 ec -864.913208
3445.0 3465.0 t -319.242523
3465.0 3480.0 ssil -200.373856
3480.0 3515.0 ssil -534.994751 HIJ
3515.0 3540.0 h -342.696747
3540.0 3760.0 ei -2524.933838
3760.0 3775.0 ssil -189.493896
3775.0 3815.0 ssil -506.628906 DIRECT
3815.0 3830.0 d -212.499359
3830.0 3845.0 ac -191.821426
3845.0 3890.0 j -557.395630
3890.0 3905.0 r -215.756775
3905.0 3920.0 k -221.404007
3920.0 3935.0 ssil -213.423691
3935.0 3950.0 ssil -226.735809 OP
3950.0 4005.0 p -947.553040
4005.0 4020.0 ssil -243.880524
4020.0 4035.0 ssil -210.635391 EEN
4035.0 4070.0 n -448.185791
4070.0 4085.0 ssil -229.575958
4085.0 4100.0 ssil -246.748718 DVD
4100.0 4135.0 d -558.644836
4135.0 4240.0 ic -1108.752075
4240.0 4255.0 f -221.044800
4255.0 4295.0 e -495.949585
4295.0 4450.0 d -2233.734131
4450.0 4525.0 e -976.967102
4525.0 4665.0 ssil -1604.538452
.
