#!MLF!#
"/net/aistaff/aki/_same-utterance/wav/06/Limburg/4769-1451324366-802712.rec"
0.0 545.0 ssil -6265.370605 NA
545.0 595.0 n -694.601135
595.0 715.0 a -1485.789917
715.0 735.0 ssil -264.480377
735.0 750.0 ssil -193.132675 ZIJN
750.0 800.0 z -668.984985
800.0 815.0 ei -204.810379
815.0 835.0 n -262.234650
835.0 860.0 ssil -315.962830
860.0 890.0 ssil -379.831635 REIS
890.0 920.0 r -399.962708
920.0 1110.0 ei -2290.564209
1110.0 1235.0 s -1633.316040
1235.0 1300.0 ssil -815.444580
1300.0 1375.0 ssil -1006.341919 MAAKT
1375.0 1400.0 m -405.549988
1400.0 1530.0 a -1538.325439
1530.0 1545.0 k -223.589279
1545.0 1570.0 ssil -324.520172
1570.0 1595.0 ssil -326.883606 HIJ
1595.0 1625.0 h -365.008209
1625.0 1745.0 ei -1507.875610
1745.0 1760.0 ssil -234.595749
1760.0 1785.0 ssil -319.310608 EEN
1785.0 1860.0 @ -789.567139
1860.0 1890.0 n -380.532471
1890.0 1935.0 ssil -638.272217
1935.0 1975.0 ssil -517.535095 KAART
1975.0 2025.0 k -699.380737
2025.0 2195.0 a -1945.571411
2195.0 2220.0 r -368.111572
2220.0 2245.0 ssil -306.166412
2245.0 2260.0 ssil -179.435013 VAN
2260.0 2315.0 f -651.925903
2315.0 2330.0 ac -227.494141
2330.0 2390.0 n -766.528381
2390.0 2410.0 ssil -320.937683
2410.0 2445.0 ssil -482.940247 DE
2445.0 2460.0 d -203.726166
2460.0 2475.0 @ -181.555222
2475.0 2500.0 ssil -376.062775
2500.0 2515.0 ssil -253.433334 ONVERHARDE
2515.0 2575.0 oc -793.214294
2575.0 2685.0 n -1369.045044
2685.0 2700.0 ec -227.152313
2700.0 2715.0 r -212.059464
2715.0 2790.0 h -899.042786
2790.0 2955.0 ac -1908.413574
2955.0 2970.0 r -218.967026
2970.0 2990.0 d -311.234741
2990.0 3005.0 @ -211.473938
3005.0 3020.0 ssil -183.681168
3020.0 3035.0 ssil -160.486557 WEGEN
3035.0 3105.0 w -760.617798
3105.0 3295.0 e -2392.423340
3295.0 3340.0 gc -584.922852
3340.0 3515.0 n -1995.775391
3515.0 3575.0 ssil -711.776489
3575.0 3900.0 ssil -3723.925293 EN
3900.0 3945.0 ec -621.538696
3945.0 3995.0 n -630.130493
3995.0 4010.0 ssil -244.649414
4010.0 4025.0 ssil -216.871368 DIE
4025.0 4040.0 d -219.402206
4040.0 4075.0 i -432.388031
4075.0 4090.0 ssil -213.870834
4090.0 4105.0 ssil -213.915894 ZET
4105.0 4135.0 z -427.419250
4135.0 4255.0 ec -1489.602295
4255.0 4270.0 t -229.363159
4270.0 4300.0 ssil -459.837311
4300.0 4320.0 ssil -292.203827 HIJ
4320.0 4340.0 h -244.741547
4340.0 4520.0 ei -2128.170898
4520.0 4535.0 ssil -188.074219
4535.0 4550.0 ssil -199.372467 DIRECT
4550.0 4565.0 d -222.078857
4565.0 4580.0 ac -265.904419
4580.0 4645.0 j -888.044861
4645.0 4725.0 r -1137.674927
4725.0 4835.0 ec -1283.393921
4835.0 4850.0 k -209.393234
4850.0 4870.0 ssil -228.898438
4870.0 4900.0 ssil -422.206329 OP
4900.0 5005.0 oc -1256.953003
5005.0 5020.0 p -207.387070
5020.0 5035.0 ssil -213.947968
5035.0 5050.0 ssil -215.142715 EEN
5050.0 5070.0 @ -264.343018
5070.0 5160.0 n -1169.665527
5160.0 5175.0 ssil -211.577759
5175.0 5190.0 ssil -215.057785 DVD
5190.0 5210.0 d -274.116364
5210.0 5365.0 ic -1888.548706
5365.0 5380.0 f -233.479691
5380.0 5440.0 e -760.358521
5440.0 5500.0 d -817.099182
5500.0 5625.0 e -1408.866699
5625.0 6804.9999 ssil -13421.704102
.
