#!MLF!#
"/net/aistaff/aki/_same-utterance/wav/06/Limburg/4851-1452296258-837276.rec"
0.0 940.0 ssil -11006.706055 NA
940.0 985.0 n -637.974304
985.0 1125.0 a -1795.893921
1125.0 1155.0 ssil -396.867676
1155.0 1175.0 ssil -272.141357 ZIJN
1175.0 1215.0 z -547.287537
1215.0 1345.0 ei -1399.379028
1345.0 1360.0 n -219.191010
1360.0 1385.0 ssil -392.425629
1385.0 1400.0 ssil -235.503021 REIS
1400.0 1470.0 r -899.744690
1470.0 1710.0 ei -2466.794434
1710.0 1920.0 s -2743.089111
1920.0 2015.0 ssil -1156.575317
2015.0 2095.0 ssil -1010.274658 MAAKT
2095.0 2135.0 m -587.868408
2135.0 2255.0 a -1521.905151
2255.0 2270.0 k -234.634003
2270.0 2300.0 ssil -479.880615
2300.0 2340.0 ssil -636.384399 HIJ
2340.0 2370.0 h -389.615387
2370.0 2515.0 ei -1576.014771
2515.0 2530.0 ssil -207.056091
2530.0 2545.0 ssil -194.776062 EEN
2545.0 2580.0 n -410.212891
2580.0 2595.0 ssil -194.095764
2595.0 2610.0 ssil -205.427673 KAART
2610.0 2670.0 k -875.719055
2670.0 2805.0 a -1544.784180
2805.0 2860.0 r -850.711182
2860.0 2935.0 t -1071.530640
2935.0 2950.0 ssil -199.339783
2950.0 2970.0 ssil -228.350586 VAN
2970.0 3000.0 f -396.150208
3000.0 3045.0 ac -576.010010
3045.0 3065.0 n -261.132294
3065.0 3080.0 ssil -215.964813
3080.0 3095.0 ssil -228.733688 DE
3095.0 3120.0 d -373.686005
3120.0 3135.0 ssil -223.673691
3135.0 3150.0 ssil -202.917892 ONVERHARDE
3150.0 3315.0 oc -1988.436890
3315.0 3365.0 n -652.489563
3365.0 3380.0 ec -204.317307
3380.0 3405.0 r -352.356720
3405.0 3420.0 h -214.792389
3420.0 3650.0 ac -2766.612061
3650.0 3675.0 r -338.747314
3675.0 3700.0 d -365.299683
3700.0 3740.0 @ -466.059265
3740.0 3755.0 ssil -173.052567
3755.0 3770.0 ssil -166.494019 WEGEN
3770.0 3840.0 w -783.921082
3840.0 4040.0 e -2249.576172
4040.0 4095.0 gc -778.130371
4095.0 4220.0 @ -1375.906250
4220.0 4345.0 n -1512.081909
4345.0 4415.0 ssil -802.407654
4415.0 4700.0 ssil -3406.470215 EN
4700.0 4760.0 ec -775.504944
4760.0 4780.0 n -241.996353
4780.0 4795.0 ssil -210.130508
4795.0 4810.0 ssil -240.020309 DIE
4810.0 4825.0 d -230.542145
4825.0 4915.0 i -1101.615967
4915.0 4930.0 ssil -247.487946
4930.0 4945.0 ssil -249.970978 ZET
4945.0 4985.0 z -537.390686
4985.0 5095.0 ec -1302.788330
5095.0 5115.0 t -317.987885
5115.0 5130.0 ssil -222.827499
5130.0 5145.0 ssil -219.232529 HIJ
5145.0 5185.0 h -518.715515
5185.0 5270.0 ei -915.742615
5270.0 5285.0 ssil -187.758408
5285.0 5300.0 ssil -206.201477 DIRECT
5300.0 5315.0 d -235.737061
5315.0 5330.0 ac -263.425232
5330.0 5435.0 j -1227.634033
5435.0 5500.0 r -953.988403
5500.0 5645.0 ec -1839.389038
5645.0 5660.0 k -270.540131
5660.0 5675.0 ssil -279.801544
5675.0 5690.0 ssil -268.565765 OP
5690.0 5750.0 oc -828.991699
5750.0 5770.0 p -262.889221
5770.0 5785.0 ssil -185.950897
5785.0 5815.0 ssil -450.902679 EEN
5815.0 5840.0 @ -363.377838
5840.0 5905.0 n -747.914124
5905.0 5920.0 ssil -185.687988
5920.0 5935.0 ssil -194.850616 DVD
5935.0 5975.0 d -557.874084
5975.0 6140.0 e -1788.652710
6140.0 6180.0 f -586.293091
6180.0 6265.0 e -993.965393
6265.0 6300.0 d -496.848694
6300.0 6555.0 e -2746.267334
6555.0 6755.0 ssil -2432.222656
.
