#!MLF!#
"/net/aistaff/aki/_same-utterance/wav/06/Limburg/5418-1454010920-992913.rec"
0.0 485.0 ssil -5912.658203 NA
485.0 545.0 n -790.030762
545.0 685.0 a -1784.605835
685.0 715.0 ssil -397.601349
715.0 750.0 ssil -434.077209 ZIJN
750.0 790.0 z -543.358093
790.0 845.0 ei -661.837585
845.0 880.0 n -378.521118
880.0 895.0 ssil -194.960678
895.0 910.0 ssil -200.409378 REIS
910.0 1015.0 r -1283.828369
1015.0 1245.0 ei -2718.592041
1245.0 1345.0 s -1369.931396
1345.0 1360.0 ssil -235.996750
1360.0 1375.0 ssil -212.576202 MAAKT
1375.0 1445.0 m -861.804626
1445.0 1555.0 a -1340.847534
1555.0 1570.0 k -235.197601
1570.0 1650.0 ssil -1010.154724
1650.0 1675.0 ssil -347.963623 HIJ
1675.0 1780.0 h -1340.230103
1780.0 1795.0 ei -207.987228
1795.0 1810.0 ssil -217.455063
1810.0 1825.0 ssil -204.148499 EEN
1825.0 1890.0 @ -775.389771
1890.0 1965.0 n -843.886719
1965.0 2010.0 ssil -643.038391
2010.0 2095.0 ssil -955.275757 KAART
2095.0 2140.0 k -619.637207
2140.0 2320.0 a -2086.148926
2320.0 2350.0 r -397.751770
2350.0 2500.0 ssil -1966.072510
2500.0 2855.0 ssil -4168.793945 VAN
2855.0 2960.0 f -1347.111694
2960.0 3000.0 ac -482.284912
3000.0 3030.0 n -333.345367
3030.0 3045.0 ssil -196.964432
3045.0 3060.0 ssil -229.118042 DE
3060.0 3075.0 d -214.736420
3075.0 3090.0 ssil -230.218903
3090.0 3105.0 ssil -238.644775 ONVERHARDE
3105.0 3270.0 oc -2233.129395
3270.0 3370.0 n -1266.887817
3370.0 3385.0 ec -222.229874
3385.0 3410.0 r -321.391510
3410.0 3425.0 h -236.305374
3425.0 3755.0 ac -3728.504883
3755.0 3785.0 r -400.736664
3785.0 3815.0 d -426.671051
3815.0 3890.0 @ -819.399597
3890.0 3905.0 ssil -180.741364
3905.0 3920.0 ssil -190.921814 WEGEN
3920.0 3945.0 w -308.859344
3945.0 4130.0 e -2181.039551
4130.0 4150.0 gc -320.136169
4150.0 4190.0 ssil -545.546082
4190.0 4215.0 ssil -361.442627 EN
4215.0 4360.0 ec -1879.454590
4360.0 4375.0 n -243.078812
4375.0 4745.0 ssil -4424.222656
4745.0 4765.0 ssil -270.235474 DIE
4765.0 4870.0 d -1247.608032
4870.0 4935.0 i -754.120056
4935.0 4950.0 ssil -202.769638
4950.0 4965.0 ssil -215.820038 ZET
4965.0 5035.0 s -911.279358
5035.0 5145.0 ec -1388.753418
5145.0 5170.0 t -337.837830
5170.0 5185.0 ssil -211.204163
5185.0 5200.0 ssil -194.915970 HIJ
5200.0 5220.0 h -240.681213
5220.0 5320.0 ei -1156.616699
5320.0 5390.0 ssil -886.014465
5390.0 5425.0 ssil -494.617462 DIRECT
5425.0 5440.0 d -209.934738
5440.0 5455.0 ac -246.892487
5455.0 5570.0 j -1282.506470
5570.0 5585.0 r -191.729492
5585.0 5785.0 ec -2410.497559
5785.0 5800.0 k -232.843979
5800.0 5815.0 ssil -222.555511
5815.0 5830.0 ssil -222.022583 OP
5830.0 5890.0 oc -803.721497
5890.0 5905.0 p -199.651550
5905.0 5920.0 ssil -203.110046
5920.0 5935.0 ssil -215.570526 EEN
5935.0 5980.0 @ -577.803772
5980.0 6050.0 n -734.065430
6050.0 6065.0 ssil -205.955215
6065.0 6080.0 ssil -235.917282 DVD
6080.0 6100.0 d -272.458832
6100.0 6255.0 e -1704.240356
6255.0 6315.0 f -848.758789
6315.0 6345.0 e -410.034851
6345.0 6425.0 d -1076.305786
6425.0 6655.0 e -2572.810547
6655.0 7475.0 ssil -9868.800781
.
