#!MLF!#
"/net/aistaff/aki/_same-utterance/wav/06/Limburg/6499-1454440401-1250339.rec"
0.0 460.0 ssil -5796.034180 NA
460.0 510.0 n -601.167786
510.0 685.0 a -2101.506348
685.0 700.0 ssil -223.354843
700.0 715.0 ssil -215.313797 ZIJN
715.0 770.0 z -711.808289
770.0 825.0 ei -640.512512
825.0 840.0 n -216.591843
840.0 905.0 ssil -723.652710
905.0 975.0 ssil -842.112976 REIS
975.0 1050.0 r -862.684204
1050.0 1110.0 ei -711.089966
1110.0 1230.0 s -1535.478882
1230.0 1245.0 ssil -222.176346
1245.0 1260.0 ssil -230.016785 MAAKT
1260.0 1295.0 m -509.275665
1295.0 1420.0 a -1500.595703
1420.0 1435.0 k -204.407547
1435.0 1475.0 ssil -493.304291
1475.0 1495.0 ssil -262.626007 HIJ
1495.0 1510.0 h -188.734116
1510.0 1660.0 ei -1535.340576
1660.0 1675.0 ssil -193.844498
1675.0 1690.0 ssil -203.369019 EEN
1690.0 1710.0 @ -266.645874
1710.0 1725.0 ssil -191.937149
1725.0 1740.0 ssil -204.436279 KAART
1740.0 1785.0 k -624.247559
1785.0 1965.0 a -2186.993408
1965.0 1980.0 r -198.927979
1980.0 2005.0 ssil -326.783051
2005.0 2045.0 ssil -515.663452 VAN
2045.0 2115.0 v -914.406677
2115.0 2140.0 ac -365.022156
2140.0 2155.0 n -212.638748
2155.0 2170.0 ssil -188.728775
2170.0 2185.0 ssil -185.801544 DE
2185.0 2200.0 d -197.493164
2200.0 2215.0 ssil -217.871658
2215.0 2230.0 ssil -232.409592 ONVERHARDE
2230.0 2385.0 oc -1848.144287
2385.0 2400.0 n -202.731415
2400.0 2420.0 ec -244.830933
2420.0 2460.0 r -532.669800
2460.0 2475.0 h -216.781082
2475.0 2730.0 ac -2946.350098
2730.0 2745.0 r -208.676895
2745.0 2760.0 d -210.234665
2760.0 2815.0 @ -619.998413
2815.0 2830.0 ssil -188.998764
2830.0 2845.0 ssil -177.636261 WEGEN
2845.0 2920.0 w -800.957153
2920.0 3130.0 e -2377.384277
3130.0 3145.0 gc -200.792679
3145.0 3270.0 @ -1412.823242
3270.0 3285.0 ssil -201.632385
3285.0 3305.0 ssil -272.281219 EN
3305.0 3400.0 ec -998.811646
3400.0 3435.0 n -402.976471
3435.0 3450.0 ssil -185.741211
3450.0 3465.0 ssil -187.213470 DIE
3465.0 3480.0 d -191.847198
3480.0 3500.0 i -243.638687
3500.0 3515.0 ssil -192.172684
3515.0 3530.0 ssil -201.110184 ZET
3530.0 3625.0 z -1173.729370
3625.0 3695.0 ec -783.039429
3695.0 3740.0 t -571.956604
3740.0 3755.0 ssil -208.898315
3755.0 3770.0 ssil -205.490768 HIJ
3770.0 3785.0 h -175.606857
3785.0 3885.0 ei -1166.497437
3885.0 3900.0 ssil -192.593658
3900.0 3915.0 ssil -188.028580 DIRECT
3915.0 3950.0 d -433.869141
3950.0 3965.0 ac -219.860397
3965.0 3985.0 j -245.011444
3985.0 4045.0 r -744.085571
4045.0 4190.0 @ -1749.416382
4190.0 4210.0 k -265.053345
4210.0 4225.0 ssil -205.420166
4225.0 4245.0 ssil -272.997253 OP
4245.0 4325.0 oc -923.321594
4325.0 4340.0 p -212.454391
4340.0 4355.0 ssil -193.551193
4355.0 4370.0 ssil -213.911606 EEN
4370.0 4450.0 @ -851.659729
4450.0 4510.0 n -631.304138
4510.0 4525.0 ssil -189.151917
4525.0 4540.0 ssil -210.931274 DVD
4540.0 4560.0 d -258.633423
4560.0 4705.0 ic -1497.042603
4705.0 4740.0 f -466.702850
4740.0 4785.0 e -585.437378
4785.0 4870.0 d -1114.382446
4870.0 5075.0 e -2358.538574
5075.0 5295.0 ssil -2671.673096
.
