#!MLF!#
"/net/aistaff/aki/_same-utterance/wav/06/Limburg/6562-1454180376-1157901.rec"
0.0 975.0 ssil -11868.778320 NA
975.0 1000.0 n -369.101410
1000.0 1130.0 a -1676.179077
1130.0 1150.0 ssil -298.070099
1150.0 1170.0 ssil -285.860352 ZIJN
1170.0 1215.0 z -694.924927
1215.0 1310.0 ei -968.635315
1310.0 1325.0 n -205.730286
1325.0 1350.0 ssil -351.410980
1350.0 1370.0 ssil -284.350372 REIS
1370.0 1390.0 r -257.873871
1390.0 1620.0 ei -2430.214844
1620.0 1810.0 s -2541.043457
1810.0 1835.0 ssil -395.693268
1835.0 1925.0 ssil -1219.963013 MAAKT
1925.0 1970.0 m -621.131714
1970.0 2050.0 a -1025.989014
2050.0 2070.0 k -300.329987
2070.0 2125.0 t -746.219788
2125.0 2140.0 ssil -208.522247
2140.0 2160.0 ssil -282.160645 HIJ
2160.0 2200.0 h -427.064758
2200.0 2325.0 ei -1298.996704
2325.0 2340.0 ssil -208.876053
2340.0 2355.0 ssil -181.899780 EEN
2355.0 2395.0 n -436.088867
2395.0 2410.0 ssil -197.513916
2410.0 2425.0 ssil -210.341537 KAART
2425.0 2500.0 k -1110.864746
2500.0 2630.0 a -1356.020386
2630.0 2705.0 r -1103.905640
2705.0 2730.0 t -370.859680
2730.0 2745.0 ssil -195.397079
2745.0 2760.0 ssil -190.113815 VAN
2760.0 2825.0 f -827.447815
2825.0 2875.0 ac -688.995300
2875.0 2890.0 n -198.171753
2890.0 2905.0 ssil -208.073441
2905.0 2920.0 ssil -226.633530 DE
2920.0 2940.0 d -294.283264
2940.0 3000.0 @ -813.326355
3000.0 3015.0 ssil -180.160446
3015.0 3030.0 ssil -196.171143 ONVERHARDE
3030.0 3095.0 oc -863.060181
3095.0 3195.0 n -1275.435425
3195.0 3210.0 ec -201.681671
3210.0 3225.0 r -193.656662
3225.0 3255.0 h -378.230652
3255.0 3505.0 ac -2773.963867
3505.0 3520.0 r -238.316254
3520.0 3545.0 d -391.894012
3545.0 3605.0 @ -640.641663
3605.0 3620.0 ssil -177.247543
3620.0 3635.0 ssil -196.229721 WEGEN
3635.0 3675.0 w -440.741119
3675.0 3835.0 e -1579.784546
3835.0 3885.0 gc -725.481323
3885.0 3900.0 ssil -230.900787
3900.0 3915.0 ssil -250.785873 EN
3915.0 4005.0 ec -1021.842651
4005.0 4060.0 n -816.009644
4060.0 4400.0 ssil -4420.305664
4400.0 4445.0 ssil -644.023682 DIE
4445.0 4500.0 d -693.311768
4500.0 4555.0 i -674.835571
4555.0 4570.0 ssil -210.942856
4570.0 4585.0 ssil -208.556122 ZET
4585.0 4640.0 z -684.004211
4640.0 4720.0 ec -926.866760
4720.0 4750.0 t -418.242798
4750.0 4765.0 ssil -223.337997
4765.0 4780.0 ssil -217.993439 HIJ
4780.0 4795.0 h -176.244781
4795.0 4840.0 ei -532.203491
4840.0 4855.0 ssil -217.767120
4855.0 4870.0 ssil -239.994705 DIRECT
4870.0 4900.0 d -428.212616
4900.0 4915.0 ac -267.612274
4915.0 4960.0 j -556.330811
4960.0 5015.0 r -760.124512
5015.0 5200.0 ec -2236.539307
5200.0 5215.0 k -244.187851
5215.0 5250.0 t -506.561096
5250.0 5265.0 ssil -246.670685
5265.0 5280.0 ssil -229.285080 OP
5280.0 5340.0 oc -767.261169
5340.0 5355.0 p -206.160767
5355.0 5370.0 ssil -195.259857
5370.0 5385.0 ssil -209.061356 EEN
5385.0 5410.0 @ -305.598541
5410.0 5465.0 n -558.308838
5465.0 5480.0 ssil -198.470337
5480.0 5495.0 ssil -219.168182 DVD
5495.0 5515.0 d -284.449646
5515.0 5610.0 e -1074.831299
5610.0 5670.0 f -868.563843
5670.0 5745.0 e -1026.165161
5745.0 5790.0 d -709.887756
5790.0 5960.0 e -1787.713989
5960.0 6550.0 ssil -7158.933594
.
