#!MLF!#
"/net/aistaff/aki/_same-utterance/wav/06/Limburg/7017-1454591451-1325103.rec"
0.0 555.0 ssil -5100.306641 NA
555.0 595.0 n -560.551941
595.0 740.0 a -1745.763794
740.0 755.0 ssil -238.653671
755.0 770.0 ssil -211.340622 ZIJN
770.0 820.0 z -704.924866
820.0 945.0 ei -1329.150513
945.0 960.0 n -186.082703
960.0 975.0 ssil -186.844910
975.0 990.0 ssil -208.817062 REIS
990.0 1030.0 r -503.265228
1030.0 1220.0 ei -2204.626465
1220.0 1430.0 s -2582.541748
1430.0 1680.0 ssil -2872.081299
1680.0 1720.0 ssil -535.425476 MAAKT
1720.0 1800.0 m -1124.607422
1800.0 1910.0 a -1400.768066
1910.0 1945.0 k -483.362885
1945.0 1965.0 ssil -258.338531
1965.0 1985.0 ssil -287.112549 HIJ
1985.0 2025.0 h -459.005310
2025.0 2195.0 ei -1834.086182
2195.0 2210.0 ssil -211.803741
2210.0 2225.0 ssil -200.148560 EEN
2225.0 2255.0 n -383.407776
2255.0 2270.0 ssil -220.235672
2270.0 2285.0 ssil -260.828735 KAART
2285.0 2330.0 k -632.570923
2330.0 2480.0 a -1844.948730
2480.0 2505.0 r -385.580078
2505.0 2535.0 ssil -429.053955
2535.0 2560.0 ssil -330.805634 VAN
2560.0 2645.0 f -993.773804
2645.0 2685.0 ac -472.357269
2685.0 2700.0 n -207.250031
2700.0 2715.0 ssil -195.911606
2715.0 2730.0 ssil -194.955429 DE
2730.0 2745.0 d -217.199127
2745.0 2760.0 ssil -241.912781
2760.0 2775.0 ssil -248.346786 ONVERHARDE
2775.0 2925.0 oc -1826.034790
2925.0 3005.0 n -1093.801270
3005.0 3075.0 f -901.704895
3075.0 3090.0 ec -234.391632
3090.0 3145.0 r -690.067749
3145.0 3215.0 h -769.402649
3215.0 3260.0 ac -527.453247
3260.0 3355.0 r -1199.641724
3355.0 3380.0 d -358.270782
3380.0 3430.0 @ -518.828857
3430.0 3445.0 ssil -177.121033
3445.0 3460.0 ssil -170.550201 WEGEN
3460.0 3490.0 w -299.984222
3490.0 3640.0 e -1577.382446
3640.0 3730.0 gc -1301.650879
3730.0 3835.0 @ -1388.807251
3835.0 3965.0 ssil -1530.854614
3965.0 4480.0 ssil -5973.434570 EN
4480.0 4560.0 ec -956.326721
4560.0 4600.0 n -507.787842
4600.0 4615.0 ssil -218.653046
4615.0 4630.0 ssil -230.479172 DIE
4630.0 4645.0 d -225.782425
4645.0 4730.0 i -1068.637817
4730.0 4745.0 ssil -215.889542
4745.0 4760.0 ssil -228.674423 ZET
4760.0 4800.0 z -531.793152
4800.0 4855.0 ec -628.431580
4855.0 4870.0 t -214.606964
4870.0 4885.0 ssil -196.484848
4885.0 4900.0 ssil -221.882965 HIJ
4900.0 4975.0 h -887.341980
4975.0 5045.0 ei -823.226746
5045.0 5060.0 ssil -188.421951
5060.0 5075.0 ssil -200.252441 DIRECT
5075.0 5090.0 d -206.767029
5090.0 5105.0 ac -246.503220
5105.0 5170.0 j -761.763000
5170.0 5185.0 r -178.071442
5185.0 5370.0 ec -2307.513916
5370.0 5385.0 k -245.235184
5385.0 5400.0 ssil -224.844711
5400.0 5415.0 ssil -229.429977 OP
5415.0 5490.0 oc -1019.482300
5490.0 5505.0 p -220.339798
5505.0 5520.0 ssil -229.721451
5520.0 5545.0 ssil -387.543945 EEN
5545.0 5590.0 @ -611.226379
5590.0 5645.0 n -652.998108
5645.0 5660.0 ssil -198.023453
5660.0 5675.0 ssil -227.193161 DVD
5675.0 5700.0 d -375.999176
5700.0 5850.0 e -1583.340332
5850.0 5910.0 f -820.149597
5910.0 5995.0 e -1108.812134
5995.0 6030.0 d -488.652832
6030.0 6235.0 e -2411.470459
6235.0 6665.0 ssil -5423.856445
.
