#!MLF!#
"/net/aistaff/aki/_same-utterance/wav/06/Limburg/8132-1457624989-1571913.rec"
0.0 15.0 ssil -164.825836 NA
15.0 715.0 n -6928.311523
715.0 830.0 a -1295.259521
830.0 845.0 ssil -207.925201
845.0 860.0 ssil -210.214523 ZIJN
860.0 935.0 z -985.298462
935.0 1080.0 ei -1702.634888
1080.0 1100.0 n -303.959900
1100.0 1115.0 ssil -226.685760
1115.0 1130.0 ssil -210.605255 REIS
1130.0 1155.0 r -329.542908
1155.0 1340.0 ei -2012.895142
1340.0 1445.0 s -1571.543701
1445.0 1460.0 ssil -215.761047
1460.0 1485.0 ssil -310.057465 MAAKT
1485.0 1535.0 m -648.021118
1535.0 1665.0 a -1578.153564
1665.0 1715.0 k -760.493774
1715.0 1730.0 ssil -227.882874
1730.0 1745.0 ssil -213.213730 HIJ
1745.0 1760.0 h -191.510818
1760.0 1850.0 ei -1125.669434
1850.0 1865.0 ssil -264.847015
1865.0 1880.0 ssil -233.876511 EEN
1880.0 1930.0 n -705.798767
1930.0 1950.0 ssil -246.295807
1950.0 1990.0 ssil -472.509247 KAART
1990.0 2040.0 k -690.175781
2040.0 2160.0 a -1400.687500
2160.0 2195.0 r -534.793579
2195.0 2245.0 ssil -711.900208
2245.0 2305.0 ssil -939.977478 VAN
2305.0 2395.0 f -1110.773804
2395.0 2430.0 ac -490.344971
2430.0 2460.0 n -338.837646
2460.0 2475.0 ssil -207.886337
2475.0 2490.0 ssil -238.410477 DE
2490.0 2515.0 d -366.848785
2515.0 2565.0 @ -742.136414
2565.0 2580.0 ssil -196.540833
2580.0 2595.0 ssil -214.927185 ONVERHARDE
2595.0 2705.0 oc -1450.284424
2705.0 2775.0 n -939.465820
2775.0 2840.0 f -883.054382
2840.0 2865.0 ec -313.178894
2865.0 2915.0 r -604.782715
2915.0 2935.0 h -256.154022
2935.0 3105.0 ac -1901.491333
3105.0 3120.0 r -213.861664
3120.0 3145.0 d -354.451324
3145.0 3165.0 @ -253.071396
3165.0 3180.0 ssil -196.623154
3180.0 3195.0 ssil -199.328934 WEGEN
3195.0 3275.0 w -1061.048584
3275.0 3470.0 e -2236.163086
3470.0 3550.0 gc -1233.700562
3550.0 3625.0 @ -991.304382
3625.0 3645.0 ssil -282.457916
3645.0 4200.0 ssil -6775.605957 EN
4200.0 4240.0 ec -519.545776
4240.0 4255.0 n -190.604599
4255.0 4270.0 ssil -189.343445
4270.0 4285.0 ssil -222.618729 DIE
4285.0 4310.0 d -365.026398
4310.0 4390.0 i -913.226257
4390.0 4405.0 ssil -202.032227
4405.0 4420.0 ssil -195.304611 ZET
4420.0 4480.0 z -771.785645
4480.0 4555.0 ec -815.846313
4555.0 4575.0 t -260.566162
4575.0 4615.0 ssil -593.134460
4615.0 4645.0 ssil -424.233429 HIJ
4645.0 4665.0 h -275.098175
4665.0 4720.0 ei -710.325928
4720.0 4745.0 ssil -308.986633
4745.0 4765.0 ssil -290.705994 DIRECT
4765.0 4785.0 d -289.018188
4785.0 4800.0 ac -267.807007
4800.0 4870.0 j -813.874023
4870.0 4895.0 r -343.889832
4895.0 5070.0 ec -2254.110107
5070.0 5085.0 k -248.201935
5085.0 5135.0 t -772.471680
5135.0 5160.0 ssil -348.398163
5160.0 5175.0 ssil -196.814743 OP
5175.0 5190.0 p -203.123352
5190.0 5205.0 ssil -187.847763
5205.0 5225.0 ssil -268.132538 EEN
5225.0 5250.0 @ -346.050079
5250.0 5305.0 n -610.533997
5305.0 5320.0 ssil -227.567703
5320.0 5335.0 ssil -245.897247 DVD
5335.0 5350.0 d -209.931030
5350.0 5470.0 e -1459.701294
5470.0 5535.0 f -824.506226
5535.0 5585.0 e -649.111816
5585.0 5645.0 d -946.917358
5645.0 5825.0 e -2277.378418
5825.0 6640.0 ssil -9937.246094
.
