#!MLF!#
"/net/aistaff/aki/_same-utterance/wav/06/Limburg/8595-1457960916-1645529.rec"
0.0 675.0 ssil -7728.434082 NA
675.0 695.0 n -306.998962
695.0 850.0 a -1904.524170
850.0 865.0 ssil -250.004318
865.0 880.0 ssil -224.644318 ZIJN
880.0 970.0 z -1274.427246
970.0 1120.0 ei -1594.647827
1120.0 1135.0 n -215.391434
1135.0 1150.0 ssil -249.027176
1150.0 1165.0 ssil -244.960159 REIS
1165.0 1205.0 r -555.239746
1205.0 1395.0 ei -2236.564453
1395.0 1490.0 s -1327.479126
1490.0 1505.0 ssil -215.143127
1505.0 1525.0 ssil -273.610901 MAAKT
1525.0 1600.0 m -952.264282
1600.0 1725.0 a -1622.705688
1725.0 1750.0 k -376.623993
1750.0 1770.0 ssil -284.550018
1770.0 1815.0 ssil -669.847351 HIJ
1815.0 1830.0 h -222.797195
1830.0 1945.0 ei -1388.755249
1945.0 1960.0 ssil -227.140335
1960.0 1975.0 ssil -242.898666 EEN
1975.0 2010.0 n -451.704010
2010.0 2025.0 ssil -183.003250
2025.0 2045.0 ssil -271.250305 KAART
2045.0 2100.0 k -908.919373
2100.0 2240.0 a -1588.958252
2240.0 2260.0 r -284.769623
2260.0 2275.0 ssil -236.994827
2275.0 2345.0 ssil -1010.447083 VAN
2345.0 2395.0 f -593.468567
2395.0 2425.0 ac -394.748901
2425.0 2450.0 n -301.072540
2450.0 2465.0 ssil -187.985535
2465.0 2480.0 ssil -222.145538 DE
2480.0 2495.0 d -221.947647
2495.0 2530.0 @ -474.673431
2530.0 2545.0 ssil -245.672760
2545.0 2560.0 ssil -248.700821 ONVERHARDE
2560.0 2670.0 oc -1511.746338
2670.0 2710.0 n -504.445831
2710.0 2725.0 ec -224.050110
2725.0 2745.0 r -284.027954
2745.0 2785.0 h -458.114288
2785.0 3025.0 ac -2790.857422
3025.0 3060.0 r -504.773987
3060.0 3075.0 d -218.643097
3075.0 3100.0 @ -326.746155
3100.0 3115.0 ssil -182.264404
3115.0 3130.0 ssil -172.214691 WEGEN
3130.0 3180.0 w -582.940430
3180.0 3375.0 e -2021.706421
3375.0 3395.0 x -329.868622
3395.0 3415.0 ssil -304.863190
3415.0 3435.0 ssil -300.308350 EN
3435.0 3530.0 ec -1105.537720
3530.0 3690.0 n -1895.444580
3690.0 3755.0 ssil -741.969727
3755.0 3785.0 ssil -422.320251 DIE
3785.0 3890.0 d -1382.038208
3890.0 3980.0 i -1182.826538
3980.0 3995.0 ssil -231.261642
3995.0 4010.0 ssil -218.186783 ZET
4010.0 4065.0 z -793.020935
4065.0 4195.0 ec -1721.582153
4195.0 4230.0 t -464.957062
4230.0 4245.0 ssil -195.109024
4245.0 4265.0 ssil -290.345032 HIJ
4265.0 4325.0 h -776.478271
4325.0 4420.0 ei -1165.869019
4420.0 4455.0 ssil -438.915833
4455.0 4470.0 ssil -207.718567 DIRECT
4470.0 4495.0 d -386.959656
4495.0 4510.0 ac -315.187988
4510.0 4635.0 j -1535.543091
4635.0 4685.0 r -747.716736
4685.0 4815.0 ec -1815.707764
4815.0 4845.0 k -425.473663
4845.0 4875.0 t -431.519012
4875.0 4900.0 ssil -463.388885
4900.0 4915.0 ssil -262.866669 OP
4915.0 4985.0 oc -1029.373047
4985.0 5000.0 p -244.045776
5000.0 5015.0 ssil -210.330414
5015.0 5030.0 ssil -198.808273 EEN
5030.0 5065.0 @ -486.337341
5065.0 5115.0 n -611.420410
5115.0 5130.0 ssil -215.157196
5130.0 5145.0 ssil -241.433197 DVD
5145.0 5175.0 d -405.122040
5175.0 5375.0 e -2233.714111
5375.0 5400.0 f -335.809143
5400.0 5435.0 e -451.709808
5435.0 5520.0 d -1202.370239
5520.0 5715.0 e -2190.080811
5715.0 6315.0 ssil -7245.466309
.
