#!MLF!#
"/net/aistaff/aki/_same-utterance/wav/06/Limburg/8668-1458205343-1671909.rec"
0.0 650.0 ssil -7119.983398 NA
650.0 670.0 n -335.080841
670.0 810.0 a -1486.102905
810.0 825.0 ssil -221.228363
825.0 840.0 ssil -213.313049 ZIJN
840.0 890.0 z -628.484253
890.0 970.0 ei -951.488831
970.0 995.0 n -302.993744
995.0 1015.0 ssil -257.707642
1015.0 1040.0 ssil -286.996613 REIS
1040.0 1055.0 r -171.860489
1055.0 1265.0 ei -2207.381104
1265.0 1350.0 s -1180.995850
1350.0 1365.0 ssil -224.947601
1365.0 1390.0 ssil -369.897614 MAAKT
1390.0 1445.0 m -720.301025
1445.0 1550.0 a -1102.747925
1550.0 1565.0 k -231.366058
1565.0 1585.0 ssil -285.567078
1585.0 1620.0 ssil -528.311462 HIJ
1620.0 1635.0 h -185.113617
1635.0 1850.0 ei -2092.374512
1850.0 1865.0 ssil -205.597427
1865.0 1880.0 ssil -191.126114 EEN
1880.0 1895.0 @ -186.609421
1895.0 1910.0 ssil -192.348785
1910.0 1925.0 ssil -216.682709 KAART
1925.0 1965.0 k -611.027771
1965.0 2130.0 a -1697.427612
2130.0 2190.0 r -875.979797
2190.0 2245.0 t -811.046509
2245.0 2295.0 ssil -620.151001
2295.0 2510.0 ssil -2653.211670 VAN
2510.0 2575.0 f -828.185486
2575.0 2635.0 ac -708.448730
2635.0 2695.0 n -725.388611
2695.0 2710.0 ssil -244.922440
2710.0 2725.0 ssil -219.779312 DE
2725.0 2740.0 d -259.822937
2740.0 2755.0 ssil -244.574585
2755.0 2770.0 ssil -235.671097 ONVERHARDE
2770.0 2910.0 oc -1672.439941
2910.0 2925.0 n -200.463593
2925.0 2940.0 ec -211.616501
2940.0 2955.0 r -209.261139
2955.0 2975.0 h -271.281830
2975.0 3195.0 ac -2419.757080
3195.0 3210.0 r -237.861816
3210.0 3235.0 d -355.078888
3235.0 3300.0 @ -644.713318
3300.0 3315.0 ssil -183.043640
3315.0 3330.0 ssil -175.842972 WEGEN
3330.0 3350.0 w -206.606445
3350.0 3590.0 e -2568.967773
3590.0 3605.0 gc -218.991776
3605.0 3660.0 @ -651.012512
3660.0 3745.0 ssil -1175.716797
3745.0 3830.0 ssil -1015.956787 EN
3830.0 3875.0 ec -558.111633
3875.0 3945.0 n -827.551392
3945.0 3960.0 ssil -211.420135
3960.0 3975.0 ssil -186.492783 DIE
3975.0 3990.0 d -183.613205
3990.0 4015.0 i -267.025696
4015.0 4030.0 ssil -187.086716
4030.0 4045.0 ssil -193.353836 ZET
4045.0 4115.0 z -824.559021
4115.0 4170.0 ec -574.012207
4170.0 4190.0 t -294.144928
4190.0 4205.0 ssil -226.928772
4205.0 4230.0 ssil -399.476654 HIJ
4230.0 4245.0 h -201.006180
4245.0 4360.0 ei -1189.786621
4360.0 4375.0 ssil -196.648056
4375.0 4390.0 ssil -210.304184 DIRECT
4390.0 4465.0 d -1018.415039
4465.0 4480.0 ac -198.747055
4480.0 4495.0 j -189.920853
4495.0 4510.0 r -173.593811
4510.0 4690.0 ec -2075.935547
4690.0 4720.0 k -461.803131
4720.0 4800.0 ssil -1229.777954
4800.0 4835.0 ssil -601.474365 OP
4835.0 4940.0 oc -1470.342651
4940.0 4960.0 p -288.261230
4960.0 4975.0 ssil -212.937363
4975.0 4990.0 ssil -202.571350 EEN
4990.0 5015.0 @ -361.456451
5015.0 5030.0 ssil -191.767410
5030.0 5045.0 ssil -184.576736 DVD
5045.0 5105.0 d -808.643982
5105.0 5250.0 e -1551.385864
5250.0 5265.0 f -209.299103
5265.0 5340.0 e -954.014465
5340.0 5400.0 d -818.329651
5400.0 5560.0 e -1780.067139
5560.0 5830.0 ssil -3177.101562
.
