#!MLF!#
"/net/aistaff/aki/_same-utterance/wav/06/Limburg/9096-1459552543-1725762.rec"
0.0 790.0 ssil -9999.964844 NA
790.0 830.0 n -548.740967
830.0 965.0 a -1498.722412
965.0 985.0 ssil -296.099670
985.0 1000.0 ssil -210.832245 ZIJN
1000.0 1055.0 z -704.096924
1055.0 1145.0 ei -1062.429199
1145.0 1160.0 n -214.473068
1160.0 1175.0 ssil -208.750458
1175.0 1190.0 ssil -199.992645 REIS
1190.0 1235.0 r -500.007965
1235.0 1450.0 ei -2564.569092
1450.0 1590.0 s -1813.145386
1590.0 1675.0 ssil -998.553345
1675.0 1715.0 ssil -504.644897 MAAKT
1715.0 1770.0 m -682.116882
1770.0 1925.0 a -1696.371582
1925.0 1940.0 k -222.446564
1940.0 1955.0 ssil -226.814453
1955.0 1970.0 ssil -226.335815 HIJ
1970.0 2000.0 h -358.284363
2000.0 2105.0 ei -1245.352905
2105.0 2120.0 ssil -196.761993
2120.0 2135.0 ssil -211.792480 EEN
2135.0 2215.0 n -957.280884
2215.0 2235.0 ssil -285.257538
2235.0 2255.0 ssil -281.168549 KAART
2255.0 2305.0 k -762.102173
2305.0 2455.0 a -1760.858032
2455.0 2485.0 r -402.000854
2485.0 2600.0 ssil -1500.957520
2600.0 2625.0 ssil -283.699432 VAN
2625.0 2660.0 v -466.320831
2660.0 2710.0 ac -614.605896
2710.0 2725.0 n -241.442291
2725.0 2740.0 ssil -215.546860
2740.0 2755.0 ssil -200.982574 DE
2755.0 2770.0 d -232.012909
2770.0 2785.0 ssil -249.333649
2785.0 2800.0 ssil -249.317886 ONVERHARDE
2800.0 2980.0 oc -2387.663086
2980.0 3050.0 n -896.956177
3050.0 3065.0 ec -240.941711
3065.0 3100.0 r -488.897552
3100.0 3135.0 h -503.970276
3135.0 3435.0 ac -3103.748779
3435.0 3450.0 r -234.226135
3450.0 3470.0 d -283.274689
3470.0 3495.0 @ -300.967590
3495.0 3510.0 ssil -198.259247
3510.0 3525.0 ssil -202.849701 WEGEN
3525.0 3590.0 w -731.337280
3590.0 3785.0 e -2202.596924
3785.0 3805.0 gc -279.594971
3805.0 3925.0 @ -1469.136353
3925.0 4000.0 n -840.460083
4000.0 4405.0 ssil -4497.914551
4405.0 4445.0 ssil -522.128784 EN
4445.0 4495.0 ec -631.757568
4495.0 4545.0 n -563.803223
4545.0 4560.0 ssil -200.774124
4560.0 4575.0 ssil -205.572189 DIE
4575.0 4590.0 d -207.012650
4590.0 4660.0 i -781.768921
4660.0 4675.0 ssil -211.901398
4675.0 4690.0 ssil -201.748306 ZET
4690.0 4785.0 z -1175.016846
4785.0 4890.0 ec -1220.143066
4890.0 4905.0 t -232.424301
4905.0 4920.0 ssil -192.484558
4920.0 4935.0 ssil -200.613266 HIJ
4935.0 4995.0 h -645.629700
4995.0 5125.0 ei -1391.401611
5125.0 5140.0 ssil -196.810150
5140.0 5155.0 ssil -212.908691 DIRECT
5155.0 5180.0 d -365.234619
5180.0 5195.0 ac -261.019043
5195.0 5270.0 j -973.356995
5270.0 5290.0 r -261.791016
5290.0 5465.0 ec -2251.470947
5465.0 5480.0 k -222.387558
5480.0 5520.0 t -589.410706
5520.0 5535.0 ssil -207.358994
5535.0 5570.0 ssil -472.845734 OP
5570.0 5710.0 oc -1840.297485
5710.0 5745.0 p -496.322876
5745.0 5760.0 ssil -253.199570
5760.0 5775.0 ssil -243.211563 EEN
5775.0 5815.0 @ -583.872742
5815.0 5875.0 n -769.193054
5875.0 5890.0 ssil -197.612610
5890.0 5905.0 ssil -224.640839 DVD
5905.0 5920.0 d -215.212784
5920.0 6110.0 ic -2222.816895
6110.0 6125.0 f -218.013474
6125.0 6170.0 e -585.397095
6170.0 6230.0 d -807.249695
6230.0 6415.0 e -2214.857666
6415.0 7474.9999 ssil -12556.943359
.
