#!MLF!#
"/net/aistaff/aki/_same-utterance/wav/06/Limburg/9122-1459855910-1732483.rec"
0.0 15.0 ssil -144.108734 NA
15.0 30.0 n -146.694412
30.0 295.0 a -1751.639282
295.0 310.0 ssil -219.704269
310.0 325.0 ssil -233.115677 ZIJN
325.0 345.0 z -335.705292
345.0 395.0 ei -629.336304
395.0 445.0 n -588.439453
445.0 485.0 ssil -550.908081
485.0 545.0 ssil -904.199280 REIS
545.0 630.0 r -1051.677124
630.0 720.0 ei -1116.723511
720.0 845.0 s -1735.835571
845.0 860.0 ssil -216.183594
860.0 880.0 ssil -290.321106 MAAKT
880.0 960.0 m -1007.062927
960.0 1055.0 a -1422.616577
1055.0 1070.0 k -236.564224
1070.0 1085.0 ssil -216.321671
1085.0 1210.0 ssil -1724.001709 HIJ
1210.0 1230.0 h -268.318481
1230.0 1505.0 ei -3386.650879
1505.0 1560.0 ssil -832.359680
1560.0 1590.0 ssil -400.319824 EEN
1590.0 1690.0 n -1131.669434
1690.0 1715.0 ssil -296.981232
1715.0 1740.0 ssil -291.596924 KAART
1740.0 1815.0 k -1051.731934
1815.0 1925.0 a -1539.624268
1925.0 1960.0 r -458.760132
1960.0 2040.0 ssil -1037.863403
2040.0 2110.0 ssil -992.085938 VAN
2110.0 2250.0 f -1784.204712
2250.0 2295.0 ac -624.438904
2295.0 2400.0 n -1141.727905
2400.0 2415.0 ssil -191.850891
2415.0 2430.0 ssil -219.794464 DE
2430.0 2480.0 d -777.625916
2480.0 2595.0 @ -1529.895630
2595.0 2645.0 ssil -683.536682
2645.0 2715.0 ssil -891.743652 ONVERHARDE
2715.0 2860.0 oc -2034.024536
2860.0 2925.0 n -845.570557
2925.0 3005.0 f -1017.436035
3005.0 3020.0 ec -250.923019
3020.0 3035.0 r -209.380936
3035.0 3125.0 h -1237.165894
3125.0 3230.0 ac -1405.060547
3230.0 3265.0 r -505.346832
3265.0 3280.0 d -218.754532
3280.0 3295.0 @ -211.365540
3295.0 3350.0 ssil -707.053406
3350.0 3395.0 ssil -643.951721 WEGEN
3395.0 3500.0 w -1220.725830
3500.0 3680.0 e -2078.731689
3680.0 3745.0 gc -880.512207
3745.0 3845.0 @ -1267.572144
3845.0 4420.0 ssil -6558.003906
4420.0 4480.0 ssil -997.750244 EN
4480.0 4500.0 ec -302.124908
4500.0 4560.0 n -737.676086
4560.0 4575.0 ssil -198.352707
4575.0 4590.0 ssil -191.719589 DIE
4590.0 4665.0 d -958.188232
4665.0 4690.0 i -297.827698
4690.0 4705.0 ssil -185.262390
4705.0 4720.0 ssil -199.067566 ZET
4720.0 4860.0 z -1824.392822
4860.0 4925.0 ec -696.657288
4925.0 4945.0 t -285.784302
4945.0 4960.0 ssil -209.328094
4960.0 4995.0 ssil -489.007202 HIJ
4995.0 5040.0 h -596.315308
5040.0 5130.0 ei -997.292236
5130.0 5145.0 ssil -211.562088
5145.0 5160.0 ssil -186.687195 DIRECT
5160.0 5280.0 d -1532.835571
5280.0 5320.0 ac -675.111877
5320.0 5430.0 j -1414.238403
5430.0 5520.0 r -1209.683105
5520.0 5640.0 ec -1618.799561
5640.0 5695.0 k -763.270447
5695.0 5810.0 t -1587.334229
5810.0 5895.0 ssil -1264.069214
5895.0 5930.0 ssil -543.194641 OP
5930.0 6015.0 oc -1128.254028
6015.0 6040.0 p -423.591736
6040.0 6090.0 ssil -839.738586
6090.0 6105.0 ssil -247.308716 EEN
6105.0 6230.0 n -1355.250610
6230.0 6245.0 ssil -197.225616
6245.0 6260.0 ssil -220.496674 DVD
6260.0 6280.0 d -292.328918
6280.0 6420.0 e -1715.318115
6420.0 6470.0 f -688.492004
6470.0 6585.0 e -1375.005005
6585.0 6600.0 d -215.872360
6600.0 6875.0 e -3483.239990
6875.0 7640.0 ssil -8838.904297
.
