#!MLF!#
"/net/aistaff/aki/_same-utterance/wav/06/Limburg/9128-1459887205-1741457.rec"
0.0 365.0 ssil -4288.002930 NA
365.0 430.0 n -984.234497
430.0 545.0 a -1462.271484
545.0 560.0 ssil -256.799713
560.0 575.0 ssil -249.843292 ZIJN
575.0 625.0 z -740.575195
625.0 735.0 ei -1353.571899
735.0 750.0 n -230.060791
750.0 765.0 ssil -216.678909
765.0 790.0 ssil -388.762451 REIS
790.0 805.0 r -237.002640
805.0 1020.0 ei -2379.760498
1020.0 1115.0 s -1224.123291
1115.0 1130.0 ssil -191.572479
1130.0 1150.0 ssil -285.746429 MAAKT
1150.0 1210.0 m -904.439026
1210.0 1285.0 a -1061.650513
1285.0 1310.0 k -389.879181
1310.0 1325.0 ssil -201.550842
1325.0 1365.0 ssil -684.156738 HIJ
1365.0 1460.0 h -1216.444580
1460.0 1550.0 ei -1084.104492
1550.0 1565.0 ssil -201.233170
1565.0 1580.0 ssil -179.317673 EEN
1580.0 1620.0 n -479.789520
1620.0 1645.0 ssil -287.788055
1645.0 1660.0 ssil -177.300385 KAART
1660.0 1710.0 k -762.912476
1710.0 1820.0 a -1221.983643
1820.0 1895.0 r -1118.864258
1895.0 1930.0 t -496.107239
1930.0 1945.0 ssil -183.963699
1945.0 1960.0 ssil -181.752884 VAN
1960.0 2000.0 f -574.898804
2000.0 2040.0 ac -579.228333
2040.0 2100.0 n -699.346985
2100.0 2125.0 ssil -392.700470
2125.0 2140.0 ssil -244.990738 DE
2140.0 2155.0 d -239.598190
2155.0 2170.0 @ -222.231232
2170.0 2195.0 ssil -312.732117
2195.0 2220.0 ssil -338.923706 ONVERHARDE
2220.0 2325.0 oc -1443.199341
2325.0 2385.0 n -743.362915
2385.0 2460.0 f -1041.974487
2460.0 2475.0 ec -283.858398
2475.0 2515.0 r -616.078491
2515.0 2550.0 h -435.315918
2550.0 2655.0 ac -1261.725952
2655.0 2680.0 r -393.918884
2680.0 2710.0 d -490.527130
2710.0 2740.0 @ -391.396362
2740.0 2755.0 ssil -200.369583
2755.0 2770.0 ssil -193.778961 WEGEN
2770.0 2830.0 w -689.110779
2830.0 3000.0 e -1992.974731
3000.0 3035.0 gc -533.670410
3035.0 3145.0 @ -1452.720825
3145.0 3440.0 ssil -3728.533203
3440.0 3475.0 ssil -601.889587 EN
3475.0 3515.0 ec -565.485291
3515.0 3585.0 n -819.038452
3585.0 3600.0 ssil -199.001465
3600.0 3620.0 ssil -259.241089 DIE
3620.0 3645.0 d -397.281830
3645.0 3780.0 i -1781.279663
3780.0 3795.0 ssil -219.345779
3795.0 3810.0 ssil -235.505844 ZET
3810.0 3850.0 z -583.187866
3850.0 3915.0 ec -863.881653
3915.0 3950.0 t -477.195587
3950.0 3965.0 ssil -209.109039
3965.0 3980.0 ssil -209.865082 HIJ
3980.0 4010.0 h -369.651337
4010.0 4065.0 ei -699.594910
4065.0 4080.0 ssil -191.121948
4080.0 4095.0 ssil -214.906967 DIRECT
4095.0 4140.0 d -676.078064
4140.0 4155.0 ac -296.520294
4155.0 4195.0 j -490.112610
4195.0 4255.0 r -870.197388
4255.0 4340.0 ec -1061.232666
4340.0 4360.0 k -302.505707
4360.0 4440.0 ssil -1225.601685
4440.0 4505.0 ssil -1091.533325 OP
4505.0 4550.0 oc -590.800354
4550.0 4595.0 p -624.713196
4595.0 4610.0 ssil -239.314087
4610.0 4625.0 ssil -232.729614 EEN
4625.0 4665.0 n -457.975067
4665.0 4680.0 ssil -189.589600
4680.0 4695.0 ssil -221.607101 DVD
4695.0 4725.0 d -475.688782
4725.0 4835.0 e -1290.524292
4835.0 4850.0 f -226.367523
4850.0 4925.0 e -1051.745483
4925.0 4985.0 d -826.219299
4985.0 5160.0 e -2137.170410
5160.0 5665.0 ssil -5825.843262
.
