#!MLF!#
"/net/aistaff/aki/_same-utterance/wav/06/Limburg/9131-1459859127-1734298.rec"
0.0 330.0 ssil -3285.598877 NA
330.0 345.0 n -265.057037
345.0 395.0 a -595.255188
395.0 410.0 ssil -225.882935
410.0 425.0 ssil -210.907944 ZIJN
425.0 475.0 z -675.738037
475.0 535.0 ei -655.597534
535.0 550.0 n -217.270874
550.0 565.0 ssil -204.416016
565.0 580.0 ssil -195.162003 REIS
580.0 595.0 r -191.848373
595.0 795.0 ei -2310.169678
795.0 900.0 s -1442.968506
900.0 920.0 ssil -261.264587
920.0 940.0 ssil -274.272614 MAAKT
940.0 995.0 m -742.860596
995.0 1085.0 a -1150.419067
1085.0 1105.0 k -291.494324
1105.0 1135.0 ssil -458.434448
1135.0 1175.0 ssil -609.516846 HIJ
1175.0 1195.0 h -236.591248
1195.0 1280.0 ei -969.545105
1280.0 1295.0 ssil -212.642303
1295.0 1310.0 ssil -181.842621 EEN
1310.0 1325.0 n -174.519119
1325.0 1340.0 ssil -196.808960
1340.0 1355.0 ssil -183.871399 KAART
1355.0 1420.0 k -945.458191
1420.0 1520.0 a -1289.831177
1520.0 1585.0 r -922.592285
1585.0 1600.0 ssil -240.185471
1600.0 1620.0 ssil -279.119629 VAN
1620.0 1715.0 f -1298.431396
1715.0 1735.0 ac -277.684998
1735.0 1750.0 n -193.115387
1750.0 1765.0 ssil -184.573303
1765.0 1780.0 ssil -202.764481 DE
1780.0 1795.0 d -223.412781
1795.0 1810.0 ssil -222.104797
1810.0 1825.0 ssil -214.027985 ONVERHARDE
1825.0 1985.0 oc -1962.109009
1985.0 2025.0 n -498.743866
2025.0 2040.0 ec -228.354416
2040.0 2055.0 r -195.054718
2055.0 2085.0 h -394.798553
2085.0 2315.0 ac -2360.909668
2315.0 2330.0 r -221.327164
2330.0 2360.0 d -410.540100
2360.0 2400.0 @ -400.679871
2400.0 2415.0 ssil -187.277588
2415.0 2430.0 ssil -189.328751 WEGEN
2430.0 2465.0 w -357.005310
2465.0 2650.0 e -1922.785645
2650.0 2665.0 gc -200.377945
2665.0 2680.0 ssil -187.370926
2680.0 2700.0 ssil -260.631653 EN
2700.0 2760.0 ec -716.798645
2760.0 2775.0 n -203.556885
2775.0 2850.0 ssil -926.940918
2850.0 2910.0 ssil -845.279846 DIE
2910.0 2970.0 d -840.573425
2970.0 3000.0 i -387.523132
3000.0 3015.0 ssil -211.603622
3015.0 3030.0 ssil -235.814438 ZET
3030.0 3080.0 z -672.863525
3080.0 3120.0 ec -504.968903
3120.0 3135.0 t -248.951599
3135.0 3150.0 ssil -204.549774
3150.0 3165.0 ssil -218.893036 HIJ
3165.0 3180.0 h -249.116684
3180.0 3195.0 ei -254.502945
3195.0 3210.0 ssil -229.493027
3210.0 3240.0 ssil -448.907471 DIRECT
3240.0 3255.0 d -216.239685
3255.0 3270.0 ac -246.499008
3270.0 3360.0 j -1134.329956
3360.0 3390.0 r -481.150208
3390.0 3475.0 ec -1204.338745
3475.0 3490.0 k -247.922867
3490.0 3505.0 ssil -229.673584
3505.0 3520.0 ssil -237.631332 OP
3520.0 3545.0 p -381.745880
3545.0 3565.0 ssil -309.459595
3565.0 3595.0 ssil -510.935791 EEN
3595.0 3640.0 @ -614.148865
3640.0 3730.0 n -1141.091309
3730.0 3755.0 ssil -372.575684
3755.0 3770.0 ssil -205.637878 DVD
3770.0 3830.0 d -821.252930
3830.0 3980.0 e -1765.706421
3980.0 4015.0 f -501.450378
4015.0 4060.0 e -589.112549
4060.0 4125.0 d -931.142883
4125.0 4280.0 e -1877.577515
4280.0 4620.0 ssil -4236.595215
.
