#!MLF!#
"/net/aistaff/aki/_same-utterance/wav/08/Limburg/10267-1464460463-2101924.rec"
0.0 650.0 ssil -7879.700684 PISTOOL
650.0 685.0 p -487.910217
685.0 740.0 i -778.829834
740.0 895.0 s -2018.063232
895.0 945.0 t -731.526917
945.0 1095.0 o -1849.098877
1095.0 1275.0 l -2141.972168
1275.0 2670.0 ssil -16689.109375
2670.0 2835.0 ssil -2413.875977 GERAAPT
2835.0 2870.0 x -607.019226
2870.0 3135.0 @ -3360.030762
3135.0 3270.0 r -1910.486450
3270.0 3290.0 a -294.672638
3290.0 3310.0 p -324.526093
3310.0 4359.9999 ssil -12741.879883
4360.0 4720.0 ssil -4348.484863 TOVEREN
4720.0 4790.0 t -1025.119263
4790.0 4985.0 o -2401.149170
4985.0 5065.0 f -982.279480
5065.0 5090.0 @ -347.156830
5090.0 5145.0 r -718.000122
5145.0 5285.0 @ -1575.399902
5285.0 5500.0 n -2550.954102
5500.0 7195.0001 ssil -20861.818359
7195.0 8620.0 ssil -18014.285156 IJS
8620.0 8820.0 ei -2586.300537
8820.0 9029.9999 s -2433.635010
9029.9999 9124.9999 ssil -1228.172729
9125.0 9560.0 ssil -5143.272949 VERKEERD
9560.0 9575.0 v -200.917984
9575.0 9775.0 @ -2389.441406
9775.0 9790.0 k -215.610321
9790.0 9810.0 e -259.887390
9810.0 9875.0 r -778.939209
9875.0 10030.0 ssil -1744.018311
.
