#!MLF!#
"/net/aistaff/aki/_same-utterance/wav/08/Limburg/10873-1464180659-1912799.rec"
0.0 105.0 ssil -1050.413940 PISTOOL
105.0 120.0 p -245.085007
120.0 145.0 s -395.830078
145.0 160.0 t -206.191299
160.0 175.0 @ -186.106323
175.0 190.0 l -189.699341
190.0 885.0 ssil -8003.534668
885.0 990.0 ssil -1493.269653 GERAAPT
990.0 1030.0 gc -568.169312
1030.0 1050.0 @ -284.196625
1050.0 1190.0 r -1812.569580
1190.0 1495.0 a -3540.804932
1495.0 1510.0 p -225.563553
1510.0 3415.0 ssil -23794.591797
3415.0 4770.0 ssil -16402.498047 TOVEREN
4770.0 5005.0 t -3303.257568
5005.0 5290.0 o -3481.847168
5290.0 5305.0 f -284.440308
5305.0 5465.0 @ -2019.673828
5465.0 5490.0 r -294.218475
5490.0 5515.0 @ -313.701904
5515.0 6575.0 ssil -11917.758789
6575.0 6730.0 ssil -1872.534790 IJS
6730.0 6970.0 ei -2814.832764
6970.0 7130.0 s -2401.290283
7130.0 8890.0 ssil -20678.720703
8890.0 8965.0 ssil -991.193115 VERKEERD
8965.0 9015.0 v -657.648376
9015.0 9340.0 r -4272.115723
9340.0 9390.0 k -648.966431
9390.0 9410.0 e -228.596146
9410.0 9425.0 r -172.667419
9425.0 10030.0 ssil -6999.128906
.
