#!MLF!#
"/net/aistaff/aki/_same-utterance/wav/08/Limburg/11719-1464609819-2146387.rec"
0.0 25.0 ssil -311.282288 PISTOOL
25.0 40.0 p -218.634140
40.0 55.0 s -223.603348
55.0 80.0 t -297.486053
80.0 95.0 @ -185.901764
95.0 110.0 l -190.509964
110.0 800.0 ssil -7711.438477
800.0 935.0 ssil -1455.715820 GERAAPT
935.0 995.0 gc -818.532898
995.0 1015.0 @ -292.533203
1015.0 1145.0 r -1632.915649
1145.0 1430.0 a -3538.429443
1430.0 1445.0 p -209.890900
1445.0 2395.0 ssil -10845.452148
2395.0 2760.0 ssil -3902.769287 TOVEREN
2760.0 2800.0 t -594.737000
2800.0 3000.0 o -2280.399902
3000.0 3065.0 f -866.592529
3065.0 3080.0 @ -213.051193
3080.0 3345.0 r -3244.388916
3345.0 3480.0 @ -1507.457642
3480.0 4215.0 ssil -8350.339844
4215.0 4715.0 ssil -5728.613281 IJS
4715.0 4950.0 ei -3000.508789
4950.0 4965.0 s -237.567825
4965.0 7375.0001 ssil -29010.652344
7375.0 8740.0 ssil -15599.424805 VERKEERD
8740.0 8765.0 v -337.715149
8765.0 8910.0 r -1954.812622
8910.0 8940.0 k -442.867493
8940.0 9150.0 e -2388.277100
9150.0 9270.0 r -1408.487427
9270.0 9330.0 t -868.447937
9330.0 10055.0 ssil -8298.856445
.
