#!MLF!#
"/net/aistaff/aki/_same-utterance/wav/08/Limburg/13066-1464212233-1946916.rec"
0.0 345.0 ssil -3225.852539 PISTOOL
345.0 480.0 p -1583.377075
480.0 585.0 @ -1185.900513
585.0 630.0 s -737.224243
630.0 690.0 t -955.491760
690.0 840.0 o -1948.183350
840.0 855.0 l -210.296982
855.0 895.0 ssil -551.341553
895.0 970.0 ssil -1166.122192 GERAAPT
970.0 1025.0 gc -851.643005
1025.0 1225.0 @ -2518.638184
1225.0 1615.0 r -5610.766113
1615.0 1635.0 a -311.092712
1635.0 1750.0 p -1578.880005
1750.0 1870.0 t -1544.307861
1870.0 2350.0 ssil -5885.221191
2350.0 2580.0 ssil -3102.583740 TOVEREN
2580.0 2825.0 t -3392.697266
2825.0 3020.0 o -2231.833984
3020.0 3035.0 f -270.982483
3035.0 3050.0 @ -216.046768
3050.0 3065.0 r -219.718918
3065.0 3105.0 @ -573.096313
3105.0 3515.0 n -5264.831055
3515.0 3615.0 ssil -1247.589966
3615.0 4490.0 ssil -10777.849609 IJS
4490.0 4705.0 ei -2598.857422
4705.0 4990.0 s -3523.709961
4990.0 6755.0 ssil -23051.966797
6755.0 8405.0 ssil -21693.337891 VERKEERD
8405.0 8500.0 f -1232.742676
8500.0 8535.0 @ -450.359314
8535.0 8640.0 r -1339.550781
8640.0 8705.0 k -995.430115
8705.0 8895.0 e -2162.743652
8895.0 8995.0 r -1421.680420
8995.0 9155.0 t -2255.293945
9155.0 9820.0 ssil -8219.778320
.
