#!MLF!#
"/net/aistaff/aki/_same-utterance/wav/08/Limburg/13969-1464286278-1982062.rec"
0.0 545.0 ssil -6294.894043 PISTOOL
545.0 675.0 p -1874.175659
675.0 1105.0 @ -5625.807129
1105.0 1120.0 s -221.240784
1120.0 1250.0 t -1888.990112
1250.0 1265.0 @ -222.692886
1265.0 1295.0 l -405.844360
1295.0 2665.0 ssil -18023.162109
2665.0 2755.0 ssil -1187.033569 GERAAPT
2755.0 2815.0 gc -867.336609
2815.0 3000.0 @ -2294.679932
3000.0 3110.0 r -1467.021240
3110.0 3125.0 a -243.131897
3125.0 3165.0 p -589.623352
3165.0 3300.0 t -1787.635742
3300.0 4420.0 ssil -12890.770508
4420.0 4525.0 ssil -1187.796143 TOVEREN
4525.0 4580.0 t -773.893433
4580.0 4765.0 oc -2231.108887
4765.0 4780.0 f -233.607346
4780.0 4795.0 @ -191.593018
4795.0 4845.0 r -652.145447
4845.0 5040.0 @ -2355.220215
5040.0 5200.0 n -1841.008667
5200.0 5265.0 ssil -835.031738
5265.0 6660.0 ssil -16444.365234 IJS
6660.0 6730.0 ei -913.379822
6730.0 6975.0 s -3276.215576
6975.0 7450.0 ssil -6104.878418
7450.0 8565.0 ssil -13226.921875 VERKEERD
8565.0 8580.0 v -245.321716
8580.0 8610.0 @ -393.654419
8610.0 8700.0 r -1132.254272
8700.0 8715.0 k -251.930222
8715.0 8870.0 e -2040.751099
8870.0 8885.0 r -235.513351
8885.0 9015.0 t -1678.353760
9015.0 9800.0 ssil -9350.501953
.
