#!MLF!#
"/net/aistaff/aki/_same-utterance/wav/08/Limburg/15579-1469788843-2416182.rec"
0.0 810.0 ssil -9391.651367 PISTOOL
810.0 845.0 p -507.820190
845.0 860.0 @ -203.618683
860.0 875.0 s -220.254700
875.0 915.0 t -635.407776
915.0 1075.0 o -2088.987305
1075.0 1575.0 l -6423.784180
1575.0 2105.0 ssil -5815.850098
2105.0 2340.0 ssil -2570.962646 GERAAPT
2340.0 2380.0 gc -587.012207
2380.0 2415.0 r -492.140808
2415.0 2430.0 a -192.567230
2430.0 2445.0 p -207.621017
2445.0 2595.0 ssil -1831.412964
2595.0 2790.0 ssil -2615.875977 TOVEREN
2790.0 3010.0 t -2887.329834
3010.0 3420.0 oc -5346.007812
3420.0 3435.0 f -242.481339
3435.0 3450.0 @ -197.793732
3450.0 3465.0 r -186.676193
3465.0 3480.0 @ -171.407318
3480.0 4320.0 ssil -9741.492188
4320.0 4820.0 ssil -5781.444824 IJS
4820.0 5055.0 ei -3228.465576
5055.0 5305.0 s -3489.604980
5305.0 7280.0 ssil -24278.453125
7280.0 8850.0001 ssil -18767.806641 VERKEERD
8850.0001 8880.0001 v -465.652802
8880.0001 8910.0001 @ -427.019440
8910.0001 9045.0001 r -1851.333740
9045.0001 9090.0001 k -689.568054
9090.0001 9245.0001 e -1816.061646
9245.0001 9395.0001 r -1978.237549
9395.0001 10055.0001 ssil -7651.624512
.
