#!MLF!#
"/net/aistaff/aki/_same-utterance/wav/08/Limburg/15592-1465473827-2283544.rec"
0.0 1035.0 ssil -13040.478516 PISTOOL
1035.0 1090.0 p -800.749207
1090.0 1300.0 @ -2764.746582
1300.0 1500.0 s -2410.591797
1500.0 1515.0 t -215.967499
1515.0 1530.0 @ -210.220383
1530.0 1545.0 l -206.809799
1545.0 2140.0 ssil -7072.659668
2140.0 2885.0 ssil -8949.836914 GERAAPT
2885.0 2955.0 gc -912.505798
2955.0 3075.0 @ -1497.116211
3075.0 3115.0 r -443.126526
3115.0 3380.0 a -2858.956787
3380.0 3400.0 p -333.288361
3400.0 3530.0 t -1659.917969
3530.0 4110.0 ssil -6903.749023
4110.0 4760.0 ssil -7556.122070 TOVEREN
4760.0 4820.0 t -883.672607
4820.0 5000.0 o -2124.452393
5000.0 5015.0 f -213.427322
5015.0 5060.0 @ -600.464539
5060.0 5140.0 r -1045.762817
5140.0 5155.0 @ -219.620911
5155.0 5385.0 n -2674.131836
5385.0 6745.0 ssil -15695.433594
6745.0 6905.0 ssil -2232.378418 IJS
6905.0 7095.0 ei -2357.272949
7095.0 7110.0 s -213.172623
7110.0 7875.0 ssil -9028.193359
7875.0 8810.0 ssil -11016.382812 VERKEERD
8810.0 8980.0 f -2258.125488
8980.0 9230.0 @ -3188.543457
9230.0 9255.0 k -356.656036
9255.0 9275.0 e -246.911438
9275.0 9330.0 r -628.885498
9330.0 10055.0 ssil -7984.861816
.
