#!MLF!#
"/net/aistaff/aki/_same-utterance/wav/08/Limburg/15972-1464425315-2081305.rec"
0.0 2835.0 ssil -35477.203125 PISTOOL
2835.0 2880.0 p -674.166260
2880.0 2950.0 i -951.508362
2950.0 3045.0 s -1265.682373
3045.0 3110.0 t -927.483826
3110.0 3295.0 oc -2234.553223
3295.0 3335.0 l -518.591064
3335.0 3350.0 ssil -195.707230
3350.0 3365.0 ssil -200.099075 GERAAPT
3365.0 3380.0 gc -214.977310
3380.0 3470.0 @ -1060.760620
3470.0 3485.0 r -179.312363
3485.0 3505.0 a -225.499283
3505.0 3520.0 p -196.761292
3520.0 3915.0 ssil -4612.786621
3915.0 4825.0 ssil -10367.108398 TOVEREN
4825.0 4865.0 t -617.721313
4865.0 5040.0 o -2061.864258
5040.0 5100.0 f -772.561707
5100.0 5135.0 @ -425.395935
5135.0 5205.0 r -853.358398
5205.0 5435.0 @ -2857.708740
5435.0 6650.0001 ssil -14555.629883
6650.0 6885.0 ssil -3066.530762 IJS
6885.0 7125.0 ei -2972.573242
7125.0 7145.0 s -307.681702
7145.0 7240.0 ssil -1314.233887
7240.0 8680.0001 ssil -16597.142578 VERKEERD
8680.0001 8710.0001 f -402.654724
8710.0001 8825.0001 @ -1591.633911
8825.0001 8880.0001 k -822.897278
8880.0001 9040.0001 e -1840.310425
9040.0001 9070.0001 r -432.497864
9070.0001 10030.0 ssil -12058.397461
.
