#!MLF!#
"/net/aistaff/aki/_same-utterance/wav/08/Limburg/17089-1475416138-2500516.rec"
0.0 380.0 ssil -3515.664551 PISTOOL
380.0 1210.0 p -8975.580078
1210.0 1265.0 i -765.986572
1265.0 1280.0 s -228.274200
1280.0 1665.0 t -4438.848633
1665.0 2184.9999 oc -7355.352539
2184.9999 3655.0 l -20057.533203
3655.0 4070.0 ssil -4714.125000
4070.0 4285.0 ssil -3183.623047 GERAAPT
4285.0 4630.0 gc -5299.953613
4630.0 4650.0 r -278.744568
4650.0 4810.0 a -2012.663330
4810.0 4840.0 p -488.955322
4840.0 4925.0 ssil -1364.319214
4925.0 5030.0 ssil -1504.065186 TOVEREN
5030.0 5045.0 t -204.840042
5045.0 5060.0 f -222.002533
5060.0 5120.0 @ -823.261169
5120.0 5670.0 r -7697.482910
5670.0 5755.0 @ -949.058411
5755.0 5775.0 ssil -239.550583
5775.0 5790.0 ssil -172.638489 IJS
5790.0 5850.0 ei -643.609436
5850.0 5865.0 s -202.516968
5865.0 7044.9999 ssil -12005.294922
7045.0 7175.0 ssil -1526.212402 VERKEERD
7175.0 7220.0 v -575.306335
7220.0 7250.0 k -477.306244
7250.0 7470.0 e -3153.463379
7470.0 7755.0 r -3503.081055
7755.0 9870.0 ssil -22004.607422
.
