#!MLF!#
"/net/aistaff/aki/_same-utterance/wav/08/Limburg/17469-1474488357-2492231.rec"
0.0 105.0 ssil -1028.969482 PISTOOL
105.0 120.0 p -241.331543
120.0 150.0 s -450.299103
150.0 165.0 t -201.849930
165.0 185.0 @ -248.213211
185.0 200.0 l -196.791916
200.0 660.0 ssil -5159.015625
660.0 1110.0 ssil -5392.275391 GERAAPT
1110.0 1150.0 gc -526.651062
1150.0 1830.0 r -8910.558594
1830.0 1875.0 a -537.022095
1875.0 1890.0 p -193.358368
1890.0 1990.0 ssil -1211.553711
1990.0 2815.0 ssil -9645.466797 TOVEREN
2815.0 2850.0 t -573.498291
2850.0 3015.0 o -2087.300781
3015.0 3065.0 f -673.304749
3065.0 3080.0 @ -207.417969
3080.0 3250.0 r -2296.338135
3250.0 3265.0 @ -240.943420
3265.0 3485.0 n -2485.141602
3485.0 3585.0 ssil -1127.311035
3585.0 4805.0 ssil -14062.478516 IJS
4805.0 4985.0 ei -2387.242188
4985.0 5000.0 s -220.713943
5000.0 7410.0001 ssil -29827.216797
7410.0 8820.0 ssil -16265.468750 VERKEERD
8820.0 8855.0 v -516.267029
8855.0 8995.0 r -1902.577515
8995.0 9020.0 k -356.077209
9020.0 9035.0 e -224.179337
9035.0 9300.0 r -3256.838867
9300.0 10054.9999 ssil -8703.346680
.
