#!MLF!#
"/net/aistaff/aki/_same-utterance/wav/08/Limburg/1987-1450049604-662968.rec"
0.0 190.0 ssil -2002.597778 PISTOOL
190.0 215.0 p -374.007477
215.0 230.0 s -212.720032
230.0 250.0 t -241.288712
250.0 265.0 @ -191.435654
265.0 280.0 l -201.227921
280.0 615.0 ssil -4046.059082
615.0 1080.0 ssil -5471.665527 GERAAPT
1080.0 1245.0 gc -2365.264648
1245.0 1435.0 @ -2171.908203
1435.0 1470.0 r -418.891449
1470.0 1830.0 a -4512.870605
1830.0 1875.0 p -635.228943
1875.0 2085.0 t -2714.162842
2085.0 2100.0 ssil -193.353790
2100.0 3025.0 ssil -10520.147461 TOVEREN
3025.0 3085.0 t -883.342529
3085.0 3330.0 o -3004.967285
3330.0 3345.0 f -247.025162
3345.0 3360.0 @ -208.071838
3360.0 3680.0 r -3995.213135
3680.0 3695.0 @ -223.973343
3695.0 3980.0 n -3694.433838
3980.0 4975.0 ssil -11972.838867
4975.0 5220.0 ssil -3440.361084 IJS
5220.0 5475.0 ei -2900.030029
5475.0 5490.0 s -229.769409
5490.0 7589.9999 ssil -26821.242188
7590.0 8675.0 ssil -12440.452148 VERKEERD
8675.0 8690.0 v -180.119095
8690.0 8735.0 k -730.769653
8735.0 9010.0 e -3622.599121
9010.0 9025.0 r -223.876740
9025.0 10030.0 ssil -12375.091797
.
