#!MLF!#
"/net/aistaff/aki/_same-utterance/wav/08/Limburg/2526-1457775974-1608819.rec"
0.0 1130.0 ssil -14143.126953 PISTOOL
1130.0 1170.0 p -700.951538
1170.0 1395.0 i -3065.720947
1395.0 1430.0 s -505.094757
1430.0 1470.0 t -544.614014
1470.0 1485.0 oc -246.281906
1485.0 1500.0 l -195.404495
1500.0 1555.0 ssil -683.126343
1555.0 1635.0 ssil -938.316467 GERAAPT
1635.0 1650.0 x -202.316162
1650.0 1675.0 @ -327.463074
1675.0 1720.0 r -702.925720
1720.0 1735.0 a -205.499832
1735.0 1750.0 p -191.968246
1750.0 1775.0 ssil -265.408722
1775.0 2620.0 ssil -9066.263672 TOVEREN
2620.0 2685.0 t -929.803345
2685.0 2875.0 o -2625.979004
2875.0 2890.0 f -229.784515
2890.0 2905.0 @ -192.226440
2905.0 3115.0 r -2785.310547
3115.0 3145.0 @ -377.391327
3145.0 3420.0 n -3230.362061
3420.0 4265.0001 ssil -9429.744141
4265.0 4640.0 ssil -4423.403320 IJS
4640.0 4845.0 ei -2574.387207
4845.0 5080.0 s -3195.363525
5080.0 7330.0 ssil -28123.281250
7330.0 8580.0 ssil -14230.553711 VERKEERD
8580.0 8595.0 f -219.546890
8595.0 8720.0 k -1741.218750
8720.0 8735.0 e -252.351807
8735.0 9275.0 r -7131.398926
9275.0 9405.0 t -1703.065674
9405.0 10030.0 ssil -6891.786621
.
