#!MLF!#
"/net/aistaff/aki/_same-utterance/wav/08/Limburg/2720-1449364745-328150.rec"
0.0 1080.0 ssil -12659.487305 PISTOOL
1080.0 1105.0 p -370.655273
1105.0 1175.0 i -921.722656
1175.0 1280.0 s -1392.501343
1280.0 1335.0 t -902.298157
1335.0 1575.0 oc -2942.258057
1575.0 1610.0 l -478.565521
1610.0 1625.0 ssil -248.941971
1625.0 1640.0 ssil -219.976318 GERAAPT
1640.0 1655.0 gc -204.474152
1655.0 1710.0 @ -685.528320
1710.0 1725.0 r -172.572342
1725.0 1740.0 a -178.469513
1740.0 1760.0 p -233.863815
1760.0 2715.0 ssil -10957.258789
2715.0 2955.0 ssil -2756.943115 TOVEREN
2955.0 3000.0 t -685.891357
3000.0 3190.0 o -2282.769775
3190.0 3235.0 f -655.034180
3235.0 3250.0 @ -184.187347
3250.0 3415.0 r -1851.135864
3415.0 3430.0 @ -213.614075
3430.0 3615.0 n -2153.651367
3615.0 5245.0 ssil -19254.978516
5245.0 6840.0 ssil -18629.183594 IJS
6840.0 7035.0 ei -2396.813721
7035.0 7315.0 s -3680.648438
7315.0 8525.0001 ssil -13841.311523
8525.0 8725.0 ssil -2406.300049 VERKEERD
8725.0 8795.0 f -918.553772
8795.0 8905.0 @ -1502.728638
8905.0 8965.0 k -873.437622
8965.0 9125.0 e -1745.521362
9125.0 9285.0 r -2161.783936
9285.0 9400.0 t -1546.674683
9400.0 10030.0 ssil -7012.529297
.
