#!MLF!#
"/net/aistaff/aki/_same-utterance/wav/08/Limburg/3594-1449684004-541523.rec"
0.0 15.0 ssil -153.008530 PISTOOL
15.0 30.0 p -190.105972
30.0 730.0 @ -6006.336426
730.0 745.0 s -279.299072
745.0 760.0 t -227.488190
760.0 775.0 @ -185.393433
775.0 790.0 l -196.766693
790.0 2214.9999 ssil -17706.144531
2215.0 4885.0001 ssil -30583.027344 GERAAPT
4885.0001 4910.0001 gc -338.934845
4910.0001 5060.0001 @ -1844.668213
5060.0001 5125.0001 r -868.414917
5125.0001 5395.0001 a -3004.492432
5395.0001 5410.0001 p -199.280014
5410.0001 5590.0001 ssil -2268.441650
5590.0 6905.0001 ssil -14370.167969 TOVEREN
6905.0001 6945.0001 t -669.790527
6945.0001 7140.0 o -2235.514160
7140.0 7180.0 f -528.563721
7180.0 7205.0 @ -310.446808
7205.0 7265.0 r -696.443970
7265.0 7385.0 @ -1326.222046
7385.0 7555.0 n -1821.542847
7555.0 8780.0001 ssil -13661.792969
8780.0 8975.0 ssil -2315.304932 IJS
8975.0 9030.0 ei -698.651733
9030.0 9055.0 s -327.984497
9055.0 9075.0 ssil -249.465714
9075.0 9260.0 ssil -2447.898682 VERKEERD
9260.0 9280.0 v -319.796112
9280.0 9655.0 @ -4328.449219
9655.0 9700.0 k -623.310181
9700.0 9715.0 e -205.588120
9715.0 9830.0 r -1313.786621
9830.0 9985.0 ssil -1680.368042
.
