#!MLF!#
"/net/aistaff/aki/_same-utterance/wav/08/Limburg/3733-1455230642-1427254.rec"
0.0 15.0 ssil -154.989594 PISTOOL
15.0 30.0 p -193.802872
30.0 45.0 @ -163.665634
45.0 60.0 s -228.033356
60.0 75.0 t -205.911469
75.0 305.0 o -1938.414795
305.0 325.0 l -263.332336
325.0 345.0 ssil -296.765381
345.0 815.0 ssil -5627.928223 GERAAPT
815.0 865.0 gc -677.231079
865.0 985.0 @ -1488.823364
985.0 1010.0 r -341.704987
1010.0 1280.0 a -2881.416504
1280.0 1310.0 p -464.393097
1310.0 1380.0 t -966.598145
1380.0 5225.0 ssil -46228.273438
5225.0 6960.0 ssil -20500.445312 TOVEREN
6960.0 7025.0 t -875.695374
7025.0 7385.0 oc -4195.654297
7385.0 7400.0 f -228.183151
7400.0 7445.0 @ -506.551117
7445.0 7465.0 r -234.915161
7465.0 7490.0 @ -287.561310
7490.0 7695.0 ssil -2249.888428
7695.0 7740.0 ssil -528.729126 IJS
7740.0 7755.0 ei -186.876419
7755.0 7770.0 s -211.560699
7770.0 8170.0 ssil -4411.843750
8170.0 8750.0 ssil -6575.483398 VERKEERD
8750.0 8775.0 v -381.558380
8775.0 8965.0 @ -2626.762939
8965.0 9370.0 r -4746.663086
9370.0 9385.0 k -218.370972
9385.0 9400.0 e -194.143997
9400.0 9435.0 r -383.485535
9435.0 9890.0 ssil -4959.040039
.
