#!MLF!#
"/net/aistaff/aki/_same-utterance/wav/08/Limburg/4777-1451515680-829793.rec"
0.0 2599.9999 ssil -31416.119141 PISTOOL
2599.9999 2644.9999 p -613.443787
2644.9999 2729.9999 i -1125.306396
2729.9999 2849.9999 s -1596.854370
2849.9999 2899.9999 t -750.177979
2899.9999 3144.9999 o -2815.606689
3144.9999 3354.9999 l -2736.640869
3354.9999 5119.9999 ssil -21753.181641
5120.0 6645.0 ssil -18471.109375 GERAAPT
6645.0 6765.0 gc -1646.035889
6765.0 6870.0 r -1269.973267
6870.0 7170.0 a -3516.393555
7170.0 7185.0 p -255.120010
7185.0 7365.0 t -2515.632324
7365.0 8210.0 ssil -10067.752930
8210.0 8745.0 ssil -6762.280762 TOVEREN
8745.0 8800.0 t -805.289124
8800.0 9015.0 o -2604.799561
9015.0 9030.0 f -234.066238
9030.0 9045.0 @ -203.182220
9045.0 9210.0 r -2253.391602
9210.0 9325.0 @ -1503.670410
9325.0 9340.0 ssil -197.899399
9340.0 9355.0 ssil -189.275330 IJS
9355.0 9385.0 ei -348.257355
9385.0 9400.0 s -231.566574
9400.0 9425.0 ssil -315.827179
9425.0 9650.0 ssil -2500.098389 VERKEERD
9650.0 9670.0 v -232.363846
9670.0 9685.0 k -198.417725
9685.0 9700.0 e -181.336319
9700.0 9715.0 r -163.344849
9715.0 10030.0 ssil -3372.393311
.
