#!MLF!#
"/net/aistaff/aki/_same-utterance/wav/08/Limburg/4782-1451328565-806199.rec"
0.0 935.0 ssil -11540.060547 PISTOOL
935.0 950.0 p -197.056824
950.0 1000.0 @ -586.877258
1000.0 1015.0 s -209.633194
1015.0 1085.0 t -966.380554
1085.0 1285.0 o -2600.007324
1285.0 1745.0 l -6024.721680
1745.0 2515.0 ssil -8598.974609
2515.0 3085.0 ssil -6737.435059 GERAAPT
3085.0 3100.0 x -263.560028
3100.0 3115.0 r -221.190613
3115.0 3345.0 a -2945.483154
3345.0 3360.0 p -233.322433
3360.0 3670.0 t -3913.943359
3670.0 5085.0 ssil -16501.599609
5085.0 5160.0 ssil -1047.945557 TOVEREN
5160.0 5230.0 t -1070.143066
5230.0 5520.0 o -3168.919922
5520.0 5535.0 f -246.018921
5535.0 5550.0 @ -231.103378
5550.0 5565.0 r -201.226242
5565.0 5595.0 @ -353.382660
5595.0 6940.0 ssil -15013.514648
6940.0 7040.0 ssil -1377.446167 IJS
7040.0 7490.0 ei -5318.332031
7490.0 7505.0 s -246.504501
7505.0 7605.0 ssil -1434.977783
7605.0 8955.0 ssil -15431.862305 VERKEERD
8955.0 9005.0 f -693.400635
9005.0 9220.0 r -2895.260742
9220.0 9255.0 k -522.178711
9255.0 9455.0 e -2117.204102
9455.0 9535.0 r -1145.789795
9535.0 9575.0 t -541.238342
9575.0 10030.0 ssil -5602.952148
.
