#!MLF!#
"/net/aistaff/aki/_same-utterance/wav/08/Limburg/4858-1451780158-842020.rec"
0.0 15.0 ssil -142.079056 PISTOOL
15.0 30.0 p -179.385941
30.0 330.0 @ -2431.673096
330.0 345.0 s -244.013519
345.0 360.0 t -245.967636
360.0 495.0 @ -1757.676758
495.0 615.0 l -1467.278076
615.0 1305.0 ssil -7644.396484
1305.0 1340.0 ssil -404.302673 GERAAPT
1340.0 1360.0 gc -248.813812
1360.0 1445.0 @ -1041.454224
1445.0 1630.0 r -2354.638672
1630.0 1935.0 a -3738.175293
1935.0 1955.0 p -278.535614
1955.0 3320.0 ssil -16340.529297
3320.0 4790.0 ssil -16228.086914 TOVEREN
4790.0 4815.0 t -411.806030
4815.0 5030.0 o -2407.291260
5030.0 5045.0 f -235.713577
5045.0 5060.0 @ -176.430832
5060.0 5075.0 r -183.189316
5075.0 5090.0 @ -176.529068
5090.0 5455.0 n -3856.311279
5455.0 5515.0 ssil -710.563904
5515.0 6795.0 ssil -14244.452148 IJS
6795.0 7145.0 ei -4251.970215
7145.0 7160.0 s -219.573608
7160.0 8985.0 ssil -20713.308594
8985.0 9020.0 ssil -459.728241 VERKEERD
9020.0 9055.0 v -518.276001
9055.0 9305.0 @ -3143.226318
9305.0 9320.0 k -194.988800
9320.0 9375.0 e -631.776245
9375.0 9390.0 r -178.862518
9390.0 10080.0 ssil -7478.103516
.
