#!MLF!#
"/net/aistaff/aki/_same-utterance/wav/08/Limburg/5194-1453540085-921576.rec"
0.0 330.0 ssil -2938.008545 PISTOOL
330.0 355.0 p -357.443878
355.0 370.0 s -203.319046
370.0 385.0 t -175.192535
385.0 400.0 @ -182.441513
400.0 415.0 l -192.601456
415.0 505.0 ssil -1142.131714
505.0 630.0 ssil -1420.287842 GERAAPT
630.0 710.0 gc -1119.099854
710.0 765.0 @ -764.235352
765.0 915.0 r -2088.586182
915.0 1200.0 a -3506.944824
1200.0 1220.0 p -324.245728
1220.0 1280.0 t -909.614319
1280.0 3255.0 ssil -23338.998047
3255.0 4700.0001 ssil -16844.464844 TOVEREN
4700.0001 4760.0001 t -873.114868
4760.0001 5105.0 o -4051.955322
5105.0 5120.0 f -232.481369
5120.0 5170.0001 @ -599.648254
5170.0001 5185.0 r -198.474121
5185.0 5255.0001 @ -822.570129
5255.0001 6355.0001 ssil -12200.749023
6355.0 6620.0 ssil -3215.867920 IJS
6620.0 6860.0 ei -3253.156982
6860.0 6875.0 s -207.828384
6875.0 6980.0 ssil -1401.283325
6980.0 8560.0 ssil -17757.556641 VERKEERD
8560.0 8590.0 f -468.336304
8590.0 8765.0 r -2396.140137
8765.0 8805.0 k -570.951965
8805.0 8930.0 e -1402.573975
8930.0 9100.0 r -2254.739258
9100.0 9730.0 ssil -7406.165039
.
