#!MLF!#
"/net/aistaff/aki/_same-utterance/wav/08/Limburg/5476-1454012015-1007132.rec"
0.0 940.0 ssil -11586.444336 PISTOOL
940.0 975.0 p -479.152893
975.0 1060.0 i -1165.666016
1060.0 1135.0 s -967.531372
1135.0 1195.0 t -793.167725
1195.0 1475.0 o -2950.953125
1475.0 1605.0 l -1505.030640
1605.0 1620.0 ssil -178.257050
1620.0 1635.0 ssil -184.226196 GERAAPT
1635.0 1650.0 gc -193.030609
1650.0 1695.0 @ -505.201538
1695.0 1710.0 r -199.278595
1710.0 1725.0 a -205.523895
1725.0 1740.0 p -196.818756
1740.0 1895.0 ssil -1772.933472
1895.0 2790.0 ssil -10794.501953 TOVEREN
2790.0 2815.0 t -335.963013
2815.0 2900.0 f -1088.829590
2900.0 2970.0 @ -969.453796
2970.0 3025.0 r -731.997620
3025.0 3050.0 @ -373.177307
3050.0 3340.0 n -3654.259033
3340.0 3535.0 ssil -2800.507812
3535.0 4719.9999 ssil -13776.598633 IJS
4719.9999 4954.9999 ei -2800.490723
4954.9999 5239.9999 s -3673.350342
5239.9999 6129.9999 ssil -10099.862305
6130.0 6555.0 ssil -4640.125000 VERKEERD
6555.0 6575.0 v -245.730606
6575.0 6715.0 k -1802.120605
6715.0 6730.0 e -182.054367
6730.0 7205.0 r -5513.981445
7205.0 7340.0 t -1811.598877
7340.0 10030.0001 ssil -31810.945312
.
