#!MLF!#
"/net/aistaff/aki/_same-utterance/wav/08/Limburg/5728-1454060952-1070211.rec"
0.0 935.0 ssil -10930.217773 PISTOOL
935.0 990.0 p -792.063416
990.0 1020.0 @ -435.119293
1020.0 1170.0 s -2042.429688
1170.0 1225.0 t -870.045044
1225.0 1465.0 o -3126.163818
1465.0 1615.0 l -1720.527832
1615.0 3205.0 ssil -20092.521484
3205.0 4555.0 ssil -16095.785156 GERAAPT
4555.0 4595.0 gc -521.744873
4595.0 4620.0 @ -347.126404
4620.0 4865.0 r -3279.089844
4865.0 4880.0 a -228.433334
4880.0 4895.0 p -211.481339
4895.0 5105.0 t -2474.088135
5105.0 7065.0001 ssil -23713.328125
7065.0 8655.0 ssil -18167.996094 TOVEREN
8655.0 8695.0 t -627.483337
8695.0 8885.0 o -2331.479492
8885.0 8905.0 f -309.492218
8905.0 8920.0 @ -216.243790
8920.0 9040.0 r -1620.108276
9040.0 9060.0 @ -293.095154
9060.0 9225.0 n -2018.878784
9225.0 9270.0 ssil -578.302734
9270.0 9320.0 ssil -588.710815 IJS
9320.0 9335.0 ei -185.912094
9335.0 9350.0 s -217.866257
9350.0 9785.0 ssil -5039.350586
9785.0 9865.0 ssil -1267.918213 VERKEERD
9865.0 9880.0 v -195.938644
9880.0 9920.0 k -587.608765
9920.0 9935.0 e -222.097473
9935.0 9950.0 r -195.357285
9950.0 10030.0 ssil -929.470093
.
