#!MLF!#
"/net/aistaff/aki/_same-utterance/wav/08/Limburg/6705-1454271980-1199473.rec"
0.0 330.0 ssil -3069.770508 PISTOOL
330.0 635.0 p -3602.557861
635.0 695.0 i -822.769653
695.0 750.0 s -687.350281
750.0 895.0 t -1902.301636
895.0 1110.0 o -2392.505859
1110.0 1125.0 l -214.829300
1125.0 1140.0 ssil -220.452942
1140.0 1155.0 ssil -212.173050 GERAAPT
1155.0 1170.0 gc -216.189453
1170.0 2505.0 @ -14834.180664
2505.0 2795.0 r -3981.111572
2795.0 3050.0 a -3202.629395
3050.0 3065.0 p -236.038834
3065.0 5140.0001 ssil -25270.498047
5140.0 6615.0 ssil -16561.416016 TOVEREN
6615.0 6700.0 t -1223.524658
6700.0 6840.0 o -1869.189331
6840.0 6875.0 f -467.746674
6875.0 6905.0 @ -404.533630
6905.0 6960.0 r -714.377869
6960.0 7290.0 @ -3928.736816
7290.0 7585.0 ssil -3169.793945
7585.0 7975.0 ssil -4132.317383 IJS
7975.0 7990.0 ei -192.789200
7990.0 8005.0 s -219.005142
8005.0 8080.0 ssil -802.992004
8080.0 8535.0 ssil -5169.937500 VERKEERD
8535.0 8555.0 v -260.492188
8555.0 8615.0 k -1022.782654
8615.0 8740.0 e -1593.592163
8740.0 8755.0 r -247.251358
8755.0 8810.0 t -761.640625
8810.0 9890.0001 ssil -12446.038086
.
