#!MLF!#
"/net/aistaff/aki/_same-utterance/wav/08/Limburg/6969-1455101861-1410462.rec"
0.0 610.0 ssil -6789.904785 PISTOOL
610.0 710.0 p -1237.807739
710.0 770.0 i -799.259155
770.0 865.0 s -1344.864380
865.0 915.0 t -741.017395
915.0 1195.0 oc -3689.305664
1195.0 1375.0 l -2188.922119
1375.0 2030.0 ssil -7270.824707
2030.0 2225.0 ssil -2172.189697 GERAAPT
2225.0 2240.0 x -209.941315
2240.0 2255.0 r -187.844681
2255.0 2270.0 a -161.637741
2270.0 2285.0 p -179.342209
2285.0 2500.0 ssil -2419.359863
2500.0 2520.0 ssil -269.342346 TOVEREN
2520.0 2545.0 t -446.748108
2545.0 2740.0 o -2316.833252
2740.0 2780.0 f -526.786560
2780.0 2820.0 @ -495.726837
2820.0 2890.0 r -822.955505
2890.0 2925.0 @ -436.668732
2925.0 3105.0 n -2182.956787
3105.0 4235.0 ssil -12893.999023
4235.0 4470.0 ssil -3262.405518 IJS
4470.0 4650.0 ei -2349.204834
4650.0 4915.0 s -3394.263184
4915.0 6880.0 ssil -23136.791016
6880.0 8360.0 ssil -16925.736328 VERKEERD
8360.0 8375.0 v -198.522507
8375.0 8515.0 k -1878.180054
8515.0 8530.0 e -211.700211
8530.0 8935.0 r -5370.099609
8935.0 9060.0 t -1730.396606
9060.0 9705.0 ssil -7439.276367
.
