#!MLF!#
"/net/aistaff/aki/_same-utterance/wav/08/Limburg/7017-1457956593-1641475.rec"
0.0 15.0 ssil -142.863983 PISTOOL
15.0 30.0 p -179.691849
30.0 535.0 @ -4286.765137
535.0 550.0 s -277.423645
550.0 565.0 t -230.712250
565.0 580.0 @ -170.861481
580.0 595.0 l -179.930573
595.0 800.0 ssil -2368.847168
800.0 830.0 ssil -428.940979 GERAAPT
830.0 870.0 gc -537.629639
870.0 995.0 @ -1434.260864
995.0 1030.0 r -469.378906
1030.0 1310.0 a -3549.545166
1310.0 1405.0 p -1416.380981
1405.0 1475.0 t -978.674377
1475.0 2415.0 ssil -10473.593750
2415.0 2735.0 ssil -3693.270020 TOVEREN
2735.0 2765.0 t -466.377747
2765.0 3295.0 o -7148.678711
3295.0 3310.0 f -274.979462
3310.0 3390.0 @ -944.766235
3390.0 3410.0 r -246.909348
3410.0 3455.0 @ -506.831665
3455.0 4749.9999 ssil -16276.735352
4750.0 4880.0 ssil -2102.684814 IJS
4880.0 5215.0 ei -4588.800293
5215.0 5260.0 s -690.013916
5260.0 7395.0 ssil -26738.765625
7395.0 8665.0 ssil -14719.511719 VERKEERD
8665.0 8695.0 f -427.056763
8695.0 8785.0 r -1101.190552
8785.0 8800.0 k -250.923294
8800.0 8910.0 e -1376.404541
8910.0 8950.0 r -609.290894
8950.0 9130.0 t -2392.113037
9130.0 9845.0 ssil -8633.873047
.
