#!MLF!#
"/net/aistaff/aki/_same-utterance/wav/08/Limburg/7202-1454614158-1335082.rec"
0.0 160.0 ssil -1844.612915 PISTOOL
160.0 200.0 p -541.292725
200.0 875.0 @ -8038.183105
875.0 895.0 s -296.097565
895.0 995.0 t -1511.119385
995.0 1210.0 o -2358.347900
1210.0 1590.0 l -4330.926758
1590.0 1605.0 ssil -185.444778
1605.0 1620.0 ssil -185.142258 GERAAPT
1620.0 1635.0 gc -214.750595
1635.0 2060.0 @ -4761.103027
2060.0 2100.0 r -523.402832
2100.0 2155.0 a -672.614197
2155.0 2175.0 p -287.269531
2175.0 2525.0 ssil -4666.007812
2525.0 2735.0 ssil -2786.306152 TOVEREN
2735.0 2885.0 t -2148.595459
2885.0 3235.0 oc -4464.710449
3235.0 3250.0 f -210.807617
3250.0 3270.0 @ -255.129120
3270.0 3295.0 r -336.719513
3295.0 3325.0 @ -375.846497
3325.0 3835.0 n -6464.114746
3835.0 4200.0 ssil -4542.657715
4200.0 4740.0 ssil -7189.979980 IJS
4740.0 4940.0 ei -2462.615234
4940.0 5270.0 s -4228.831543
5270.0 5660.0 ssil -4383.384766
5660.0 6695.0 ssil -12456.435547 VERKEERD
6695.0 6725.0 f -445.786011
6725.0 6845.0 @ -1199.103027
6845.0 7280.0 r -5563.185547
7280.0 7305.0 k -357.185760
7305.0 7320.0 e -241.149689
7320.0 7550.0 r -2908.634277
7550.0 10030.0 ssil -31847.615234
.
