#!MLF!#
"/net/aistaff/aki/_same-utterance/wav/08/Limburg/8295-1457977215-1605512.rec"
0.0 70.0 ssil -782.287415 PISTOOL
70.0 85.0 p -214.721802
85.0 100.0 s -194.695755
100.0 115.0 t -182.131592
115.0 130.0 @ -179.212570
130.0 145.0 l -199.370010
145.0 450.0 ssil -3485.620850
450.0 605.0 ssil -1912.208496 GERAAPT
605.0 770.0 gc -2114.073486
770.0 990.0 r -2785.455078
990.0 1325.0 a -4063.513184
1325.0 1360.0 p -522.339417
1360.0 1545.0 t -2628.399170
1545.0 1990.0 ssil -4957.791504
1990.0 2665.0 ssil -7547.812012 TOVEREN
2665.0 2715.0 t -702.075317
2715.0 2930.0 o -2666.726318
2930.0 2945.0 f -229.936050
2945.0 2975.0 @ -347.778564
2975.0 3050.0 r -942.665588
3050.0 3170.0 @ -1435.872192
3170.0 3385.0 n -2279.488770
3385.0 5120.0 ssil -21252.361328
5120.0 6685.0001 ssil -18824.328125 IJS
6685.0001 6925.0001 ei -2858.834717
6925.0001 7195.0001 s -3625.045166
7195.0001 8790.0001 ssil -18402.777344
8790.0 8955.0 ssil -2348.436523 VERKEERD
8955.0 8975.0 f -352.766663
8975.0 9080.0 @ -1582.408081
9080.0 9330.0 r -3521.904297
9330.0 9345.0 k -210.916885
9345.0 9370.0 e -314.467224
9370.0 9395.0 r -297.035767
9395.0 9890.0 ssil -5489.408203
.
