#!MLF!#
"/net/aistaff/aki/_same-utterance/wav/08/Limburg/8595-1457962814-1646428.rec"
0.0 2665.0 ssil -33134.128906 PISTOOL
2665.0 2690.0 p -366.539581
2690.0 2790.0 i -1457.442749
2790.0 2895.0 s -1503.780762
2895.0 2955.0 t -979.876831
2955.0 3245.0 o -3814.341797
3245.0 3270.0 l -369.671478
3270.0 3355.0 ssil -1048.346680
3355.0 3860.0 ssil -5830.557129 GERAAPT
3860.0 3885.0 gc -354.153534
3885.0 3900.0 r -182.313675
3900.0 3920.0 a -246.254105
3920.0 3935.0 p -208.870056
3935.0 4095.0 ssil -1811.751099
4095.0 4680.0 ssil -6528.705078 TOVEREN
4680.0 4725.0 t -696.292297
4725.0 4905.0 o -2384.723877
4905.0 4980.0 f -1011.331177
4980.0 5045.0 @ -967.233093
5045.0 5175.0 r -1698.036255
5175.0 5190.0 @ -209.829361
5190.0 5485.0 n -3653.112061
5485.0 6560.0 ssil -12317.431641
6560.0 6755.0 ssil -2771.414795 IJS
6755.0 6935.0 ei -2333.969238
6935.0 6950.0 s -304.102814
6950.0 7085.0 ssil -2034.111938
7085.0 8550.0 ssil -17035.792969 VERKEERD
8550.0 8610.0 f -943.158081
8610.0 8720.0 r -1691.638062
8720.0 8735.0 k -284.750732
8735.0 8855.0 e -1760.150513
8855.0 8870.0 r -234.245667
8870.0 9090.0 t -2962.855469
9090.0 10030.0 ssil -10340.323242
.
