#!MLF!#
"/net/aistaff/aki/_same-utterance/wav/08/Limburg/9109-1459941713-1744627.rec"
0.0 175.0 ssil -1657.644165 PISTOOL
175.0 190.0 p -220.936218
190.0 210.0 s -286.418274
210.0 225.0 t -226.793900
225.0 240.0 @ -204.254456
240.0 255.0 l -192.577316
255.0 735.0 ssil -5835.317871
735.0 885.0 ssil -1781.042603 GERAAPT
885.0 940.0 gc -820.423096
940.0 1320.0 @ -5144.045410
1320.0 1510.0 r -2598.405273
1510.0 1525.0 a -217.688049
1525.0 1540.0 p -223.877213
1540.0 1670.0 t -1710.611084
1670.0 2330.0 ssil -8023.996582
2330.0 2715.0 ssil -4459.922852 TOVEREN
2715.0 2760.0 t -722.143494
2760.0 2940.0 o -2294.628174
2940.0 2975.0 f -477.411438
2975.0 3005.0 @ -394.841278
3005.0 3090.0 r -1089.635132
3090.0 3110.0 @ -245.140076
3110.0 3415.0 n -3558.513916
3415.0 5120.0 ssil -20403.035156
5120.0 5280.0 ssil -2288.506104 IJS
5280.0 5395.0 ei -1266.379517
5395.0 5410.0 s -203.946991
5410.0 5775.0 ssil -4284.739258
5775.0 6640.0 ssil -9667.849609 VERKEERD
6640.0 6660.0 v -272.200653
6660.0 6795.0 k -1826.400757
6795.0 6815.0 e -294.140411
6815.0 7320.0 r -6306.482910
7320.0 7435.0 t -1560.966919
7435.0 10030.0 ssil -30392.357422
.
