#!MLF!#
"/net/aistaff/aki/_same-utterance/wav/08/Limburg/9111-1460037295-1748591.rec"
0.0 355.0 ssil -4149.002441 PISTOOL
355.0 495.0 p -1774.195190
495.0 730.0 @ -2882.458252
730.0 980.0 s -3591.789551
980.0 1290.0 t -4246.789062
1290.0 1500.0 o -2514.069336
1500.0 1865.0 l -4405.925781
1865.0 2955.0 ssil -13195.840820
2955.0 3070.0 ssil -1671.261475 GERAAPT
3070.0 3105.0 x -545.873718
3105.0 3300.0 @ -2297.006348
3300.0 3410.0 r -1475.260132
3410.0 3425.0 a -225.957581
3425.0 3455.0 p -435.491333
3455.0 3505.0 t -697.590881
3505.0 4564.9999 ssil -13106.624023
4565.0 5000.0 ssil -5438.083008 TOVEREN
5000.0 5180.0 t -2364.942383
5180.0 5480.0 o -3401.497803
5480.0 5495.0 f -235.660599
5495.0 5550.0 @ -663.071655
5550.0 5570.0 r -269.055756
5570.0 5675.0 @ -1154.577881
5675.0 6630.0 ssil -11710.558594
6630.0 7025.0 ssil -5419.160156 IJS
7025.0 7245.0 ei -2695.832764
7245.0 7565.0 s -4077.345459
7565.0 8680.0 ssil -13068.054688
8680.0 8860.0 ssil -2101.883789 VERKEERD
8860.0 8880.0 v -239.216187
8880.0 8900.0 @ -227.946091
8900.0 8970.0 r -847.453247
8970.0 9080.0 k -1436.934692
9080.0 9100.0 e -237.754990
9100.0 9545.0 r -5499.362793
9545.0 9645.0 t -1336.518555
9645.0 10195.0 ssil -6351.929688
.
