#!MLF!#
"/net/aistaff/aki/_same-utterance/wav/08/Limburg/9122-1459856216-1733019.rec"
0.0 15.0 ssil -151.892227 PISTOOL
15.0 30.0 p -189.770309
30.0 325.0 @ -2561.245850
325.0 340.0 s -245.127884
340.0 355.0 t -205.164352
355.0 370.0 @ -189.788605
370.0 385.0 l -210.083267
385.0 640.0 ssil -2918.094971
640.0 740.0 ssil -1149.883667 GERAAPT
740.0 865.0 gc -1800.380737
865.0 1170.0 r -4318.622559
1170.0 1245.0 a -942.579956
1245.0 1260.0 p -258.123169
1260.0 1360.0 t -1298.075317
1360.0 3295.0 ssil -22793.046875
3295.0 4790.0 ssil -17808.763672 TOVEREN
4790.0 5015.0 t -3330.788086
5015.0 5285.0 o -3223.170166
5285.0 5300.0 f -246.952835
5300.0 5325.0 @ -320.603577
5325.0 5370.0 r -740.252136
5370.0 5385.0 @ -271.285156
5385.0 6090.0 n -10139.000000
6090.0 6365.0 ssil -3153.673828
6365.0 6790.0 ssil -4945.397949 IJS
6790.0 7030.0 ei -3032.345459
7030.0 7305.0 s -3411.885010
7305.0 7955.0 ssil -7168.560547
7955.0 8725.0 ssil -8775.403320 VERKEERD
8725.0 8740.0 v -278.435608
8740.0 8825.0 @ -1300.929199
8825.0 8890.0 r -940.488647
8890.0 8910.0 k -270.338654
8910.0 8925.0 e -199.896301
8925.0 9260.0 r -4340.014648
9260.0 9435.0 t -2580.445068
9435.0 10055.0 ssil -8859.268555
.
