#!MLF!#
"/net/aistaff/aki/_same-utterance/wav/08/Limburg/9161-1459956207-1745701.rec"
0.0 660.0 ssil -8041.147461 PISTOOL
660.0 750.0 p -1041.099976
750.0 765.0 @ -203.513351
765.0 780.0 s -242.824585
780.0 820.0 t -585.796326
820.0 1015.0 o -2265.665039
1015.0 1030.0 l -243.076675
1030.0 1045.0 ssil -220.099854
1045.0 1060.0 ssil -193.488037 GERAAPT
1060.0 1105.0 gc -611.965088
1105.0 1135.0 @ -405.314636
1135.0 1420.0 r -3842.924805
1420.0 1440.0 a -226.049362
1440.0 1455.0 p -175.640869
1455.0 2625.0 ssil -13595.696289
2625.0 2795.0 ssil -2308.528320 TOVEREN
2795.0 2875.0 t -1148.894287
2875.0 3030.0 o -2030.747681
3030.0 3045.0 f -308.244751
3045.0 3125.0 @ -975.140503
3125.0 3145.0 r -253.933716
3145.0 3275.0 @ -1558.672852
3275.0 4915.0 ssil -19626.988281
4915.0 6490.0 ssil -18555.269531 IJS
6490.0 6700.0 ei -2717.885498
6700.0 6975.0 s -3284.202637
6975.0 8090.0001 ssil -12704.286133
8090.0 8350.0 ssil -2782.401611 VERKEERD
8350.0 8395.0 v -514.814270
8395.0 8545.0 k -2130.263428
8545.0 8565.0 e -261.212128
8565.0 9005.0 r -5611.785645
9005.0 9070.0 t -862.264832
9070.0 9820.0 ssil -9336.148438
.
