#!MLF!#
"/net/aistaff/aki/_same-utterance/wav/08/Limburg/9181-1460142692-1752400.rec"
0.0 15.0 ssil -150.057846 PISTOOL
15.0 30.0 p -186.728012
30.0 745.0 @ -5925.819336
745.0 760.0 s -204.252472
760.0 775.0 t -206.408936
775.0 790.0 @ -218.065613
790.0 805.0 l -217.089142
805.0 825.0 ssil -268.348145
825.0 840.0 ssil -198.054382 GERAAPT
840.0 900.0 gc -857.750183
900.0 955.0 @ -805.945068
955.0 1050.0 r -1271.204712
1050.0 1400.0 a -4621.680664
1400.0 1420.0 p -273.657959
1420.0 1540.0 t -1700.198486
1540.0 2745.0 ssil -13192.623047
2745.0 2865.0 ssil -1357.186890 TOVEREN
2865.0 2910.0 t -717.089050
2910.0 3090.0 o -2442.039307
3090.0 3165.0 f -980.526123
3165.0 3215.0 @ -716.016724
3215.0 3235.0 r -300.505219
3235.0 3265.0 @ -436.032867
3265.0 3710.0 n -5787.297852
3710.0 4370.0 ssil -7128.096680
4370.0 4765.0 ssil -4407.536621 IJS
4765.0 5000.0 ei -3109.588867
5000.0 5290.0 s -4113.651367
5290.0 7399.9999 ssil -25863.615234
7400.0 8760.0 ssil -15201.053711 VERKEERD
8760.0 8815.0 f -774.855103
8815.0 8870.0 r -826.360474
8870.0 9030.0 k -2315.946045
9030.0 9225.0 e -2696.824463
9225.0 9270.0 r -606.705872
9270.0 9445.0 t -2399.259766
9445.0 9915.0 ssil -5440.741211
.
