#!MLF!#
"/net/aistaff/aki/_same-utterance/wav/07/Oost_Overijsel-Gelderland/10895-1464279730-1974103.rec"
0.0 935.0 ssil -11668.389648 NATUURLIJK
935.0 960.0 n -362.527191
960.0 1055.0 a -1205.560059
1055.0 1140.0 t -1207.743774
1140.0 1225.0 y -977.164307
1225.0 1255.0 r -423.525360
1255.0 1305.0 l -721.414795
1305.0 1345.0 @ -554.544556
1345.0 1370.0 k -328.063110
1370.0 1385.0 ssil -198.597031
1385.0 1405.0 ssil -263.625885 GA
1405.0 1490.0 x -1151.314331
1490.0 1615.0 a -1343.014893
1615.0 1630.0 ssil -233.894135
1630.0 1645.0 ssil -232.057526 JE
1645.0 1660.0 j -244.368347
1660.0 1675.0 ssil -188.096008
1675.0 1690.0 ssil -160.918823 VAN
1690.0 1725.0 v -449.798706
1725.0 1740.0 ac -227.824051
1740.0 1770.0 n -387.025299
1770.0 1785.0 ssil -216.932846
1785.0 1800.0 ssil -223.506729 HARD
1800.0 1850.0 h -600.935547
1850.0 1940.0 ac -1031.609863
1940.0 1965.0 r -345.875092
1965.0 1985.0 ssil -296.534790
1985.0 2015.0 ssil -444.812134 WERKEN
2015.0 2070.0 w -727.697571
2070.0 2180.0 ec -1156.876343
2180.0 2225.0 r -597.000366
2225.0 2265.0 k -561.129822
2265.0 2280.0 ssil -210.531601
2280.0 2295.0 ssil -184.579712 HEUS
2295.0 2310.0 h -188.340775
2310.0 2480.0 eu -1848.865234
2480.0 2555.0 s -1058.979980
2555.0 2570.0 ssil -231.655411
2570.0 2605.0 ssil -514.352722 NIET
2605.0 2620.0 n -252.492126
2620.0 2690.0 i -923.209839
2690.0 2715.0 ssil -337.999268
2715.0 2730.0 ssil -215.843735 DOOD
2730.0 2795.0 d -926.248779
2795.0 3015.0 o -2737.187988
3015.0 3085.0 t -945.392395
3085.0 3100.0 ssil -200.471069
3100.0 3120.0 ssil -263.833954 MAAR
3120.0 3150.0 m -372.631317
3150.0 3270.0 a -1316.707153
3270.0 3285.0 ssil -197.746307
3285.0 3300.0 ssil -191.331345 IN
3300.0 3330.0 n -411.135284
3330.0 3345.0 ssil -234.994476
3345.0 3360.0 ssil -225.116638 ANDERE
3360.0 3455.0 ac -1190.672852
3455.0 3515.0 n -687.539001
3515.0 3530.0 d -231.515579
3530.0 3545.0 r -236.325699
3545.0 3565.0 @ -274.125916
3565.0 3580.0 ssil -237.810654
3580.0 3595.0 ssil -218.460098 OPZICHTEN
3595.0 3765.0 oc -2312.220703
3765.0 3780.0 p -213.836578
3780.0 3875.0 s -1218.070435
3875.0 3950.0 ic -1027.210815
3950.0 4010.0 x -761.858704
4010.0 4060.0 t -670.893555
4060.0 4080.0 @ -296.920746
4080.0 4095.0 ssil -196.998871
4095.0 4110.0 ssil -205.007538 IS
4110.0 4125.0 ic -220.602234
4125.0 4180.0 s -768.026184
4180.0 4215.0 ssil -624.349426
4215.0 4235.0 ssil -348.282440 DE
4235.0 4255.0 d -353.151947
4255.0 4290.0 @ -509.513153
4290.0 4315.0 ssil -318.186523
4315.0 4330.0 ssil -204.592636 PRIJS
4330.0 4380.0 p -815.765991
4380.0 4410.0 r -427.734375
4410.0 4570.0 ei -1912.940430
4570.0 4595.0 s -327.579590
4595.0 4610.0 ssil -200.629837
4610.0 4625.0 ssil -234.851669 SOMS
4625.0 4675.0 s -692.004211
4675.0 4700.0 oc -359.589386
4700.0 4760.0 m -745.308105
4760.0 4800.0 s -579.781128
4800.0 4815.0 ssil -232.080887
4815.0 4830.0 ssil -228.995041 HOGER
4830.0 4850.0 h -255.859680
4850.0 5000.0 o -1846.063721
5000.0 5050.0 x -689.464050
5050.0 5105.0 @ -887.558899
5105.0 5140.0 r -580.720703
5140.0 5155.0 ssil -229.011932
5155.0 5170.0 ssil -234.082687 DAN
5170.0 5185.0 d -229.606369
5185.0 5200.0 ac -215.595154
5200.0 5215.0 n -195.762375
5215.0 5230.0 ssil -235.148819
5230.0 5245.0 ssil -229.437439 JE
5245.0 5270.0 j -341.451233
5270.0 5285.0 ssil -207.457535
5285.0 5300.0 ssil -228.781860 DACHT
5300.0 5345.0 d -648.875061
5345.0 5465.0 ac -1444.880615
5465.0 5580.0 x -1522.008789
5580.0 5630.0 t -632.081482
5630.0 5690.0 ssil -730.984070
.
