#!MLF!#
"/net/aistaff/aki/_same-utterance/wav/07/Oost_Overijsel-Gelderland/12145-1466104640-2328620.rec"
0.0 755.0 ssil -8455.249023 NATUURLIJK
755.0 825.0 n -820.677124
825.0 965.0 a -1774.035889
965.0 1015.0 t -656.983765
1015.0 1235.0 y -2854.731689
1235.0 1350.0 @ -1357.505127
1350.0 1370.0 k -274.774170
1370.0 1385.0 ssil -204.329178
1385.0 1400.0 ssil -203.038803 GA
1400.0 1465.0 x -927.728088
1465.0 1505.0 a -501.853638
1505.0 1520.0 ssil -219.657120
1520.0 1535.0 ssil -226.842987 JE
1535.0 1615.0 j -921.830383
1615.0 1630.0 ssil -214.034988
1630.0 1645.0 ssil -184.020447 VAN
1645.0 1710.0 v -802.983643
1710.0 1755.0 ac -545.212891
1755.0 1800.0 n -520.785034
1800.0 1815.0 ssil -222.262604
1815.0 1830.0 ssil -210.498627 HARD
1830.0 1895.0 h -760.846130
1895.0 2030.0 ac -1865.409424
2030.0 2045.0 r -221.926849
2045.0 2060.0 ssil -191.820648
2060.0 2075.0 ssil -168.293488 WERKEN
2075.0 2130.0 w -637.892944
2130.0 2185.0 ec -582.557495
2185.0 2310.0 r -1772.111938
2310.0 2350.0 k -581.277100
2350.0 2380.0 @ -392.621002
2380.0 2495.0 n -1433.189575
2495.0 2510.0 ssil -190.564468
2510.0 2525.0 ssil -183.211884 HEUS
2525.0 2560.0 h -423.748352
2560.0 2710.0 eu -1499.430786
2710.0 2785.0 s -1072.469971
2785.0 2800.0 ssil -221.894699
2800.0 2815.0 ssil -228.444458 NIET
2815.0 2830.0 n -256.549072
2830.0 2915.0 i -1113.749512
2915.0 2930.0 ssil -194.369232
2930.0 2945.0 ssil -203.432510 DOOD
2945.0 3015.0 d -934.366211
3015.0 3220.0 o -2393.670166
3220.0 3255.0 t -528.495605
3255.0 3275.0 ssil -246.127075
3275.0 4005.0 ssil -8479.791992 MAAR
4005.0 4045.0 m -543.676208
4045.0 4160.0 a -1405.177246
4160.0 4210.0 r -703.250366
4210.0 4235.0 ssil -366.044861
4235.0 4260.0 ssil -331.197906 IN
4260.0 4295.0 ic -462.431641
4295.0 4315.0 n -253.196503
4315.0 4340.0 ssil -338.721985
4340.0 4355.0 ssil -286.663055 ANDERE
4355.0 4430.0 ac -1075.280640
4430.0 4515.0 n -1057.026367
4515.0 4550.0 d -538.393616
4550.0 4580.0 r -468.569183
4580.0 4595.0 ssil -263.054535
4595.0 4610.0 ssil -252.392288 OPZICHTEN
4610.0 4825.0 oc -2987.377197
4825.0 4840.0 p -239.871704
4840.0 4935.0 s -1192.498657
4935.0 5035.0 ic -1272.304565
5035.0 5080.0 x -662.024963
5080.0 5155.0 t -1057.391235
5155.0 5215.0 @ -757.370361
5215.0 5365.0 n -1645.832520
5365.0 5405.0 ssil -463.406555
5405.0 5510.0 ssil -1297.767212 IS
5510.0 5575.0 ic -828.055725
5575.0 5595.0 s -287.167694
5595.0 5610.0 ssil -214.531708
5610.0 5625.0 ssil -217.011215 DE
5625.0 5660.0 d -469.208282
5660.0 5770.0 @ -1370.200195
5770.0 5785.0 ssil -206.812775
5785.0 5800.0 ssil -207.501938 PRIJS
5800.0 5830.0 p -469.805298
5830.0 5925.0 r -1246.224365
5925.0 6015.0 ei -1080.552612
6015.0 6185.0 s -2186.383545
6185.0 6200.0 ssil -231.688477
6200.0 6260.0 ssil -793.061401 SOMS
6260.0 6350.0 s -1158.190918
6350.0 6395.0 oc -566.988586
6395.0 6465.0 m -854.897888
6465.0 6515.0 s -677.217896
6515.0 6530.0 ssil -211.462646
6530.0 6545.0 ssil -179.858185 HOGER
6545.0 6585.0 h -532.149536
6585.0 6755.0 o -1878.449463
6755.0 6800.0 gc -619.774048
6800.0 6855.0 r -769.193604
6855.0 6870.0 ssil -227.786972
6870.0 6895.0 ssil -355.107300 DAN
6895.0 6930.0 d -483.629486
6930.0 6990.0 ac -730.866882
6990.0 7005.0 n -241.498520
7005.0 7020.0 ssil -210.707153
7020.0 7035.0 ssil -188.685013 JE
7035.0 7120.0 j -986.959534
7120.0 7145.0 ssil -303.139374
7145.0 7165.0 ssil -296.954285 DACHT
7165.0 7200.0 d -521.997803
7200.0 7270.0 ac -890.925110
7270.0 7430.0 x -2133.251465
7430.0 7500.0 t -894.091980
7500.0 8195.0 ssil -7827.664551
.
