#!MLF!#
"/net/aistaff/aki/_same-utterance/wav/07/Oost_Overijsel-Gelderland/16057-1464364495-2045675.rec"
0.0 460.0 ssil -5418.633789 NATUURLIJK
460.0 480.0 n -314.341187
480.0 555.0 @ -1062.233154
555.0 670.0 t -1621.438721
670.0 750.0 y -1104.726685
750.0 810.0 l -843.578918
810.0 870.0 @ -855.409851
870.0 915.0 k -635.102356
915.0 930.0 ssil -174.697968
930.0 945.0 ssil -171.626251 GA
945.0 995.0 x -689.200500
995.0 1010.0 a -298.416443
1010.0 1025.0 ssil -262.588379
1025.0 1045.0 ssil -315.013947 JE
1045.0 1135.0 j -1078.349731
1135.0 1150.0 ssil -214.678604
1150.0 1165.0 ssil -193.893082 VAN
1165.0 1210.0 v -539.601013
1210.0 1270.0 ac -701.016052
1270.0 1285.0 n -194.947678
1285.0 1300.0 ssil -193.410278
1300.0 1315.0 ssil -189.707428 HARD
1315.0 1330.0 h -192.474472
1330.0 1345.0 ac -214.938919
1345.0 1470.0 r -1731.709839
1470.0 1500.0 t -472.314728
1500.0 1515.0 ssil -205.284882
1515.0 1535.0 ssil -265.109436 WERKEN
1535.0 1555.0 w -271.676117
1555.0 1715.0 ec -2006.982300
1715.0 1735.0 r -264.582489
1735.0 1770.0 k -512.936951
1770.0 1825.0 @ -595.861511
1825.0 1840.0 ssil -191.128342
1840.0 1855.0 ssil -193.769547 HEUS
1855.0 1890.0 h -392.466370
1890.0 2015.0 eu -1304.104248
2015.0 2065.0 s -700.332520
2065.0 2090.0 ssil -385.355133
2090.0 2115.0 ssil -416.473022 NIET
2115.0 2130.0 n -261.110687
2130.0 2195.0 i -719.754944
2195.0 2210.0 ssil -210.542358
2210.0 2225.0 ssil -191.632874 DOOD
2225.0 2315.0 d -1196.456299
2315.0 2510.0 o -2096.104004
2510.0 2620.0 t -1481.761353
2620.0 2655.0 ssil -497.236572
2655.0 3020.0 ssil -4315.275879 MAAR
3020.0 3070.0 m -613.382019
3070.0 3115.0 a -474.558472
3115.0 3130.0 ssil -217.451202
3130.0 3145.0 ssil -235.392731 IN
3145.0 3210.0 n -905.691528
3210.0 3225.0 ssil -236.043823
3225.0 3245.0 ssil -343.663361 ANDERE
3245.0 3320.0 ac -1147.793945
3320.0 3385.0 n -787.560242
3385.0 3410.0 d -406.627472
3410.0 3435.0 @ -332.277435
3435.0 3450.0 r -220.842209
3450.0 3465.0 ssil -231.474045
3465.0 3480.0 ssil -219.451950 OPZICHTEN
3480.0 3680.0 oc -2725.692383
3680.0 3710.0 p -439.016083
3710.0 3815.0 s -1372.328613
3815.0 3915.0 ic -1105.825317
3915.0 4000.0 x -1109.439575
4000.0 4065.0 t -981.931335
4065.0 4195.0 @ -1442.458496
4195.0 4220.0 ssil -298.908783
4220.0 4315.0 ssil -1106.662354 IS
4315.0 4365.0 ic -625.850708
4365.0 4430.0 s -871.723328
4430.0 4445.0 ssil -227.061432
4445.0 4460.0 ssil -227.886398 DE
4460.0 4485.0 d -367.063660
4485.0 4515.0 @ -372.642639
4515.0 4540.0 ssil -330.638306
4540.0 4580.0 ssil -558.463684 PRIJS
4580.0 4620.0 p -566.936829
4620.0 4650.0 r -377.656311
4650.0 4860.0 ei -2296.894775
4860.0 4875.0 s -218.829178
4875.0 4890.0 ssil -194.484131
4890.0 4905.0 ssil -203.007355 SOMS
4905.0 5060.0 s -1768.221436
5060.0 5115.0 oc -660.933533
5115.0 5160.0 m -560.168152
5160.0 5225.0 s -877.312500
5225.0 5240.0 ssil -234.619995
5240.0 5255.0 ssil -228.051331 HOGER
5255.0 5295.0 h -568.279419
5295.0 5410.0 o -1301.018311
5410.0 5495.0 gc -1183.940063
5495.0 5530.0 r -495.460510
5530.0 5545.0 ssil -227.472809
5545.0 5560.0 ssil -253.457153 DAN
5560.0 5590.0 d -486.289673
5590.0 5620.0 ac -390.428619
5620.0 5635.0 n -187.588791
5635.0 5650.0 ssil -175.672806
5650.0 5665.0 ssil -194.088165 JE
5665.0 5755.0 j -1031.052612
5755.0 5770.0 ssil -200.000748
5770.0 5785.0 ssil -200.402740 DACHT
5785.0 5830.0 d -655.162781
5830.0 5935.0 ac -1271.887573
5935.0 6085.0 x -1943.129883
6085.0 6135.0 t -724.937439
6135.0 6360.0 ssil -2975.025146
.
