#!MLF!#
"/net/aistaff/aki/_same-utterance/wav/07/Oost_Overijsel-Gelderland/16501-1464624112-2152007.rec"
0.0 380.0 ssil -4760.475098 NATUURLIJK
380.0 395.0 n -221.318375
395.0 465.0 @ -901.736267
465.0 565.0 t -1386.657471
565.0 630.0 y -818.660095
630.0 660.0 r -396.360657
660.0 700.0 l -486.473724
700.0 755.0 @ -713.013977
755.0 795.0 k -565.720520
795.0 810.0 ssil -234.195236
810.0 825.0 ssil -213.002258 GA
825.0 885.0 x -813.753723
885.0 910.0 a -292.830811
910.0 925.0 ssil -193.663589
925.0 940.0 ssil -194.546768 JE
940.0 1030.0 j -1012.880127
1030.0 1050.0 ssil -255.969345
1050.0 1065.0 ssil -186.513962 VAN
1065.0 1120.0 v -668.281860
1120.0 1135.0 ac -218.037811
1135.0 1175.0 n -511.171844
1175.0 1190.0 ssil -252.715210
1190.0 1205.0 ssil -242.651703 HARD
1205.0 1275.0 h -898.818115
1275.0 1290.0 ac -198.690979
1290.0 1335.0 r -585.382080
1335.0 1385.0 t -684.781433
1385.0 1400.0 ssil -217.385452
1400.0 1420.0 ssil -275.695099 WERKEN
1420.0 1445.0 w -325.486542
1445.0 1545.0 ec -1089.762573
1545.0 1575.0 r -447.037994
1575.0 1635.0 k -797.977966
1635.0 1650.0 ssil -216.915131
1650.0 1665.0 ssil -207.267731 HEUS
1665.0 1680.0 h -186.159622
1680.0 1825.0 eu -1745.455688
1825.0 1850.0 s -396.503784
1850.0 1875.0 ssil -404.103973
1875.0 1925.0 ssil -715.862671 NIET
1925.0 1940.0 n -240.367325
1940.0 2025.0 i -1034.742798
2025.0 2040.0 ssil -212.324142
2040.0 2055.0 ssil -218.801788 DOOD
2055.0 2125.0 d -978.792603
2125.0 2265.0 o -1625.344604
2265.0 2410.0 t -1961.496948
2410.0 2690.0 ssil -3281.349365
2690.0 2790.0 ssil -1269.929932 MAAR
2790.0 2810.0 m -256.678314
2810.0 2905.0 a -1051.854492
2905.0 2920.0 ssil -234.526932
2920.0 2935.0 ssil -231.560150 IN
2935.0 2970.0 n -520.419739
2970.0 2990.0 ssil -304.173798
2990.0 3030.0 ssil -638.121948 ANDERE
3030.0 3105.0 ac -969.224670
3105.0 3190.0 n -918.444092
3190.0 3205.0 d -232.228500
3205.0 3235.0 r -374.572266
3235.0 3250.0 ssil -216.711319
3250.0 3265.0 ssil -210.071762 OPZICHTEN
3265.0 3480.0 oc -2619.444336
3480.0 3545.0 p -960.571228
3545.0 3600.0 s -813.014465
3600.0 3655.0 ic -739.246704
3655.0 3775.0 x -1619.697998
3775.0 3810.0 t -504.681305
3810.0 3890.0 @ -1069.350708
3890.0 3920.0 ssil -465.773499
3920.0 3945.0 ssil -373.894501 IS
3945.0 3990.0 ic -617.999207
3990.0 4105.0 s -1609.424805
4105.0 4120.0 ssil -246.855560
4120.0 4135.0 ssil -225.158340 DE
4135.0 4150.0 d -199.163666
4150.0 4165.0 ssil -204.233109
4165.0 4180.0 ssil -201.980728 PRIJS
4180.0 4235.0 p -823.013916
4235.0 4255.0 r -295.714935
4255.0 4380.0 ei -1327.953369
4380.0 4430.0 s -622.142090
4430.0 4445.0 ssil -229.847641
4445.0 4460.0 ssil -221.713913 SOMS
4460.0 4495.0 s -484.602661
4495.0 4530.0 oc -417.669678
4530.0 4570.0 m -516.912170
4570.0 4585.0 s -251.608627
4585.0 4600.0 ssil -227.140778
4600.0 4615.0 ssil -206.555008 HOGER
4615.0 4670.0 h -737.873352
4670.0 4815.0 o -1666.942017
4815.0 4875.0 gc -887.029419
4875.0 4905.0 r -514.572388
4905.0 4920.0 ssil -247.541382
4920.0 4935.0 ssil -251.571487 DAN
4935.0 4960.0 d -364.357819
4960.0 4975.0 ac -222.351303
4975.0 4990.0 n -215.339035
4990.0 5005.0 ssil -208.761490
5005.0 5020.0 ssil -216.202881 JE
5020.0 5110.0 j -1078.102173
5110.0 5125.0 ssil -252.139633
5125.0 5140.0 ssil -229.008865 DACHT
5140.0 5190.0 d -709.925171
5190.0 5310.0 ac -1337.530273
5310.0 5430.0 x -1683.280029
5430.0 5520.0 t -1368.451660
5520.0 5830.0 ssil -3908.842773
.
