#!MLF!#
"/net/aistaff/aki/_same-utterance/wav/07/Oost_Overijsel-Gelderland/17700-1481234665-2533740.rec"
0.0 1095.0 ssil -12756.926758 NATUURLIJK
1095.0 1110.0 n -234.841629
1110.0 1250.0 @ -1703.535889
1250.0 1310.0 t -848.030029
1310.0 1440.0 y -1408.321045
1440.0 1490.0 r -634.575256
1490.0 1535.0 l -585.650574
1535.0 1605.0 @ -1024.645996
1605.0 1645.0 k -592.237732
1645.0 1670.0 ssil -348.709015
1670.0 1695.0 ssil -345.941193 GA
1695.0 1735.0 x -550.024536
1735.0 1815.0 a -847.043762
1815.0 1830.0 ssil -205.484924
1830.0 1845.0 ssil -197.232422 JE
1845.0 1930.0 j -960.602783
1930.0 1945.0 ssil -207.462524
1945.0 1960.0 ssil -197.545151 VAN
1960.0 2005.0 v -543.908691
2005.0 2065.0 ac -659.506409
2065.0 2085.0 n -239.337463
2085.0 2100.0 ssil -189.009171
2100.0 2115.0 ssil -189.911499 HARD
2115.0 2190.0 h -897.599121
2190.0 2235.0 ac -530.974121
2235.0 2300.0 r -850.628540
2300.0 2375.0 ssil -1130.706665
2375.0 2390.0 ssil -226.406036 WERKEN
2390.0 2450.0 w -702.602722
2450.0 2580.0 ec -1724.329346
2580.0 2630.0 r -667.540466
2630.0 2655.0 k -373.324615
2655.0 2700.0 @ -524.087097
2700.0 2765.0 n -768.439514
2765.0 2780.0 ssil -210.310410
2780.0 2795.0 ssil -193.487656 HEUS
2795.0 2820.0 h -288.904633
2820.0 2960.0 eu -1620.260498
2960.0 2995.0 s -520.065857
2995.0 3010.0 ssil -230.026215
3010.0 3025.0 ssil -207.257507 NIET
3025.0 3040.0 n -222.793732
3040.0 3145.0 i -1372.991699
3145.0 3160.0 ssil -225.213486
3160.0 3175.0 ssil -191.384354 DOOD
3175.0 3270.0 d -1322.540039
3270.0 3475.0 o -2502.832520
3475.0 3570.0 t -1383.495850
3570.0 3595.0 ssil -352.443268
3595.0 4030.0 ssil -5052.441406 MAAR
4030.0 4075.0 m -574.564148
4075.0 4230.0 a -1735.634033
4230.0 4245.0 ssil -228.241577
4245.0 4260.0 ssil -221.224838 IN
4260.0 4320.0 n -779.208557
4320.0 4335.0 ssil -236.830322
4335.0 4350.0 ssil -236.482346 ANDERE
4350.0 4460.0 ac -1320.797119
4460.0 4525.0 n -817.678101
4525.0 4560.0 d -483.181793
4560.0 4580.0 r -269.222748
4580.0 4595.0 ssil -235.404541
4595.0 4610.0 ssil -232.938950 OPZICHTEN
4610.0 4790.0 oc -2136.231934
4790.0 4810.0 p -275.264435
4810.0 4925.0 s -1403.968018
4925.0 5020.0 ic -1175.755493
5020.0 5060.0 x -546.917908
5060.0 5075.0 t -226.910645
5075.0 5090.0 @ -261.036102
5090.0 5120.0 ssil -461.981232
5120.0 5145.0 ssil -380.378479 IS
5145.0 5290.0 ic -1679.002808
5290.0 5365.0 s -1062.955200
5365.0 5380.0 ssil -195.908463
5380.0 5395.0 ssil -232.707397 DE
5395.0 5425.0 d -460.643829
5425.0 5520.0 @ -1205.654053
5520.0 5535.0 ssil -199.744339
5535.0 5550.0 ssil -184.627533 PRIJS
5550.0 5570.0 p -265.401550
5570.0 5605.0 r -445.628204
5605.0 5750.0 ei -1641.564087
5750.0 5775.0 s -367.533783
5775.0 5790.0 ssil -212.359833
5790.0 5805.0 ssil -235.333527 SOMS
5805.0 5870.0 s -827.791382
5870.0 5920.0 oc -581.394226
5920.0 5990.0 m -882.488464
5990.0 6055.0 s -959.471863
6055.0 6070.0 ssil -232.335632
6070.0 6085.0 ssil -209.641617 HOGER
6085.0 6150.0 h -839.309387
6150.0 6405.0 o -3078.394531
6405.0 6425.0 gc -272.181763
6425.0 6500.0 @ -951.952881
6500.0 6515.0 ssil -209.612320
6515.0 6530.0 ssil -212.952377 DAN
6530.0 6575.0 d -648.512085
6575.0 6640.0 ac -693.502014
6640.0 6655.0 n -208.368515
6655.0 6670.0 ssil -203.425995
6670.0 6685.0 ssil -198.433411 JE
6685.0 6835.0 j -1734.329102
6835.0 6850.0 ssil -185.592529
6850.0 6865.0 ssil -202.773468 DACHT
6865.0 6915.0 d -682.116089
6915.0 7040.0 ac -1520.313110
7040.0 7115.0 x -961.750061
7115.0 7295.0 t -2509.427979
7295.0 7430.0 ssil -1755.984619
.
