#!MLF!#
"/net/aistaff/aki/_same-utterance/wav/07/Oost_Overijsel-Gelderland/4444-1450601079-734827.rec"
0.0 15.0 ssil -157.553986 NATUURLIJK
15.0 30.0 n -159.747437
30.0 330.0 a -2643.183105
330.0 350.0 t -291.320953
350.0 365.0 y -214.521515
365.0 390.0 r -325.303070
390.0 435.0 k -683.092651
435.0 795.0 ssil -4508.218262
795.0 1235.0 ssil -6648.674316 GA
1235.0 1360.0 x -1841.772217
1360.0 1385.0 a -348.251160
1385.0 1400.0 ssil -210.062378
1400.0 1415.0 ssil -209.590317 JE
1415.0 1480.0 j -729.390015
1480.0 1495.0 @ -181.712677
1495.0 1510.0 ssil -196.140320
1510.0 1525.0 ssil -198.942520 VAN
1525.0 1595.0 v -906.621643
1595.0 1640.0 ac -579.731567
1640.0 1700.0 n -741.424500
1700.0 1715.0 ssil -214.265015
1715.0 1730.0 ssil -215.745178 HARD
1730.0 1755.0 h -347.366455
1755.0 1800.0 ac -588.598572
1800.0 1830.0 r -463.094025
1830.0 1885.0 ssil -768.379333
1885.0 1930.0 ssil -683.516418 WERKEN
1930.0 1960.0 w -373.898987
1960.0 2105.0 ec -1627.858765
2105.0 2125.0 r -283.389221
2125.0 2170.0 k -674.563782
2170.0 2185.0 ssil -256.098541
2185.0 2200.0 ssil -268.984711 HEUS
2200.0 2215.0 h -257.407684
2215.0 2230.0 eu -208.664246
2230.0 2245.0 s -341.702728
2245.0 2260.0 ssil -290.742554
2260.0 2275.0 ssil -234.434982 NIET
2275.0 2290.0 n -202.108032
2290.0 2385.0 i -1200.803955
2385.0 2405.0 ssil -236.082657
2405.0 2420.0 ssil -206.853409 DOOD
2420.0 2485.0 d -855.788696
2485.0 2650.0 o -2054.425537
2650.0 2805.0 t -2096.685791
2805.0 2840.0 ssil -523.004272
2840.0 2900.0 ssil -678.767578 MAAR
2900.0 2950.0 m -617.468018
2950.0 3025.0 a -938.588867
3025.0 3040.0 ssil -234.277588
3040.0 3055.0 ssil -229.180191 IN
3055.0 3100.0 n -626.515137
3100.0 3140.0 ssil -591.317505
3140.0 3165.0 ssil -401.711761 ANDERE
3165.0 3230.0 ac -871.092712
3230.0 3295.0 n -875.586060
3295.0 3325.0 d -455.104034
3325.0 3340.0 r -234.907593
3340.0 3355.0 ssil -233.691315
3355.0 3370.0 ssil -238.989532 OPZICHTEN
3370.0 3500.0 oc -1722.084473
3500.0 3540.0 p -509.160370
3540.0 3645.0 s -1455.132690
3645.0 3735.0 ic -1128.140747
3735.0 3785.0 x -678.247620
3785.0 3845.0 t -824.136353
3845.0 3865.0 @ -311.029297
3865.0 3880.0 ssil -217.126282
3880.0 3895.0 ssil -204.659851 IS
3895.0 4000.0 ic -1417.423218
4000.0 4065.0 s -965.604553
4065.0 4080.0 ssil -212.266083
4080.0 4105.0 ssil -386.904510 DE
4105.0 4145.0 d -573.721741
4145.0 4160.0 ssil -175.182388
4160.0 4185.0 ssil -296.600494 PRIJS
4185.0 4210.0 p -374.620667
4210.0 4260.0 r -805.719543
4260.0 4370.0 ei -1345.108154
4370.0 4385.0 s -244.075272
4385.0 4400.0 ssil -231.764175
4400.0 4415.0 ssil -244.628571 SOMS
4415.0 4465.0 s -728.408813
4465.0 4485.0 oc -293.759918
4485.0 4575.0 m -1276.744141
4575.0 4620.0 s -609.530945
4620.0 4635.0 ssil -224.398819
4635.0 4650.0 ssil -216.756226 HOGER
4650.0 4710.0 h -699.889099
4710.0 4810.0 o -1389.953613
4810.0 4860.0 gc -796.822510
4860.0 4885.0 ssil -450.406952
4885.0 4900.0 ssil -263.068939 DAN
4900.0 4915.0 d -273.870087
4915.0 4930.0 ac -275.569733
4930.0 4960.0 n -441.767303
4960.0 4975.0 ssil -254.548904
4975.0 4995.0 ssil -282.546906 JE
4995.0 5105.0 j -1217.907227
5105.0 5120.0 ssil -220.456360
5120.0 5135.0 ssil -209.222336 DACHT
5135.0 5195.0 d -783.994629
5195.0 5325.0 ac -1494.140137
5325.0 5435.0 x -1475.426758
5435.0 5555.0 t -1595.813843
5555.0 5710.0 ssil -1822.521729
.
