#!MLF!#
"/net/aistaff/aki/_same-utterance/wav/07/Oost_Overijsel-Gelderland/4937-1451770396-840651.rec"
0.0 610.0 ssil -7001.878906 NATUURLIJK
610.0 685.0 n -964.996582
685.0 745.0 t -816.525757
745.0 815.0 y -882.250549
815.0 860.0 l -634.975891
860.0 925.0 @ -906.397766
925.0 955.0 k -467.291382
955.0 970.0 ssil -216.054291
970.0 985.0 ssil -208.080719 GA
985.0 1040.0 x -755.249146
1040.0 1080.0 a -452.579773
1080.0 1095.0 ssil -186.113205
1095.0 1110.0 ssil -189.585922 JE
1110.0 1125.0 j -243.450378
1125.0 1140.0 ssil -209.058319
1140.0 1155.0 ssil -205.360535 VAN
1155.0 1185.0 v -435.915863
1185.0 1215.0 ac -424.392700
1215.0 1230.0 n -205.153076
1230.0 1245.0 ssil -215.288712
1245.0 1260.0 ssil -203.673096 HARD
1260.0 1320.0 h -724.723877
1320.0 1375.0 ac -689.348816
1375.0 1400.0 r -347.744141
1400.0 1415.0 ssil -221.166000
1415.0 1430.0 ssil -203.987396 WERKEN
1430.0 1495.0 w -744.200684
1495.0 1565.0 ec -685.824829
1565.0 1580.0 r -193.171234
1580.0 1595.0 k -219.179611
1595.0 1610.0 ssil -212.081757
1610.0 1625.0 ssil -222.969696 HEUS
1625.0 1640.0 h -217.717239
1640.0 1680.0 eu -589.497437
1680.0 1695.0 s -241.418289
1695.0 1710.0 ssil -216.741425
1710.0 1725.0 ssil -224.104004 NIET
1725.0 1790.0 n -836.781677
1790.0 1885.0 i -1115.772095
1885.0 1900.0 ssil -203.708893
1900.0 1915.0 ssil -205.329941 DOOD
1915.0 1970.0 d -753.300781
1970.0 2180.0 o -2400.450439
2180.0 2270.0 t -1268.124023
2270.0 2640.0 ssil -4289.158691
2640.0 2855.0 ssil -2582.002686 MAAR
2855.0 2875.0 m -275.448395
2875.0 2910.0 a -405.663361
2910.0 2925.0 ssil -203.950211
2925.0 2940.0 ssil -207.952789 IN
2940.0 2980.0 n -489.735840
2980.0 2995.0 ssil -226.123016
2995.0 3010.0 ssil -209.680878 ANDERE
3010.0 3080.0 ac -821.044373
3080.0 3140.0 n -652.947998
3140.0 3155.0 d -212.834961
3155.0 3170.0 r -229.898392
3170.0 3185.0 ssil -251.491592
3185.0 3200.0 ssil -238.035263 OPZICHTEN
3200.0 3340.0 oc -1827.197144
3340.0 3355.0 p -199.283478
3355.0 3465.0 s -1449.316650
3465.0 3560.0 ic -1087.394775
3560.0 3620.0 x -756.008362
3620.0 3635.0 t -203.790009
3635.0 3650.0 @ -240.375244
3650.0 3710.0 ssil -849.894592
3710.0 3725.0 ssil -217.089996 IS
3725.0 3770.0 ic -577.204773
3770.0 3815.0 s -561.433411
3815.0 3830.0 ssil -216.672882
3830.0 3845.0 ssil -229.011139 DE
3845.0 3885.0 d -583.977905
3885.0 3950.0 @ -807.521545
3950.0 3965.0 ssil -180.452072
3965.0 3980.0 ssil -204.246826 PRIJS
3980.0 4045.0 p -906.131592
4045.0 4070.0 r -358.827728
4070.0 4140.0 ei -930.223572
4140.0 4155.0 s -229.024017
4155.0 4170.0 ssil -213.461487
4170.0 4185.0 ssil -199.098618 SOMS
4185.0 4270.0 s -1099.051270
4270.0 4355.0 oc -975.533508
4355.0 4380.0 m -328.383759
4380.0 4420.0 s -529.609436
4420.0 4435.0 ssil -227.325699
4435.0 4450.0 ssil -212.026764 HOGER
4450.0 4485.0 h -430.508087
4485.0 4630.0 o -1570.199585
4630.0 4690.0 gc -812.697266
4690.0 4720.0 @ -382.863953
4720.0 4735.0 ssil -210.733475
4735.0 4750.0 ssil -256.756683 DAN
4750.0 4780.0 d -401.507202
4780.0 4800.0 ac -239.913696
4800.0 4815.0 n -188.884384
4815.0 4830.0 ssil -185.040680
4830.0 4845.0 ssil -172.428543 JE
4845.0 4900.0 j -598.082397
4900.0 4915.0 ssil -206.013916
4915.0 4930.0 ssil -183.528290 DACHT
4930.0 5020.0 d -1095.631714
5020.0 5100.0 ac -898.334412
5100.0 5230.0 x -1629.956543
5230.0 5305.0 t -1043.496094
5305.0 6035.0 ssil -8123.690430
.
