#!MLF!#
"/net/aistaff/aki/_same-utterance/wav/07/Oost_Overijsel-Gelderland/6308-1454423541-1244381.rec"
0.0 730.0 ssil -9007.530273 NATUURLIJK
730.0 870.0 n -1924.788208
870.0 910.0 @ -484.636444
910.0 965.0 t -852.895386
965.0 1055.0 y -1185.441040
1055.0 1145.0 r -1034.390137
1145.0 1230.0 @ -1242.502686
1230.0 1260.0 k -425.017212
1260.0 1275.0 ssil -198.687027
1275.0 1290.0 ssil -188.556534 GA
1290.0 1395.0 x -1386.856323
1395.0 1425.0 a -358.078674
1425.0 1440.0 ssil -197.563095
1440.0 1455.0 ssil -194.632370 JE
1455.0 1595.0 j -1614.655518
1595.0 1610.0 ssil -216.051117
1610.0 1670.0 ssil -698.066528 VAN
1670.0 1710.0 v -534.894836
1710.0 1770.0 ac -729.972046
1770.0 1800.0 n -367.031158
1800.0 1815.0 ssil -232.694992
1815.0 1830.0 ssil -235.632736 HARD
1830.0 1900.0 h -999.229919
1900.0 1925.0 ac -339.934967
1925.0 2035.0 r -1512.012695
2035.0 2090.0 t -784.700378
2090.0 2105.0 ssil -190.964066
2105.0 2120.0 ssil -189.559204 WERKEN
2120.0 2135.0 w -193.294617
2135.0 2245.0 ec -1220.139771
2245.0 2270.0 r -343.748596
2270.0 2285.0 k -237.961960
2285.0 2300.0 ssil -216.322189
2300.0 2315.0 ssil -249.253540 HEUS
2315.0 2330.0 h -252.955963
2330.0 2345.0 eu -220.201813
2345.0 2360.0 s -276.703796
2360.0 2380.0 ssil -327.136108
2380.0 2395.0 ssil -226.432449 NIET
2395.0 2445.0 n -623.802734
2445.0 2565.0 i -1430.946167
2565.0 2580.0 ssil -189.910202
2580.0 2595.0 ssil -187.618668 DOOD
2595.0 2665.0 d -934.377991
2665.0 2805.0 o -1715.632446
2805.0 2950.0 t -2053.897949
2950.0 3290.0 ssil -4024.346436
3290.0 3365.0 ssil -916.604492 MAAR
3365.0 3410.0 m -611.509094
3410.0 3425.0 a -190.220596
3425.0 3440.0 ssil -197.687561
3440.0 3455.0 ssil -192.372330 IN
3455.0 3515.0 ic -708.911743
3515.0 3645.0 n -1778.026489
3645.0 3660.0 ssil -182.885284
3660.0 3675.0 ssil -219.724274 ANDERE
3675.0 3770.0 ac -1223.672119
3770.0 3850.0 n -979.235352
3850.0 3865.0 d -226.683533
3865.0 3910.0 @ -601.997864
3910.0 3945.0 r -534.796204
3945.0 3960.0 ssil -235.714737
3960.0 3975.0 ssil -221.353409 OPZICHTEN
3975.0 4145.0 oc -2127.905029
4145.0 4180.0 p -483.537964
4180.0 4310.0 s -1869.331787
4310.0 4380.0 ic -861.499573
4380.0 4475.0 x -1298.713013
4475.0 4540.0 t -917.130737
4540.0 4615.0 @ -931.090393
4615.0 4650.0 ssil -467.998199
4650.0 4680.0 ssil -423.975861 IS
4680.0 4780.0 ic -1401.865356
4780.0 4910.0 s -1819.961060
4910.0 4925.0 ssil -231.175995
4925.0 4940.0 ssil -213.134415 DE
4940.0 4955.0 d -203.909653
4955.0 4975.0 ssil -235.160751
4975.0 5015.0 ssil -520.992737 PRIJS
5015.0 5085.0 p -1039.463867
5085.0 5130.0 r -612.646606
5130.0 5245.0 ei -1276.677734
5245.0 5265.0 s -274.772064
5265.0 5280.0 ssil -218.653595
5280.0 5295.0 ssil -238.731461 SOMS
5295.0 5375.0 s -1120.933838
5375.0 5420.0 oc -544.664124
5420.0 5485.0 m -841.906006
5485.0 5565.0 s -1181.518188
5565.0 5585.0 ssil -285.178131
5585.0 5610.0 ssil -357.651550 HOGER
5610.0 5700.0 h -1226.976685
5700.0 5845.0 o -1769.845215
5845.0 5860.0 x -246.352692
5860.0 5985.0 r -1709.849976
5985.0 6000.0 ssil -221.451523
6000.0 6015.0 ssil -246.745865 DAN
6015.0 6060.0 d -717.043701
6060.0 6085.0 ac -310.983215
6085.0 6100.0 n -188.314056
6100.0 6115.0 ssil -189.281845
6115.0 6130.0 ssil -200.501968 JE
6130.0 6280.0 j -1851.448364
6280.0 6295.0 ssil -224.439392
6295.0 6310.0 ssil -212.170502 DACHT
6310.0 6350.0 d -577.428162
6350.0 6450.0 ac -1251.816284
6450.0 6630.0 x -2429.821289
6630.0 6730.0 t -1368.575562
6730.0 7245.0 ssil -5934.914062
.
