#!MLF!#
"/net/aistaff/aki/_same-utterance/wav/07/Oost_Overijsel-Gelderland/6545-1454276367-1202654.rec"
0.0 1554.9999 ssil -18479.367188 NATUURLIJK
1554.9999 1589.9999 n -467.007568
1589.9999 1729.9999 @ -1843.095825
1729.9999 1775.0 t -638.102173
1775.0 1894.9999 y -1530.299561
1894.9999 1939.9999 l -573.705688
1939.9999 1999.9999 @ -884.390259
1999.9999 2019.9999 k -290.615967
2019.9999 2034.9999 ssil -190.835312
2035.0 2055.0 ssil -251.209259 GA
2055.0 2125.0 x -892.053650
2125.0 2205.0 a -842.931458
2205.0 2220.0 ssil -197.497498
2220.0 2235.0 ssil -198.103455 JE
2235.0 2305.0 j -749.690369
2305.0 2320.0 ssil -193.344025
2320.0 2335.0 ssil -202.997620 VAN
2335.0 2420.0 f -992.977661
2420.0 2435.0 ac -203.642593
2435.0 2495.0 n -668.563293
2495.0 2510.0 ssil -217.957489
2510.0 2525.0 ssil -216.385162 HARD
2525.0 2610.0 h -1025.412964
2610.0 2635.0 ac -361.323029
2635.0 2675.0 r -574.010803
2675.0 2750.0 ssil -973.266785
2750.0 2765.0 ssil -197.773453 WERKEN
2765.0 2810.0 w -556.556519
2810.0 2825.0 ec -163.313766
2825.0 2920.0 r -1023.767029
2920.0 2935.0 k -224.816025
2935.0 2970.0 @ -442.161957
2970.0 2985.0 ssil -235.593384
2985.0 3020.0 ssil -529.562317 HEUS
3020.0 3035.0 h -202.143967
3035.0 3050.0 eu -203.379929
3050.0 3065.0 s -251.268860
3065.0 3080.0 ssil -189.349091
3080.0 3095.0 ssil -185.095169 NIET
3095.0 3115.0 n -247.819183
3115.0 3220.0 i -1270.975830
3220.0 3240.0 ssil -226.436478
3240.0 3265.0 ssil -322.081146 DOOD
3265.0 3320.0 d -759.075317
3320.0 3480.0 o -1795.796265
3480.0 3585.0 t -1440.011841
3585.0 4015.0 ssil -5026.481934
4015.0 4095.0 ssil -890.703003 MAAR
4095.0 4145.0 m -652.360657
4145.0 4260.0 a -1300.407227
4260.0 4275.0 ssil -212.053513
4275.0 4290.0 ssil -200.001587 IN
4290.0 4330.0 n -545.789368
4330.0 4365.0 ssil -556.191467
4365.0 4385.0 ssil -302.073029 ANDERE
4385.0 4480.0 ac -1187.754517
4480.0 4555.0 n -971.202026
4555.0 4570.0 d -229.397141
4570.0 4600.0 r -451.774902
4600.0 4615.0 ssil -220.265060
4615.0 4630.0 ssil -225.460983 OPZICHTEN
4630.0 4830.0 oc -2605.170166
4830.0 4845.0 p -220.521896
4845.0 4945.0 s -1257.439819
4945.0 5050.0 ic -1221.355347
5050.0 5120.0 x -995.396484
5120.0 5200.0 t -1028.242188
5200.0 5235.0 @ -402.394409
5235.0 5280.0 n -478.074951
5280.0 5295.0 ssil -217.304153
5295.0 5310.0 ssil -235.191452 IS
5310.0 5410.0 ic -1235.867798
5410.0 5455.0 s -604.642639
5455.0 5470.0 ssil -194.463654
5470.0 5490.0 ssil -267.450958 DE
5490.0 5525.0 d -517.382263
5525.0 5555.0 @ -382.630646
5555.0 5575.0 ssil -273.122803
5575.0 5620.0 ssil -497.714417 PRIJS
5620.0 5680.0 p -743.129456
5680.0 5725.0 r -662.543152
5725.0 5885.0 ei -1717.203613
5885.0 5955.0 s -913.010437
5955.0 5970.0 ssil -237.308823
5970.0 5985.0 ssil -227.198013 SOMS
5985.0 6020.0 s -478.475555
6020.0 6055.0 oc -436.277100
6055.0 6125.0 m -867.902771
6125.0 6200.0 s -1021.625488
6200.0 6215.0 ssil -202.817062
6215.0 6230.0 ssil -207.509888 HOGER
6230.0 6300.0 h -884.553894
6300.0 6470.0 o -2003.676270
6470.0 6585.0 gc -1620.719116
6585.0 6695.0 r -1306.048706
6695.0 6710.0 ssil -207.514557
6710.0 6725.0 ssil -192.918182 DAN
6725.0 6800.0 d -894.842468
6800.0 6890.0 ac -1139.450684
6890.0 6945.0 n -568.686707
6945.0 6960.0 ssil -182.252213
6960.0 6975.0 ssil -208.684265 JE
6975.0 7035.0 j -764.106079
7035.0 7050.0 ssil -216.867218
7050.0 7065.0 ssil -201.498947 DACHT
7065.0 7140.0 d -999.990601
7140.0 7200.0 ac -794.657776
7200.0 7385.0 x -2333.977783
7385.0 7530.0 t -1780.286865
7530.0 7615.0 ssil -1143.135010
.
