#!MLF!#
"/net/aistaff/aki/_same-utterance/wav/07/Oost_Overijsel-Gelderland/6796-1454362796-1232502.rec"
0.0 700.0 ssil -8203.786133 NATUURLIJK
700.0 725.0 n -371.823303
725.0 845.0 @ -1739.153931
845.0 895.0 t -744.023254
895.0 1065.0 y -2212.468750
1065.0 1140.0 r -1133.805542
1140.0 1175.0 @ -438.690277
1175.0 1200.0 k -361.065582
1200.0 1215.0 ssil -205.978806
1215.0 1230.0 ssil -192.208298 GA
1230.0 1285.0 x -759.012390
1285.0 1355.0 a -807.182190
1355.0 1370.0 ssil -199.322525
1370.0 1385.0 ssil -209.621292 JE
1385.0 1400.0 j -194.918716
1400.0 1435.0 @ -452.207855
1435.0 1455.0 ssil -281.786774
1455.0 1480.0 ssil -307.927429 VAN
1480.0 1510.0 v -387.050659
1510.0 1540.0 ac -340.879303
1540.0 1555.0 n -213.680908
1555.0 1570.0 ssil -203.731339
1570.0 1585.0 ssil -215.677216 HARD
1585.0 1635.0 h -653.461487
1635.0 1755.0 ac -1497.526611
1755.0 1770.0 r -249.247208
1770.0 1785.0 ssil -239.874405
1785.0 1810.0 ssil -369.515015 WERKEN
1810.0 1835.0 w -326.064270
1835.0 1905.0 ec -821.019043
1905.0 1920.0 r -207.467941
1920.0 1935.0 k -231.577026
1935.0 1950.0 ssil -214.324203
1950.0 1965.0 ssil -216.761368 HEUS
1965.0 1990.0 h -340.570709
1990.0 2015.0 eu -350.617615
2015.0 2040.0 s -443.070221
2040.0 2080.0 ssil -635.045044
2080.0 2115.0 ssil -481.205139 NIET
2115.0 2170.0 n -748.859131
2170.0 2260.0 i -1125.381348
2260.0 2280.0 ssil -226.443832
2280.0 2300.0 ssil -243.200089 DOOD
2300.0 2400.0 d -1256.500854
2400.0 2545.0 o -1696.525757
2545.0 2605.0 t -896.700928
2605.0 2865.0 ssil -3267.843262
2865.0 3225.0 ssil -4369.025391 MAAR
3225.0 3285.0 m -737.629883
3285.0 3355.0 a -799.968384
3355.0 3375.0 r -245.044708
3375.0 3390.0 ssil -215.422852
3390.0 3405.0 ssil -202.656754 IN
3405.0 3470.0 n -785.216125
3470.0 3485.0 ssil -256.466003
3485.0 3500.0 ssil -256.610840 ANDERE
3500.0 3620.0 ac -1574.434448
3620.0 3675.0 n -698.625488
3675.0 3690.0 d -217.933792
3690.0 3805.0 r -1468.779541
3805.0 3820.0 ssil -227.793716
3820.0 3835.0 ssil -222.764954 OPZICHTEN
3835.0 3955.0 oc -1582.362549
3955.0 3980.0 p -389.793976
3980.0 4060.0 s -1192.735352
4060.0 4135.0 ic -924.060974
4135.0 4235.0 x -1478.317749
4235.0 4280.0 t -680.748718
4280.0 4430.0 @ -1757.808716
4430.0 4455.0 ssil -297.639679
4455.0 4510.0 ssil -732.004272 IS
4510.0 4605.0 ic -1252.180908
4605.0 4640.0 s -502.902100
4640.0 4655.0 ssil -209.387283
4655.0 4680.0 ssil -334.049591 DE
4680.0 4720.0 d -560.163879
4720.0 4765.0 @ -614.077576
4765.0 4790.0 ssil -305.096863
4790.0 4810.0 ssil -248.372711 PRIJS
4810.0 4865.0 p -794.609802
4865.0 4950.0 r -1289.291504
4950.0 5075.0 ei -1480.870850
5075.0 5190.0 s -1733.751221
5190.0 5215.0 ssil -333.824219
5215.0 5275.0 ssil -795.946228 SOMS
5275.0 5355.0 s -1117.942871
5355.0 5400.0 oc -588.962280
5400.0 5460.0 m -795.635071
5460.0 5510.0 s -723.515503
5510.0 5525.0 ssil -211.913666
5525.0 5540.0 ssil -212.773651 HOGER
5540.0 5595.0 h -645.490540
5595.0 5730.0 o -1590.575439
5730.0 5815.0 gc -1071.216187
5815.0 5855.0 @ -476.876953
5855.0 5975.0 r -1679.113037
5975.0 6005.0 ssil -401.907074
6005.0 6100.0 ssil -1130.699341 DAN
6100.0 6135.0 d -511.381683
6135.0 6160.0 ac -358.800049
6160.0 6175.0 n -225.274399
6175.0 6190.0 ssil -222.072372
6190.0 6205.0 ssil -227.803543 JE
6205.0 6335.0 j -1591.032837
6335.0 6350.0 ssil -211.131088
6350.0 6365.0 ssil -197.285690 DACHT
6365.0 6395.0 d -426.791473
6395.0 6505.0 ac -1560.223999
6505.0 6695.0 x -2621.135986
6695.0 7200.0 ssil -5780.270996
.
