#!MLF!#
"/net/aistaff/aki/_same-utterance/wav/07/Oost_Overijsel-Gelderland/6930-1456498135-1527785.rec"
0.0 505.0 ssil -5066.007324 NATUURLIJK
505.0 520.0 n -232.690079
520.0 590.0 @ -819.476135
590.0 755.0 t -2440.489014
755.0 920.0 y -2090.933105
920.0 990.0 @ -888.369934
990.0 1005.0 k -250.380219
1005.0 1020.0 ssil -228.224533
1020.0 1035.0 ssil -207.542526 GA
1035.0 1185.0 x -1982.398438
1185.0 1275.0 a -1091.563721
1275.0 1300.0 ssil -371.398895
1300.0 1325.0 ssil -344.155426 JE
1325.0 1440.0 j -1360.613770
1440.0 1460.0 ssil -268.472534
1460.0 1475.0 ssil -186.933014 VAN
1475.0 1580.0 f -1400.446655
1580.0 1665.0 ac -1125.752930
1665.0 1740.0 n -938.615723
1740.0 1755.0 ssil -244.796951
1755.0 1770.0 ssil -227.585144 HARD
1770.0 1795.0 h -339.250214
1795.0 1870.0 ac -933.806396
1870.0 1970.0 r -1380.826782
1970.0 2110.0 t -2049.995361
2110.0 2125.0 ssil -196.589523
2125.0 2145.0 ssil -284.150238 WERKEN
2145.0 2180.0 w -374.815063
2180.0 2315.0 ec -1495.766602
2315.0 2375.0 r -844.838074
2375.0 2390.0 k -207.453766
2390.0 2420.0 ssil -443.807373
2420.0 2450.0 ssil -551.420654 HEUS
2450.0 2465.0 h -235.740433
2465.0 2480.0 eu -248.729492
2480.0 2495.0 s -286.204529
2495.0 2510.0 ssil -187.749496
2510.0 2525.0 ssil -182.330338 NIET
2525.0 2650.0 n -1377.885986
2650.0 2740.0 i -1016.159851
2740.0 2755.0 ssil -186.217728
2755.0 2770.0 ssil -184.677032 DOOD
2770.0 2875.0 d -1375.293457
2875.0 3090.0 o -2422.866943
3090.0 3110.0 t -311.871429
3110.0 3210.0 ssil -1309.063477
3210.0 3975.0 ssil -9090.243164 MAAR
3975.0 4035.0 m -873.080994
4035.0 4110.0 a -875.251160
4110.0 4165.0 r -706.727295
4165.0 4180.0 ssil -207.133957
4180.0 4195.0 ssil -226.724091 IN
4195.0 4260.0 n -890.516235
4260.0 4275.0 ssil -249.373337
4275.0 4290.0 ssil -236.051361 ANDERE
4290.0 4405.0 ac -1407.144409
4405.0 4470.0 n -833.635193
4470.0 4485.0 d -251.291046
4485.0 4530.0 r -623.439331
4530.0 4545.0 ssil -200.894958
4545.0 4560.0 ssil -205.595367 OPZICHTEN
4560.0 4775.0 oc -2652.052246
4775.0 4840.0 p -955.527954
4840.0 4925.0 s -1154.299316
4925.0 5035.0 ic -1448.797485
5035.0 5115.0 x -1267.734863
5115.0 5135.0 t -308.542938
5135.0 5150.0 @ -211.821747
5150.0 5255.0 n -1352.006470
5255.0 5270.0 ssil -216.616760
5270.0 5285.0 ssil -198.090164 IS
5285.0 5340.0 ic -685.024292
5340.0 5380.0 s -580.903320
5380.0 5395.0 ssil -212.114609
5395.0 5420.0 ssil -330.814362 DE
5420.0 5470.0 d -747.139648
5470.0 5530.0 @ -820.058411
5530.0 5545.0 ssil -197.742111
5545.0 5560.0 ssil -182.063324 PRIJS
5560.0 5620.0 p -835.130798
5620.0 5695.0 r -1099.813354
5695.0 5870.0 ei -2095.037109
5870.0 5905.0 s -478.817535
5905.0 5920.0 ssil -224.710175
5920.0 5935.0 ssil -225.900940 SOMS
5935.0 6000.0 s -954.641296
6000.0 6070.0 oc -792.427124
6070.0 6125.0 m -719.960510
6125.0 6170.0 s -689.080750
6170.0 6185.0 ssil -244.000198
6185.0 6210.0 ssil -354.626373 HOGER
6210.0 6265.0 h -699.718018
6265.0 6485.0 o -2408.400879
6485.0 6530.0 gc -650.163757
6530.0 6545.0 ssil -220.060089
6545.0 6560.0 ssil -225.277206 DAN
6560.0 6575.0 d -247.237686
6575.0 6630.0 ac -743.600708
6630.0 6710.0 n -1110.655762
6710.0 6725.0 ssil -213.342865
6725.0 6740.0 ssil -215.651657 JE
6740.0 6920.0 j -2197.900879
6920.0 6935.0 ssil -240.119385
6935.0 6950.0 ssil -234.679825 DACHT
6950.0 7015.0 d -892.797974
7015.0 7115.0 ac -1148.719604
7115.0 7525.0 x -5133.249512
7525.0 8105.0 ssil -7023.794434
.
