#!MLF!#
"/net/aistaff/aki/_same-utterance/wav/07/Oost_Overijsel-Gelderland/828-1449174204-133122.rec"
0.0 435.0 ssil -5125.566406 NATUURLIJK
435.0 455.0 n -283.144257
455.0 605.0 a -2043.964844
605.0 640.0 t -539.934753
640.0 725.0 y -1105.010498
725.0 810.0 r -1154.843262
810.0 830.0 l -305.320129
830.0 845.0 k -241.309311
845.0 875.0 ssil -464.886658
875.0 890.0 ssil -199.504486 GA
890.0 930.0 x -573.083252
930.0 965.0 a -430.289215
965.0 980.0 ssil -208.137024
980.0 995.0 ssil -216.820755 JE
995.0 1060.0 j -838.617981
1060.0 1075.0 ssil -193.906876
1075.0 1095.0 ssil -253.950928 VAN
1095.0 1130.0 v -487.127228
1130.0 1190.0 ac -738.540649
1190.0 1205.0 n -204.462814
1205.0 1220.0 ssil -200.584808
1220.0 1235.0 ssil -199.285004 HARD
1235.0 1305.0 h -869.893738
1305.0 1380.0 ac -971.931335
1380.0 1410.0 r -465.995148
1410.0 1450.0 ssil -621.444397
1450.0 1470.0 ssil -245.664474 WERKEN
1470.0 1510.0 w -424.784149
1510.0 1630.0 ec -1249.750122
1630.0 1645.0 r -199.629852
1645.0 1660.0 k -257.709717
1660.0 1675.0 ssil -261.377045
1675.0 1690.0 ssil -263.556854 HEUS
1690.0 1705.0 h -241.149796
1705.0 1720.0 eu -279.323608
1720.0 1735.0 s -246.416748
1735.0 1760.0 ssil -387.263855
1760.0 1775.0 ssil -224.060379 NIET
1775.0 1835.0 n -683.664673
1835.0 1905.0 i -968.881775
1905.0 1920.0 ssil -206.724274
1920.0 1935.0 ssil -194.103577 DOOD
1935.0 2060.0 d -1601.883179
2060.0 2245.0 o -2097.834717
2245.0 2290.0 t -682.743835
2290.0 2305.0 ssil -196.650955
2305.0 2480.0 ssil -2124.525879 MAAR
2480.0 2575.0 m -1059.555054
2575.0 2625.0 a -481.532288
2625.0 2640.0 ssil -205.014130
2640.0 2655.0 ssil -191.257538 IN
2655.0 2690.0 n -375.040161
2690.0 2705.0 ssil -202.383438
2705.0 2720.0 ssil -226.764740 ANDERE
2720.0 2855.0 ac -1555.953491
2855.0 2910.0 n -625.299683
2910.0 2930.0 d -279.961975
2930.0 2950.0 @ -253.899017
2950.0 2965.0 r -190.432739
2965.0 2980.0 ssil -201.224686
2980.0 2995.0 ssil -221.063019 OPZICHTEN
2995.0 3235.0 oc -3012.018555
3235.0 3250.0 p -259.051483
3250.0 3350.0 s -1238.501587
3350.0 3450.0 ic -1068.537964
3450.0 3490.0 x -535.353760
3490.0 3580.0 t -1211.363403
3580.0 3740.0 @ -1811.125610
3740.0 4040.0 ssil -3636.671631
4040.0 4140.0 ssil -1234.631958 IS
4140.0 4215.0 ic -1040.279053
4215.0 4290.0 s -1007.842590
4290.0 4305.0 ssil -223.415833
4305.0 4320.0 ssil -221.132278 DE
4320.0 4355.0 d -528.288696
4355.0 4370.0 @ -192.074081
4370.0 4385.0 ssil -202.121384
4385.0 4410.0 ssil -342.402649 PRIJS
4410.0 4510.0 p -1370.463135
4510.0 4635.0 r -1528.004639
4635.0 4730.0 ei -1126.708252
4730.0 4760.0 s -426.732483
4760.0 4775.0 ssil -203.365921
4775.0 4790.0 ssil -206.643051 SOMS
4790.0 4835.0 s -598.007080
4835.0 4900.0 oc -818.394409
4900.0 4935.0 m -474.962708
4935.0 5010.0 s -966.596069
5010.0 5025.0 ssil -201.052612
5025.0 5040.0 ssil -210.049942 HOGER
5040.0 5085.0 h -592.638123
5085.0 5240.0 o -1963.841187
5240.0 5275.0 gc -536.077942
5275.0 5315.0 @ -586.476318
5315.0 5330.0 ssil -237.161789
5330.0 5345.0 ssil -227.506836 DAN
5345.0 5360.0 d -216.532501
5360.0 5380.0 ac -255.063721
5380.0 5395.0 n -219.728165
5395.0 5410.0 ssil -220.685196
5410.0 5425.0 ssil -216.803314 JE
5425.0 5525.0 j -1139.374878
5525.0 5540.0 ssil -227.499023
5540.0 5560.0 ssil -353.771545 DACHT
5560.0 5600.0 d -611.031128
5600.0 5685.0 ac -938.045471
5685.0 5815.0 x -1808.075195
5815.0 5860.0 t -593.822449
5860.0 6360.0 ssil -5797.958008
.
