#!MLF!#
"/net/aistaff/aki/_same-utterance/wav/07/Oost_Overijsel-Gelderland/8641-1458178273-1671251.rec"
0.0 720.0 ssil -8728.376953 NATUURLIJK
720.0 770.0 n -756.944580
770.0 900.0 a -1693.921997
900.0 965.0 t -911.285339
965.0 1085.0 y -1340.608643
1085.0 1125.0 r -575.888062
1125.0 1215.0 l -1143.814575
1215.0 1300.0 @ -1162.423218
1300.0 1320.0 k -357.738190
1320.0 1335.0 ssil -241.404282
1335.0 1350.0 ssil -222.960526 GA
1350.0 1445.0 x -1206.310181
1445.0 1565.0 a -1229.630981
1565.0 1580.0 ssil -193.617981
1580.0 1595.0 ssil -183.696106 JE
1595.0 1660.0 j -713.215210
1660.0 1680.0 @ -271.029968
1680.0 1695.0 ssil -199.310226
1695.0 1735.0 ssil -513.429565 VAN
1735.0 1770.0 f -472.508911
1770.0 1820.0 ac -696.478394
1820.0 1890.0 n -841.081665
1890.0 1905.0 ssil -234.008163
1905.0 1920.0 ssil -223.789963 HARD
1920.0 1940.0 h -266.496155
1940.0 2065.0 ac -1770.137451
2065.0 2095.0 r -423.680389
2095.0 2130.0 t -522.341614
2130.0 2145.0 ssil -204.733063
2145.0 2180.0 ssil -459.627075 WERKEN
2180.0 2220.0 w -487.219208
2220.0 2250.0 ec -411.719513
2250.0 2300.0 r -786.035156
2300.0 2320.0 k -369.398590
2320.0 2335.0 ssil -246.946915
2335.0 2350.0 ssil -229.995209 HEUS
2350.0 2365.0 h -206.629578
2365.0 2380.0 eu -214.977386
2380.0 2395.0 s -308.398590
2395.0 2410.0 ssil -227.980698
2410.0 2425.0 ssil -205.783478 NIET
2425.0 2455.0 n -418.222839
2455.0 2545.0 i -1061.677979
2545.0 2565.0 ssil -270.834778
2565.0 2580.0 ssil -201.365921 DOOD
2580.0 2670.0 d -1265.133301
2670.0 2830.0 o -1961.001953
2830.0 2955.0 t -1821.389526
2955.0 3255.0 ssil -3863.759766
3255.0 3355.0 ssil -1249.408447 MAAR
3355.0 3430.0 m -918.391174
3430.0 3630.0 a -2017.044189
3630.0 3740.0 r -1584.928101
3740.0 3825.0 ssil -995.080872
3825.0 3920.0 ssil -1155.641113 IN
3920.0 4000.0 ic -1041.956543
4000.0 4025.0 n -335.898041
4025.0 4040.0 ssil -225.211227
4040.0 4055.0 ssil -234.125427 ANDERE
4055.0 4165.0 ac -1699.563110
4165.0 4220.0 n -618.021484
4220.0 4240.0 d -276.475830
4240.0 4270.0 @ -397.198212
4270.0 4290.0 r -299.753815
4290.0 4305.0 ssil -227.215317
4305.0 4320.0 ssil -227.262177 OPZICHTEN
4320.0 4475.0 oc -1919.052246
4475.0 4505.0 p -410.061340
4505.0 4585.0 s -1029.496948
4585.0 4640.0 ic -666.320557
4640.0 4700.0 x -792.151123
4700.0 4775.0 t -1059.588867
4775.0 4820.0 @ -558.663025
4820.0 4895.0 n -866.537170
4895.0 5005.0 ssil -1355.990723
5005.0 5115.0 ssil -1459.084106 IS
5115.0 5155.0 ic -569.365173
5155.0 5295.0 s -1927.635742
5295.0 5310.0 ssil -199.087753
5310.0 5325.0 ssil -186.078888 DE
5325.0 5345.0 d -247.694901
5345.0 5360.0 ssil -169.067841
5360.0 5375.0 ssil -169.597717 PRIJS
5375.0 5415.0 p -580.217834
5415.0 5475.0 r -1008.842407
5475.0 5595.0 ei -1433.708740
5595.0 5790.0 s -2406.788818
5790.0 5805.0 ssil -220.731567
5805.0 5820.0 ssil -229.190720 SOMS
5820.0 5835.0 s -246.163422
5835.0 5850.0 oc -226.275742
5850.0 5925.0 m -905.036011
5925.0 6000.0 s -986.373169
6000.0 6015.0 ssil -205.809357
6015.0 6030.0 ssil -190.818039 HOGER
6030.0 6050.0 h -245.002304
6050.0 6230.0 o -2082.575684
6230.0 6310.0 gc -1107.957764
6310.0 6335.0 @ -360.828674
6335.0 6370.0 r -551.852234
6370.0 6395.0 ssil -376.170532
6395.0 6435.0 ssil -504.684204 DAN
6435.0 6520.0 d -1104.279419
6520.0 6615.0 ac -1122.949585
6615.0 6710.0 n -1116.185181
6710.0 6725.0 ssil -206.436035
6725.0 6740.0 ssil -222.868774 JE
6740.0 6810.0 j -932.386047
6810.0 6825.0 ssil -219.166046
6825.0 6840.0 ssil -226.438553 DACHT
6840.0 6885.0 d -601.857361
6885.0 6970.0 ac -1147.158936
6970.0 7085.0 x -1460.408203
7085.0 7180.0 t -1325.144653
7180.0 7965.0 ssil -8960.368164
.
