#!MLF!#
"/net/aistaff/aki/_same-utterance/wav/07/Oost_Overijsel-Gelderland/8804-1457968558-1649360.rec"
0.0 565.0 ssil -6659.660645 NATUURLIJK
565.0 660.0 n -1263.929077
660.0 720.0 t -864.506653
720.0 885.0 y -2093.309814
885.0 920.0 @ -527.132996
920.0 960.0 k -651.819214
960.0 975.0 ssil -201.173843
975.0 990.0 ssil -212.626236 GA
990.0 1075.0 x -1135.237427
1075.0 1090.0 a -194.872742
1090.0 1105.0 ssil -201.276459
1105.0 1120.0 ssil -189.385605 JE
1120.0 1200.0 j -850.467102
1200.0 1215.0 ssil -196.606827
1215.0 1230.0 ssil -190.494720 VAN
1230.0 1280.0 v -621.046875
1280.0 1320.0 ac -515.891968
1320.0 1345.0 n -355.006989
1345.0 1360.0 ssil -216.027298
1360.0 1375.0 ssil -215.181107 HARD
1375.0 1410.0 h -450.501953
1410.0 1425.0 ac -197.116272
1425.0 1495.0 r -925.297180
1495.0 1560.0 t -891.880005
1560.0 1575.0 ssil -202.207489
1575.0 1600.0 ssil -343.079193 WERKEN
1600.0 1625.0 w -334.529083
1625.0 1640.0 ec -202.701248
1640.0 1710.0 r -809.933350
1710.0 1725.0 k -245.002548
1725.0 1740.0 ssil -230.459000
1740.0 1755.0 ssil -232.197968 HEUS
1755.0 1770.0 h -296.884155
1770.0 1785.0 eu -276.645447
1785.0 1800.0 s -255.032227
1800.0 1820.0 ssil -329.559235
1820.0 1840.0 ssil -330.429626 NIET
1840.0 1890.0 n -709.276550
1890.0 1975.0 i -1138.467773
1975.0 1995.0 ssil -270.941833
1995.0 2010.0 ssil -207.474472 DOOD
2010.0 2080.0 d -1005.427063
2080.0 2215.0 o -1667.575073
2215.0 2335.0 t -1739.209229
2335.0 2755.0 ssil -4970.684570
2755.0 2770.0 ssil -229.146408 MAAR
2770.0 2795.0 m -349.506775
2795.0 2810.0 a -206.635941
2810.0 2825.0 ssil -224.350250
2825.0 2840.0 ssil -229.260071 IN
2840.0 2890.0 n -650.708374
2890.0 2905.0 ssil -214.209641
2905.0 2920.0 ssil -222.020889 ANDERE
2920.0 3010.0 ac -1211.310303
3010.0 3050.0 n -494.738800
3050.0 3065.0 d -259.216461
3065.0 3080.0 r -247.112839
3080.0 3095.0 ssil -224.152527
3095.0 3110.0 ssil -207.422211 OPZICHTEN
3110.0 3275.0 oc -1783.133057
3275.0 3340.0 p -932.538452
3340.0 3420.0 s -1051.842407
3420.0 3485.0 ic -787.218445
3485.0 3545.0 x -811.243408
3545.0 3560.0 t -213.878220
3560.0 3575.0 @ -224.789841
3575.0 3605.0 ssil -476.103180
3605.0 3620.0 ssil -234.645081 IS
3620.0 3685.0 ic -816.231995
3685.0 3775.0 s -1240.739624
3775.0 3790.0 ssil -215.340012
3790.0 3805.0 ssil -216.716019 DE
3805.0 3850.0 d -592.289551
3850.0 3865.0 ssil -200.192657
3865.0 3880.0 ssil -200.372162 PRIJS
3880.0 3915.0 p -500.923553
3915.0 3995.0 r -1228.526611
3995.0 4110.0 ei -1398.641724
4110.0 4155.0 s -538.556335
4155.0 4170.0 ssil -218.287430
4170.0 4185.0 ssil -225.497299 SOMS
4185.0 4215.0 s -433.986816
4215.0 4255.0 oc -524.880493
4255.0 4330.0 m -973.788757
4330.0 4345.0 s -255.099121
4345.0 4360.0 ssil -222.889572
4360.0 4375.0 ssil -235.690674 HOGER
4375.0 4405.0 h -465.470612
4405.0 4540.0 o -1635.388916
4540.0 4620.0 x -1119.729858
4620.0 4635.0 ssil -259.874298
4635.0 4650.0 ssil -226.596970 DAN
4650.0 4695.0 d -685.516296
4695.0 4710.0 ac -230.638214
4710.0 4725.0 n -215.254318
4725.0 4740.0 ssil -189.884583
4740.0 4755.0 ssil -201.717621 JE
4755.0 4870.0 j -1377.151978
4870.0 4885.0 ssil -221.699020
4885.0 4900.0 ssil -252.509583 DACHT
4900.0 4940.0 d -582.660645
4940.0 5040.0 ac -1260.953003
5040.0 5180.0 x -1818.778931
5180.0 5210.0 t -385.532440
5210.0 5665.0 ssil -5210.644043
.
