#!MLF!#
"/net/aistaff/aki/_same-utterance/wav/05/Limburg/10015-1465413274-2277970.rec"
0.0 15.0 ssil -151.417953 NA
15.0 285.0 n -2383.461670
285.0 310.0 a -327.114197
310.0 330.0 ssil -315.695435
330.0 1140.0 ssil -9492.490234 DE
1140.0 1165.0 d -356.257935
1165.0 1450.0 @ -3873.187500
1450.0 1535.0 ssil -1022.008667
1535.0 1555.0 ssil -247.087509 TOCHT
1555.0 1600.0 t -660.881531
1600.0 1700.0 oc -1225.677368
1700.0 1775.0 x -1094.670288
1775.0 1840.0 t -947.838501
1840.0 1890.0 ssil -674.224304
1890.0 1905.0 ssil -192.440887 IN
1905.0 1945.0 ic -535.275452
1945.0 1990.0 n -495.395691
1990.0 2005.0 ssil -185.321304
2005.0 2020.0 ssil -205.229401 DE
2020.0 2040.0 d -249.578506
2040.0 2150.0 @ -1272.327637
2150.0 2165.0 ssil -210.741638
2165.0 2190.0 ssil -306.109955 REGEN
2190.0 2205.0 r -206.598068
2205.0 2465.0 e -3186.858398
2465.0 2505.0 gc -532.036011
2505.0 2690.0 @ -2192.032715
2690.0 2725.0 ssil -440.889923
2725.0 2745.0 ssil -261.990356 VAART
2745.0 2785.0 v -490.184235
2785.0 2905.0 a -1264.640869
2905.0 2935.0 r -412.625397
2935.0 2955.0 ssil -243.502594
2955.0 3040.0 ssil -1137.957275 DE
3040.0 3070.0 d -444.294098
3070.0 3090.0 @ -327.183105
3090.0 3120.0 ssil -470.808105
3120.0 3150.0 ssil -435.636108 KAPITEIN
3150.0 3205.0 k -879.479797
3205.0 3300.0 ac -1220.357422
3300.0 3375.0 p -1114.851685
3375.0 3415.0 i -523.162964
3415.0 3550.0 t -1875.462158
3550.0 3710.0 ei -1560.981079
3710.0 3810.0 n -1130.206421
3810.0 3825.0 ssil -219.826614
3825.0 3840.0 ssil -195.713470 BLIJ
3840.0 3865.0 b -350.823334
3865.0 3935.0 l -888.763733
3935.0 4110.0 ei -1893.543213
4110.0 4125.0 ssil -227.837463
4125.0 4140.0 ssil -208.041641 WEG
4140.0 4225.0 w -1040.385498
4225.0 4410.0 ec -2227.562012
4410.0 4750.0 x -4515.065430
4750.0 4990.0 ssil -2970.054688
.
