#!MLF!#
"/net/aistaff/aki/_same-utterance/wav/05/Limburg/10295-1464276002-1970805.rec"
0.0 570.0 ssil -6420.898926 NA
570.0 720.0 n -1962.995850
720.0 870.0 a -1950.209717
870.0 885.0 ssil -224.391006
885.0 900.0 ssil -267.580444 DE
900.0 920.0 d -290.503906
920.0 970.0 @ -690.166382
970.0 985.0 ssil -194.478760
985.0 1020.0 ssil -435.273010 TOCHT
1020.0 1080.0 t -872.852783
1080.0 1155.0 oc -1036.110596
1155.0 1250.0 x -1347.422974
1250.0 1265.0 ssil -225.346634
1265.0 1285.0 ssil -299.042816 IN
1285.0 1360.0 ic -927.042908
1360.0 1405.0 n -572.158081
1405.0 1420.0 ssil -217.409073
1420.0 1435.0 ssil -231.932404 DE
1435.0 1460.0 d -348.514252
1460.0 1530.0 @ -801.271973
1530.0 1570.0 ssil -558.080566
1570.0 1590.0 ssil -301.905304 REGEN
1590.0 1605.0 r -222.587982
1605.0 1950.0 e -3807.204102
1950.0 1965.0 gc -247.183990
1965.0 2025.0 @ -872.843811
2025.0 2060.0 ssil -461.297943
2060.0 2090.0 ssil -405.031250 VAART
2090.0 2190.0 f -1228.927979
2190.0 2290.0 a -1200.490967
2290.0 2315.0 r -338.213837
2315.0 2355.0 ssil -562.197510
2355.0 2370.0 ssil -230.680420 DE
2370.0 2395.0 d -366.572296
2395.0 2430.0 @ -515.077026
2430.0 2455.0 ssil -317.747192
2455.0 2480.0 ssil -351.897522 KAPITEIN
2480.0 2530.0 k -774.474609
2530.0 2620.0 ac -1142.842651
2620.0 2670.0 p -751.845215
2670.0 2710.0 i -592.717041
2710.0 2830.0 t -1704.079102
2830.0 2985.0 ei -1687.397339
2985.0 3125.0 n -1779.229126
3125.0 3140.0 ssil -185.167709
3140.0 3155.0 ssil -198.859329 BLIJ
3155.0 3220.0 b -899.447266
3220.0 3295.0 l -905.434937
3295.0 3475.0 ei -1765.679443
3475.0 3490.0 ssil -199.222641
3490.0 3505.0 ssil -188.255783 WEG
3505.0 3520.0 w -182.034271
3520.0 3710.0 ec -2236.453857
3710.0 3890.0 x -2474.087402
3890.0 4390.0 ssil -6053.464355
.
