#!MLF!#
"/net/aistaff/aki/_same-utterance/wav/05/Limburg/11135-1464105336-1868446.rec"
0.0 900.0 ssil -10789.977539 NA
900.0 1020.0 n -1437.869873
1020.0 1190.0 a -1936.239380
1190.0 1215.0 ssil -318.777924
1215.0 1230.0 ssil -204.169220 DE
1230.0 1265.0 d -481.612030
1265.0 1340.0 @ -955.649475
1340.0 1395.0 ssil -645.815613
1395.0 1420.0 ssil -300.850067 TOCHT
1420.0 1470.0 t -715.643921
1470.0 1595.0 oc -1581.154663
1595.0 1685.0 x -1366.963867
1685.0 1820.0 t -1883.406494
1820.0 1835.0 ssil -219.185226
1835.0 1930.0 ssil -1131.476196 IN
1930.0 2040.0 ic -1261.405396
2040.0 2125.0 n -925.107483
2125.0 2140.0 ssil -220.961746
2140.0 2155.0 ssil -233.754135 DE
2155.0 2170.0 d -211.782364
2170.0 2245.0 @ -812.641113
2245.0 2260.0 ssil -181.785004
2260.0 2275.0 ssil -181.032364 REGEN
2275.0 2290.0 r -169.320587
2290.0 2695.0 e -4280.359863
2695.0 2710.0 gc -199.266220
2710.0 2825.0 @ -1276.232910
2825.0 2940.0 ssil -1387.104370
2940.0 2955.0 ssil -182.236023 VAART
2955.0 3000.0 v -659.032715
3000.0 3130.0 a -1353.921265
3130.0 3145.0 r -186.943054
3145.0 3200.0 ssil -696.641296
3200.0 3245.0 ssil -615.388733 DE
3245.0 3275.0 d -471.211151
3275.0 3325.0 @ -646.454346
3325.0 3340.0 ssil -179.445374
3340.0 3355.0 ssil -189.951675 KAPITEIN
3355.0 3400.0 k -634.180176
3400.0 3525.0 ac -1489.452026
3525.0 3570.0 b -622.360229
3570.0 3645.0 @ -1020.427429
3645.0 3695.0 d -720.564331
3695.0 3830.0 ei -1481.815796
3830.0 3845.0 n -234.980713
3845.0 3860.0 ssil -205.022537
3860.0 3875.0 ssil -173.417831 BLIJ
3875.0 4065.0 b -2146.703613
4065.0 4125.0 l -866.425415
4125.0 4325.0 ei -2174.108887
4325.0 4340.0 ssil -203.688705
4340.0 4355.0 ssil -181.968643 WEG
4355.0 4445.0 w -965.500671
4445.0 4605.0 ec -1713.155640
4605.0 4620.0 x -202.700485
4620.0 5295.0 ssil -7439.677246
.
