#!MLF!#
"/net/aistaff/aki/_same-utterance/wav/05/Limburg/11225-1464114821-1876178.rec"
0.0 1115.0 ssil -12717.959961 NA
1115.0 1195.0 n -1039.463135
1195.0 1330.0 a -1700.736816
1330.0 1345.0 ssil -249.885818
1345.0 1360.0 ssil -249.479828 DE
1360.0 1375.0 d -238.464264
1375.0 1405.0 @ -454.008301
1405.0 1445.0 ssil -582.204529
1445.0 1500.0 ssil -830.072144 TOCHT
1500.0 1540.0 t -709.850830
1540.0 1625.0 oc -1156.078125
1625.0 1695.0 x -1047.516479
1695.0 1755.0 t -895.804688
1755.0 1775.0 ssil -273.962585
1775.0 1820.0 ssil -596.049255 IN
1820.0 1870.0 ic -652.272766
1870.0 1960.0 n -1157.946045
1960.0 1975.0 ssil -233.493271
1975.0 1990.0 ssil -232.440323 DE
1990.0 2005.0 d -234.272614
2005.0 2045.0 @ -519.963867
2045.0 2060.0 ssil -186.576859
2060.0 2090.0 ssil -381.919250 REGEN
2090.0 2105.0 r -210.617065
2105.0 2450.0 e -3772.555176
2450.0 2465.0 gc -229.755356
2465.0 2550.0 n -1015.095276
2550.0 2565.0 ssil -204.836182
2565.0 2605.0 ssil -493.088684 VAART
2605.0 2655.0 f -686.611145
2655.0 2740.0 a -908.209778
2740.0 2800.0 r -887.044373
2800.0 2825.0 ssil -328.639282
2825.0 2840.0 ssil -202.564011 DE
2840.0 2865.0 d -371.687103
2865.0 2930.0 @ -975.137390
2930.0 2945.0 ssil -187.710846
2945.0 2965.0 ssil -305.693726 KAPITEIN
2965.0 3005.0 k -623.536133
3005.0 3105.0 ac -1337.601807
3105.0 3145.0 p -591.143250
3145.0 3210.0 i -964.020752
3210.0 3270.0 t -991.327209
3270.0 3415.0 ei -1664.492798
3415.0 3485.0 n -828.132751
3485.0 3500.0 ssil -221.648392
3500.0 3515.0 ssil -223.603485 BLIJ
3515.0 3555.0 b -564.914368
3555.0 3585.0 l -416.528961
3585.0 3730.0 ei -1332.122803
3730.0 3745.0 ssil -202.400406
3745.0 3760.0 ssil -183.583679 WEG
3760.0 3800.0 w -442.593262
3800.0 3940.0 ec -1723.051758
3940.0 3960.0 x -295.652069
3960.0 4295.0 ssil -4177.103027
.
