#!MLF!#
"/net/aistaff/aki/_same-utterance/wav/05/Limburg/11326-1464177889-1910685.rec"
0.0 15.0 ssil -176.740585 NA
15.0 30.0 n -176.927063
30.0 325.0 a -2819.592529
325.0 770.0 ssil -5444.262695
770.0 835.0 ssil -967.428162 DE
835.0 860.0 d -395.159668
860.0 920.0 @ -849.058044
920.0 960.0 ssil -534.332825
960.0 1005.0 ssil -570.942139 TOCHT
1005.0 1060.0 t -857.175476
1060.0 1170.0 oc -1434.025635
1170.0 1265.0 x -1291.445068
1265.0 1290.0 ssil -357.474487
1290.0 1315.0 ssil -383.959503 IN
1315.0 1380.0 ic -839.429504
1380.0 1435.0 n -611.271301
1435.0 1450.0 ssil -240.259659
1450.0 1465.0 ssil -215.898254 DE
1465.0 1480.0 d -206.259155
1480.0 1555.0 @ -894.529480
1555.0 1575.0 ssil -277.807556
1575.0 1590.0 ssil -220.285294 REGEN
1590.0 1605.0 r -225.737885
1605.0 1815.0 e -2353.485352
1815.0 1870.0 gc -763.010132
1870.0 1915.0 @ -631.899658
1915.0 1930.0 ssil -206.771683
1930.0 1965.0 ssil -430.930542 VAART
1965.0 2010.0 v -601.813965
2010.0 2120.0 a -1214.346558
2120.0 2140.0 r -272.479889
2140.0 2230.0 t -1316.476562
2230.0 2245.0 ssil -258.388733
2245.0 2270.0 ssil -364.069946 DE
2270.0 2285.0 d -194.970734
2285.0 2300.0 ssil -188.447021
2300.0 2315.0 ssil -248.395935 KAPITEIN
2315.0 2350.0 k -598.076416
2350.0 2460.0 ac -1495.705933
2460.0 2495.0 p -557.499268
2495.0 2550.0 i -819.043396
2550.0 2640.0 t -1179.284912
2640.0 2790.0 ei -1527.331909
2790.0 2845.0 n -591.200073
2845.0 2860.0 ssil -205.505295
2860.0 2875.0 ssil -203.628891 BLIJ
2875.0 2930.0 b -755.299744
2930.0 2970.0 l -548.485535
2970.0 3145.0 ei -1860.060791
3145.0 3160.0 ssil -190.149231
3160.0 3175.0 ssil -179.710358 WEG
3175.0 3215.0 w -449.337067
3215.0 3320.0 ec -1034.636597
3320.0 3350.0 x -455.000122
3350.0 3855.0 ssil -6114.001465
.
