#!MLF!#
"/net/aistaff/aki/_same-utterance/wav/05/Limburg/11364-1465218275-2257921.rec"
0.0 120.0 ssil -1179.031982 NA
120.0 135.0 n -176.030823
135.0 150.0 a -183.149475
150.0 205.0 ssil -832.836182
205.0 480.0 ssil -3313.942383 DE
480.0 510.0 d -436.734833
510.0 660.0 @ -1867.938232
660.0 740.0 ssil -1082.603394
740.0 805.0 ssil -803.443665 TOCHT
805.0 855.0 t -726.563110
855.0 960.0 oc -1225.675415
960.0 1070.0 x -1565.342773
1070.0 1105.0 t -533.622314
1105.0 1145.0 ssil -578.441223
1145.0 1165.0 ssil -341.897491 IN
1165.0 1200.0 ic -477.177917
1200.0 1260.0 n -645.153564
1260.0 1275.0 ssil -195.072678
1275.0 1290.0 ssil -220.958649 DE
1290.0 1305.0 d -196.771988
1305.0 1355.0 @ -522.857178
1355.0 1370.0 ssil -198.607574
1370.0 1385.0 ssil -203.457474 REGEN
1385.0 1400.0 r -197.870895
1400.0 1795.0 e -4356.101074
1795.0 1810.0 gc -205.162460
1810.0 1895.0 @ -1055.817505
1895.0 1920.0 ssil -308.670868
1920.0 2185.0 ssil -3039.061279 VAART
2185.0 2295.0 f -1270.385498
2295.0 2405.0 a -1061.786133
2405.0 2445.0 r -553.143127
2445.0 2495.0 ssil -699.205261
2495.0 2520.0 ssil -380.523987 DE
2520.0 2555.0 d -540.130920
2555.0 2600.0 @ -575.767029
2600.0 2615.0 ssil -171.477020
2615.0 2630.0 ssil -199.625793 KAPITEIN
2630.0 2675.0 k -607.769226
2675.0 2780.0 ac -1271.223389
2780.0 2835.0 p -708.415771
2835.0 2950.0 t -1580.186157
2950.0 3110.0 ei -1614.271973
3110.0 3180.0 n -808.178406
3180.0 3195.0 ssil -186.568329
3195.0 3210.0 ssil -209.519882 BLIJ
3210.0 3230.0 b -290.975800
3230.0 3275.0 l -567.021912
3275.0 3445.0 ei -1746.669556
3445.0 3460.0 ssil -211.000671
3460.0 3495.0 ssil -464.410187 WEG
3495.0 3515.0 w -256.845886
3515.0 3645.0 ec -1542.050293
3645.0 3660.0 x -239.585297
3660.0 4365.0 ssil -8599.648438
.
