#!MLF!#
"/net/aistaff/aki/_same-utterance/wav/05/Limburg/12279-1470565779-2265836.rec"
0.0 100.0 ssil -931.546021 NA
100.0 140.0 n -618.503906
140.0 240.0 a -1215.975220
240.0 255.0 ssil -224.270416
255.0 270.0 ssil -219.339523 DE
270.0 290.0 d -250.143036
290.0 375.0 @ -979.930664
375.0 390.0 ssil -196.140930
390.0 405.0 ssil -213.567169 TOCHT
405.0 450.0 t -698.566406
450.0 580.0 oc -1662.199097
580.0 650.0 x -1025.143677
650.0 665.0 ssil -201.773575
665.0 690.0 ssil -363.486420 IN
690.0 765.0 ic -827.859070
765.0 850.0 n -929.580750
850.0 875.0 ssil -318.042480
875.0 890.0 ssil -194.128754 DE
890.0 905.0 d -206.131134
905.0 925.0 ssil -258.191284
925.0 940.0 ssil -191.194656 REGEN
940.0 955.0 r -211.532730
955.0 1225.0 e -2671.759277
1225.0 1240.0 gc -229.366180
1240.0 1330.0 n -997.349060
1330.0 1345.0 ssil -201.510269
1345.0 1365.0 ssil -293.050873 VAART
1365.0 1425.0 v -791.275635
1425.0 1555.0 a -1337.673096
1555.0 1570.0 r -211.008560
1570.0 1585.0 ssil -208.258316
1585.0 1615.0 ssil -432.132477 DE
1615.0 1650.0 d -501.460388
1650.0 1670.0 @ -280.197723
1670.0 1685.0 ssil -193.523636
1685.0 1750.0 ssil -751.946106 KAPITEIN
1750.0 1790.0 k -558.821777
1790.0 1890.0 ac -1200.520508
1890.0 1965.0 b -943.274719
1965.0 2025.0 i -753.089783
2025.0 2105.0 d -1064.534668
2105.0 2255.0 ei -1408.583496
2255.0 2315.0 n -678.080566
2315.0 2330.0 ssil -185.074417
2330.0 2345.0 ssil -191.211685 BLIJ
2345.0 2390.0 b -601.614014
2390.0 2445.0 l -626.559814
2445.0 2645.0 ei -1702.039795
2645.0 2660.0 ssil -190.373306
2660.0 2675.0 ssil -183.122131 WEG
2675.0 2705.0 w -299.055573
2705.0 2755.0 ec -448.791565
2755.0 2770.0 x -207.206070
2770.0 2785.0 ssil -199.594955
.
