#!MLF!#
"/net/aistaff/aki/_same-utterance/wav/05/Limburg/12960-1464199763-1931575.rec"
0.0 540.0 ssil -6337.852539 NA
540.0 615.0 n -935.237732
615.0 745.0 a -1574.458862
745.0 760.0 ssil -233.585648
760.0 775.0 ssil -253.533005 DE
775.0 805.0 d -424.521820
805.0 830.0 @ -324.987732
830.0 855.0 ssil -342.976410
855.0 905.0 ssil -766.589539 TOCHT
905.0 930.0 t -432.327362
930.0 1040.0 oc -1472.778076
1040.0 1110.0 x -979.839722
1110.0 1150.0 t -621.916077
1150.0 1170.0 ssil -313.383331
1170.0 1185.0 ssil -211.893936 IN
1185.0 1260.0 ic -835.369812
1260.0 1295.0 n -406.577972
1295.0 1310.0 ssil -201.886581
1310.0 1325.0 ssil -214.205215 DE
1325.0 1350.0 d -345.712128
1350.0 1400.0 @ -554.983093
1400.0 1415.0 ssil -199.423172
1415.0 1430.0 ssil -203.497223 REGEN
1430.0 1455.0 r -361.389160
1455.0 1675.0 e -2552.030029
1675.0 1690.0 gc -230.970459
1690.0 1825.0 n -1475.856812
1825.0 1850.0 ssil -369.645477
1850.0 1915.0 ssil -832.745422 VAART
1915.0 1985.0 f -914.492859
1985.0 2080.0 a -966.663818
2080.0 2100.0 r -264.230286
2100.0 2120.0 ssil -293.891022
2120.0 2145.0 ssil -364.352325 DE
2145.0 2175.0 d -439.662201
2175.0 2195.0 @ -318.051331
2195.0 2210.0 ssil -271.258911
2210.0 2235.0 ssil -404.386566 KAPITEIN
2235.0 2290.0 k -790.653015
2290.0 2405.0 ac -1529.506470
2405.0 2450.0 p -687.297302
2450.0 2525.0 @ -1083.136108
2525.0 2575.0 t -729.663025
2575.0 2700.0 ei -1306.995239
2700.0 2770.0 n -803.977234
2770.0 2785.0 ssil -193.787964
2785.0 2800.0 ssil -193.850067 BLIJ
2800.0 2880.0 b -986.374817
2880.0 2945.0 l -829.136719
2945.0 3095.0 ei -1695.525391
3095.0 3110.0 ssil -203.173447
3110.0 3125.0 ssil -195.680511 WEG
3125.0 3160.0 w -408.945404
3160.0 3285.0 ec -1595.784302
3285.0 3525.0 x -3126.427246
3525.0 3740.0 ssil -2555.202637
.
