#!MLF!#
"/net/aistaff/aki/_same-utterance/wav/05/Limburg/13066-1464202118-1930818.rec"
0.0 265.0 ssil -2334.753662 NA
265.0 280.0 n -159.136658
280.0 295.0 a -179.838379
295.0 330.0 ssil -516.131470
330.0 580.0 ssil -3136.440674 DE
580.0 635.0 d -711.588623
635.0 905.0 @ -3603.097412
905.0 920.0 ssil -187.827026
920.0 960.0 ssil -504.321686 TOCHT
960.0 1010.0 t -689.283020
1010.0 1115.0 oc -1338.656616
1115.0 1195.0 x -1131.856323
1195.0 1280.0 t -1340.938110
1280.0 1295.0 ssil -236.751740
1295.0 1310.0 ssil -221.281097 IN
1310.0 1355.0 ic -626.199524
1355.0 1375.0 n -286.434998
1375.0 1390.0 ssil -216.616058
1390.0 1405.0 ssil -199.483063 DE
1405.0 1440.0 d -490.025085
1440.0 1485.0 @ -613.688232
1485.0 1535.0 ssil -724.907227
1535.0 1560.0 ssil -362.541565 REGEN
1560.0 1575.0 r -216.612442
1575.0 1745.0 e -2061.175293
1745.0 1785.0 x -604.680847
1785.0 1905.0 @ -1446.171875
1905.0 1920.0 ssil -211.026154
1920.0 1950.0 ssil -384.182434 VAART
1950.0 2120.0 f -2091.019775
2120.0 2200.0 a -873.518982
2200.0 2310.0 r -1460.419800
2310.0 2375.0 t -933.723389
2375.0 2390.0 ssil -245.615524
2390.0 2405.0 ssil -274.330170 DE
2405.0 2430.0 d -478.090118
2430.0 2445.0 ssil -211.278992
2445.0 2465.0 ssil -238.518265 KAPITEIN
2465.0 2515.0 k -778.229065
2515.0 2605.0 ac -1265.761230
2605.0 2655.0 p -701.540222
2655.0 2715.0 @ -944.234985
2715.0 2795.0 t -1141.455688
2795.0 2955.0 ei -1899.086670
2955.0 2990.0 n -444.145569
2990.0 3005.0 ssil -196.010086
3005.0 3020.0 ssil -185.354294 BLIJ
3020.0 3095.0 b -981.287415
3095.0 3170.0 l -920.148682
3170.0 3335.0 ei -1945.823608
3335.0 3350.0 ssil -199.568436
3350.0 3365.0 ssil -201.786652 WEG
3365.0 3420.0 w -618.356384
3420.0 3510.0 ec -1154.603638
3510.0 3690.0 x -2447.606689
3690.0 4180.0 ssil -6180.199707
.
