#!MLF!#
"/net/aistaff/aki/_same-utterance/wav/05/Limburg/13969-1464262430-1960768.rec"
0.0 695.0 ssil -7266.850586 NA
695.0 820.0 n -1315.006958
820.0 945.0 a -1546.141113
945.0 960.0 ssil -229.646103
960.0 975.0 ssil -230.005463 DE
975.0 1000.0 d -327.272156
1000.0 1110.0 @ -1228.505249
1110.0 1125.0 ssil -204.971466
1125.0 1140.0 ssil -244.633804 TOCHT
1140.0 1190.0 t -718.184021
1190.0 1300.0 oc -1327.432739
1300.0 1375.0 x -1028.453125
1375.0 1390.0 ssil -216.640717
1390.0 1420.0 ssil -431.539093 IN
1420.0 1515.0 ic -1066.517334
1515.0 1600.0 n -840.072144
1600.0 1615.0 ssil -207.019638
1615.0 1630.0 ssil -206.130661 DE
1630.0 1645.0 d -200.028168
1645.0 1700.0 @ -680.304688
1700.0 1715.0 ssil -210.668762
1715.0 1730.0 ssil -208.094086 REGEN
1730.0 1770.0 r -551.272949
1770.0 2190.0 e -4375.322266
2190.0 2210.0 gc -282.574463
2210.0 2395.0 ssil -2237.435547
2395.0 2435.0 ssil -456.334808 VAART
2435.0 2525.0 v -1035.028320
2525.0 2670.0 a -1297.454956
2670.0 2705.0 r -446.988647
2705.0 2875.0 ssil -2219.934570
2875.0 3025.0 ssil -1971.522705 DE
3025.0 3095.0 d -932.496704
3095.0 3110.0 ssil -211.892776
3110.0 3125.0 ssil -243.246292 KAPITEIN
3125.0 3235.0 k -1762.148315
3235.0 3360.0 ac -1587.676025
3360.0 3375.0 b -224.067993
3375.0 3445.0 i -928.478271
3445.0 3565.0 d -1704.209717
3565.0 3690.0 ei -1213.205566
3690.0 3760.0 n -799.219177
3760.0 3775.0 ssil -197.307175
3775.0 3790.0 ssil -194.879501 BLIJ
3790.0 3825.0 b -444.694153
3825.0 3890.0 l -823.902649
3890.0 4050.0 ei -1527.557983
4050.0 4065.0 ssil -170.599014
4065.0 4080.0 ssil -167.896530 WEG
4080.0 4125.0 w -491.985413
4125.0 4250.0 ec -1364.994873
4250.0 4265.0 x -212.375565
4265.0 4575.0 ssil -3899.604248
.
