#!MLF!#
"/net/aistaff/aki/_same-utterance/wav/05/Limburg/14759-1464463065-2104107.rec"
0.0 15.0 ssil -171.356552 NA
15.0 100.0 n -872.301575
100.0 115.0 a -185.716095
115.0 150.0 ssil -531.586060
150.0 670.0 ssil -6449.031738 DE
670.0 700.0 d -390.259644
700.0 915.0 @ -2877.989502
915.0 950.0 ssil -525.696045
950.0 980.0 ssil -433.118744 TOCHT
980.0 1040.0 t -1027.991455
1040.0 1130.0 oc -1270.723511
1130.0 1195.0 x -1019.434875
1195.0 1235.0 ssil -642.012390
1235.0 1300.0 ssil -948.743408 IN
1300.0 1315.0 n -273.623688
1315.0 1330.0 ssil -250.851852
1330.0 1345.0 ssil -244.693939 DE
1345.0 1360.0 d -228.941895
1360.0 1455.0 @ -1080.817627
1455.0 1470.0 ssil -211.608032
1470.0 1485.0 ssil -235.553040 REGEN
1485.0 1555.0 r -956.728455
1555.0 1845.0 e -3142.113037
1845.0 1930.0 gc -1142.776367
1930.0 2015.0 @ -1051.433960
2015.0 2145.0 n -1646.256470
2145.0 2185.0 ssil -565.124634
2185.0 2210.0 ssil -363.062988 VAART
2210.0 2265.0 v -724.871460
2265.0 2340.0 a -828.346436
2340.0 2360.0 r -276.060425
2360.0 2385.0 ssil -362.759674
2385.0 2440.0 ssil -745.073608 DE
2440.0 2475.0 d -535.076294
2475.0 2500.0 @ -394.104523
2500.0 2515.0 ssil -236.577164
2515.0 2530.0 ssil -215.712067 KAPITEIN
2530.0 2580.0 k -900.292908
2580.0 2695.0 ac -1454.595459
2695.0 2725.0 p -442.956818
2725.0 2825.0 i -1400.827515
2825.0 2885.0 t -804.182861
2885.0 3030.0 ei -1541.650757
3030.0 3090.0 n -672.172302
3090.0 3105.0 ssil -184.851074
3105.0 3120.0 ssil -186.406311 BLIJ
3120.0 3200.0 b -1054.960449
3200.0 3285.0 l -1086.288452
3285.0 3465.0 ei -1953.783447
3465.0 3480.0 ssil -182.965897
3480.0 3495.0 ssil -183.792145 WEG
3495.0 3515.0 w -222.709885
3515.0 3695.0 ec -2018.988037
3695.0 3850.0 x -2151.866455
3850.0 3950.0 ssil -1363.261841
.
