#!MLF!#
"/net/aistaff/aki/_same-utterance/wav/05/Limburg/14847-1467748439-2396588.rec"
0.0 195.0 ssil -2231.481934 NA
195.0 235.0 n -486.839478
235.0 250.0 a -178.218079
250.0 265.0 ssil -206.634872
265.0 280.0 ssil -210.829926 DE
280.0 295.0 d -191.827774
295.0 410.0 @ -1214.961792
410.0 445.0 ssil -464.244385
445.0 565.0 ssil -1461.869385 TOCHT
565.0 625.0 t -861.555969
625.0 795.0 oc -2039.515381
795.0 955.0 x -2223.375000
955.0 1080.0 t -1714.093384
1080.0 1185.0 ssil -1340.548096
1185.0 1280.0 ssil -1318.659790 IN
1280.0 1355.0 ic -895.106140
1355.0 1665.0 n -3535.481934
1665.0 1725.0 ssil -817.567200
1725.0 1925.0 ssil -2696.368164 DE
1925.0 2145.0 d -2788.154785
2145.0 2345.0 @ -2321.144531
2345.0 3005.0 ssil -9211.654297
3005.0 3820.0 ssil -11389.827148 REGEN
3820.0 4350.0 r -7390.598145
4350.0 4795.0 e -5488.573730
4795.0 4820.0 gc -340.802185
4820.0 5355.0 @ -6693.368652
5355.0 6520.0 ssil -15230.311523
6520.0 6645.0 ssil -1752.807983 VAART
6645.0 6660.0 v -239.273666
6660.0 6960.0 a -3506.776367
6960.0 7170.0 r -2650.028564
7170.0 7215.0 ssil -632.575867
7215.0 7340.0 ssil -1533.636719 DE
7340.0 7390.0 d -698.377625
7390.0 7540.0 @ -1859.307861
7540.0 7695.0 ssil -2341.220459
7695.0 7950.0 ssil -3580.591064 KAPITEIN
7950.0 7995.0 k -654.165649
7995.0 8565.0 @ -6692.886719
8565.0 8685.0 p -1866.287964
8685.0 8970.0 i -3074.351562
8970.0 9075.0 t -1469.751221
9075.0 9205.0 ei -1480.898926
9205.0 9300.0 n -1183.605835
9300.0 10045.0 ssil -9847.221680
10045.0 10585.0 ssil -7249.983887 BLIJ
10585.0 10600.0 b -226.970764
10600.0 10615.0 l -216.923569
10615.0 10800.0 ei -2152.502930
10800.0 10855.0 ssil -725.082031
10855.0 11105.0 ssil -3482.553955 WEG
11105.0 11145.0 w -557.463135
11145.0 11635.0 ec -5749.166016
11635.0 11730.0 x -1227.299561
11730.0 12215.0 ssil -6353.290527
.
