#!MLF!#
"/net/aistaff/aki/_same-utterance/wav/05/Limburg/15579-1465155904-2243590.rec"
0.0 910.0 ssil -11902.684570 NA
910.0 985.0 n -908.171204
985.0 1085.0 a -1135.211304
1085.0 1100.0 ssil -235.629791
1100.0 1115.0 ssil -217.628143 DE
1115.0 1130.0 d -214.469498
1130.0 1190.0 @ -780.209045
1190.0 1205.0 ssil -213.577606
1205.0 1260.0 ssil -763.043030 TOCHT
1260.0 1305.0 t -730.337830
1305.0 1415.0 oc -1410.094727
1415.0 1495.0 x -1203.512085
1495.0 1510.0 ssil -233.460007
1510.0 1530.0 ssil -290.932129 IN
1530.0 1620.0 ic -1115.658325
1620.0 1665.0 n -523.972534
1665.0 1680.0 ssil -207.047043
1680.0 1695.0 ssil -227.042038 DE
1695.0 1710.0 d -200.593155
1710.0 1750.0 @ -438.237152
1750.0 1765.0 ssil -222.493301
1765.0 1780.0 ssil -214.543762 REGEN
1780.0 1815.0 r -519.952942
1815.0 2005.0 e -2094.903564
2005.0 2060.0 gc -746.119934
2060.0 2145.0 @ -943.841980
2145.0 2260.0 n -1378.187866
2260.0 2360.0 ssil -1137.644653
2360.0 2385.0 ssil -301.256897 VAART
2385.0 2430.0 f -628.749451
2430.0 2530.0 a -1125.777344
2530.0 2600.0 r -1009.505005
2600.0 2635.0 t -493.514923
2635.0 2650.0 ssil -228.161652
2650.0 2665.0 ssil -232.927444 DE
2665.0 2680.0 d -227.509857
2680.0 2695.0 ssil -209.146881
2695.0 2710.0 ssil -238.047684 KAPITEIN
2710.0 2745.0 k -534.100830
2745.0 2835.0 ac -1127.569702
2835.0 2870.0 p -515.092651
2870.0 2955.0 i -1188.339722
2955.0 3010.0 t -801.515503
3010.0 3140.0 ei -1401.158325
3140.0 3195.0 n -617.806702
3195.0 3210.0 ssil -206.764175
3210.0 3225.0 ssil -199.296570 BLIJ
3225.0 3255.0 b -402.848694
3255.0 3300.0 l -608.609314
3300.0 3440.0 ei -1540.016846
3440.0 3455.0 ssil -198.594589
3455.0 3470.0 ssil -194.224121 WEG
3470.0 3515.0 w -493.054779
3515.0 3640.0 ec -1404.589600
3640.0 3655.0 x -249.564011
3655.0 4250.0 ssil -7694.605957
.
