#!MLF!#
"/net/aistaff/aki/_same-utterance/wav/05/Limburg/15588-1464943390-2217147.rec"
0.0 225.0 ssil -2607.837646 NA
225.0 240.0 n -216.312531
240.0 405.0 a -2212.153320
405.0 540.0 ssil -1776.372437
540.0 1350.0 ssil -9438.976562 DE
1350.0 1420.0 d -904.068237
1420.0 1700.0 @ -3784.325195
1700.0 1720.0 ssil -266.567078
1720.0 1775.0 ssil -759.246216 TOCHT
1775.0 1825.0 t -716.664917
1825.0 1930.0 oc -1403.527588
1930.0 1990.0 x -848.011230
1990.0 2045.0 ssil -823.286560
2045.0 2105.0 ssil -879.107117 IN
2105.0 2155.0 ic -639.815552
2155.0 2205.0 n -548.686829
2205.0 2220.0 ssil -188.110992
2220.0 2235.0 ssil -207.868179 DE
2235.0 2250.0 d -220.980042
2250.0 2330.0 @ -928.644043
2330.0 2345.0 ssil -175.154480
2345.0 2360.0 ssil -173.957031 REGEN
2360.0 2375.0 r -188.572968
2375.0 2615.0 e -2817.494385
2615.0 2690.0 gc -1082.576904
2690.0 2865.0 @ -2088.490234
2865.0 2880.0 ssil -200.115067
2880.0 2895.0 ssil -180.971878 VAART
2895.0 3015.0 f -1477.920532
3015.0 3140.0 a -1221.673706
3140.0 3155.0 r -211.572311
3155.0 3180.0 ssil -304.543915
3180.0 3265.0 ssil -1119.536011 DE
3265.0 3295.0 d -459.172791
3295.0 3365.0 @ -894.643127
3365.0 3380.0 ssil -180.704849
3380.0 3400.0 ssil -270.399811 KAPITEIN
3400.0 3440.0 k -619.294861
3440.0 3595.0 ac -2110.135742
3595.0 3610.0 b -247.387894
3610.0 3695.0 i -1113.885742
3695.0 3790.0 d -1428.940308
3790.0 3965.0 ei -1818.302490
3965.0 4015.0 n -519.677246
4015.0 4030.0 ssil -196.165146
4030.0 4045.0 ssil -209.046509 BLIJ
4045.0 4065.0 b -287.714661
4065.0 4130.0 l -938.741272
4130.0 4520.0 ei -4358.343750
4520.0 4760.0 ssil -3207.470947
4760.0 4840.0 ssil -996.283997 WEG
4840.0 5790.0 w -11436.823242
5790.0 5805.0 ec -225.769821
5805.0 5820.0 x -228.121124
5820.0 5945.0 ssil -1687.927856
.
