#!MLF!#
"/net/aistaff/aki/_same-utterance/wav/05/Limburg/16210-1464534676-2125137.rec"
0.0 145.0 ssil -1247.884888 NA
145.0 160.0 n -154.193268
160.0 175.0 a -170.119492
175.0 205.0 ssil -447.288696
205.0 800.0 ssil -7005.694824 DE
800.0 835.0 d -542.229492
835.0 955.0 @ -1516.463623
955.0 1025.0 ssil -1180.654419
1025.0 1055.0 ssil -451.722412 TOCHT
1055.0 1155.0 t -1442.214722
1155.0 1245.0 oc -1166.408936
1245.0 1320.0 x -1042.789185
1320.0 1390.0 t -1001.073547
1390.0 1410.0 ssil -295.903870
1410.0 1425.0 ssil -225.504715 IN
1425.0 1510.0 n -1058.877319
1510.0 1525.0 ssil -258.086639
1525.0 1540.0 ssil -223.957291 DE
1540.0 1555.0 d -209.983978
1555.0 1570.0 ssil -212.338623
1570.0 1585.0 ssil -198.945038 REGEN
1585.0 1640.0 r -604.486084
1640.0 1905.0 e -2884.320312
1905.0 1920.0 gc -238.884750
1920.0 2065.0 n -1696.918823
2065.0 2085.0 ssil -288.603058
2085.0 2100.0 ssil -219.395905 VAART
2100.0 2205.0 f -1261.841431
2205.0 2250.0 a -540.326294
2250.0 2290.0 r -538.203552
2290.0 2375.0 t -1165.062744
2375.0 2390.0 ssil -226.967529
2390.0 2405.0 ssil -228.014938 DE
2405.0 2420.0 d -225.077194
2420.0 2435.0 ssil -185.347229
2435.0 2450.0 ssil -202.079132 KAPITEIN
2450.0 2500.0 k -754.448975
2500.0 2565.0 ac -847.223999
2565.0 2625.0 p -820.876282
2625.0 2765.0 t -1974.790649
2765.0 2850.0 ei -1039.123657
2850.0 2905.0 n -700.406006
2905.0 2920.0 ssil -245.473068
2920.0 2935.0 ssil -227.652420 BLIJ
2935.0 2970.0 b -483.817993
2970.0 3015.0 l -577.852356
3015.0 3120.0 ei -1130.085083
3120.0 3135.0 ssil -191.987534
3135.0 3150.0 ssil -179.194214 WEG
3150.0 3210.0 w -644.546631
3210.0 3320.0 ec -1246.512207
3320.0 3440.0 x -1567.648193
3440.0 3505.0 ssil -805.164856
.
