#!MLF!#
"/net/aistaff/aki/_same-utterance/wav/05/Limburg/16307-1464114246-1877610.rec"
0.0 705.0 ssil -8326.758789 NA
705.0 795.0 n -1056.996338
795.0 950.0 a -1742.233276
950.0 965.0 ssil -255.198822
965.0 980.0 ssil -238.029160 DE
980.0 1000.0 d -282.442413
1000.0 1075.0 @ -1079.844727
1075.0 1090.0 ssil -207.163742
1090.0 1105.0 ssil -222.862534 TOCHT
1105.0 1150.0 t -720.020508
1150.0 1300.0 oc -1758.907959
1300.0 1345.0 x -607.670288
1345.0 1360.0 ssil -209.504044
1360.0 1385.0 ssil -364.150269 IN
1385.0 1495.0 ic -1377.751953
1495.0 1560.0 n -764.582458
1560.0 1575.0 ssil -241.120178
1575.0 1590.0 ssil -238.452332 DE
1590.0 1605.0 d -220.527832
1605.0 1650.0 @ -546.374451
1650.0 1665.0 ssil -198.200134
1665.0 1680.0 ssil -193.040482 REGEN
1680.0 1710.0 r -367.033386
1710.0 2040.0 e -3835.885742
2040.0 2055.0 gc -253.391571
2055.0 2205.0 n -1786.335083
2205.0 2340.0 ssil -1716.993774
2340.0 2380.0 ssil -472.506653 VAART
2380.0 2460.0 v -1006.408630
2460.0 2610.0 a -1572.672729
2610.0 2650.0 r -534.258362
2650.0 2765.0 t -1480.118896
2765.0 2795.0 ssil -406.544434
2795.0 2810.0 ssil -205.580978 DE
2810.0 2925.0 d -1429.556763
2925.0 3055.0 @ -1469.181152
3055.0 3070.0 ssil -204.689026
3070.0 3085.0 ssil -191.351685 KAPITEIN
3085.0 3175.0 k -1170.159424
3175.0 3295.0 ac -1590.677246
3295.0 3345.0 p -692.988403
3345.0 3455.0 t -1535.805298
3455.0 3615.0 ei -1765.695801
3615.0 3730.0 n -1407.535400
3730.0 3745.0 ssil -214.200531
3745.0 3760.0 ssil -228.607712 BLIJ
3760.0 3800.0 b -580.464111
3800.0 3845.0 l -654.085327
3845.0 4010.0 ei -1818.090698
4010.0 4025.0 ssil -185.268753
4025.0 4040.0 ssil -186.677612 WEG
4040.0 4075.0 w -389.141113
4075.0 4270.0 ec -2152.391602
4270.0 4490.0 x -3099.038574
4490.0 5015.0 ssil -6535.152832
.
