#!MLF!#
"/net/aistaff/aki/_same-utterance/wav/05/Limburg/16311-1464116012-1879503.rec"
0.0 15.0 ssil -181.908508 NA
15.0 340.0 n -3787.020508
340.0 470.0 a -1607.234131
470.0 485.0 ssil -230.731888
485.0 500.0 ssil -204.343567 DE
500.0 515.0 d -206.371780
515.0 645.0 @ -1630.771362
645.0 660.0 ssil -173.321091
660.0 675.0 ssil -252.049515 TOCHT
675.0 710.0 t -639.653503
710.0 875.0 oc -2188.728516
875.0 945.0 x -995.068481
945.0 970.0 ssil -320.577606
970.0 995.0 ssil -376.781616 IN
995.0 1100.0 ic -1461.994873
1100.0 1180.0 n -871.808533
1180.0 1195.0 ssil -236.428909
1195.0 1210.0 ssil -221.151337 DE
1210.0 1225.0 d -205.005127
1225.0 1295.0 @ -881.919678
1295.0 1320.0 ssil -357.023132
1320.0 1335.0 ssil -205.170929 REGEN
1335.0 1355.0 r -271.060394
1355.0 1630.0 e -3382.997314
1630.0 1645.0 gc -252.206070
1645.0 1810.0 n -1887.388184
1810.0 1835.0 ssil -306.995300
1835.0 1850.0 ssil -196.358932 VAART
1850.0 1905.0 v -718.293518
1905.0 2035.0 a -1442.641724
2035.0 2060.0 r -350.886169
2060.0 2135.0 ssil -1011.747742
2135.0 2180.0 ssil -685.419189 DE
2180.0 2195.0 d -266.129456
2195.0 2255.0 @ -720.276733
2255.0 2275.0 ssil -236.961990
2275.0 2310.0 ssil -442.696381 KAPITEIN
2310.0 2350.0 k -594.694336
2350.0 2500.0 ac -1909.291748
2500.0 2515.0 b -236.294754
2515.0 2580.0 i -819.866089
2580.0 2595.0 d -211.428665
2595.0 2890.0 ei -3794.530273
2890.0 2960.0 n -762.907410
2960.0 2975.0 ssil -191.739227
2975.0 2995.0 ssil -234.693161 BLIJ
2995.0 3035.0 b -477.150208
3035.0 3100.0 l -787.542542
3100.0 3305.0 ei -2467.364258
3305.0 3320.0 ssil -195.093140
3320.0 3335.0 ssil -188.644394 WEG
3335.0 3380.0 w -558.288086
3380.0 3575.0 ec -2447.843994
3575.0 3755.0 x -2510.626465
3755.0 4225.0 ssil -6389.562500
.
