#!MLF!#
"/net/aistaff/aki/_same-utterance/wav/05/Limburg/16326-1464605342-1890343.rec"
0.0 440.0 ssil -4779.162109 NA
440.0 505.0 n -762.781921
505.0 710.0 a -2346.466553
710.0 725.0 ssil -210.256119
725.0 740.0 ssil -231.477097 DE
740.0 755.0 d -213.308014
755.0 805.0 @ -603.002380
805.0 820.0 ssil -184.055969
820.0 835.0 ssil -216.335510 TOCHT
835.0 885.0 t -681.455994
885.0 955.0 oc -909.167114
955.0 1015.0 x -811.954895
1015.0 1055.0 t -601.330750
1055.0 1070.0 ssil -224.354401
1070.0 1090.0 ssil -291.415009 IN
1090.0 1165.0 ic -953.143066
1165.0 1235.0 n -743.530090
1235.0 1250.0 ssil -216.735336
1250.0 1265.0 ssil -223.849976 DE
1265.0 1285.0 d -274.412231
1285.0 1340.0 @ -654.478333
1340.0 1355.0 ssil -216.052994
1355.0 1370.0 ssil -223.025146 REGEN
1370.0 1405.0 r -477.315918
1405.0 1535.0 e -1591.970947
1535.0 1600.0 gc -860.019653
1600.0 1910.0 @ -3798.422607
1910.0 1950.0 ssil -458.225952
1950.0 1990.0 ssil -538.928589 VAART
1990.0 2105.0 v -1331.228882
2105.0 2225.0 a -1216.958496
2225.0 2355.0 r -1837.789917
2355.0 2425.0 t -950.230408
2425.0 2440.0 ssil -210.612167
2440.0 2455.0 ssil -195.018890 DE
2455.0 2470.0 d -199.859818
2470.0 2490.0 ssil -251.891815
2490.0 2515.0 ssil -365.994202 KAPITEIN
2515.0 2590.0 k -1160.588135
2590.0 2735.0 ac -1732.979736
2735.0 2805.0 p -973.166260
2805.0 2885.0 @ -985.337097
2885.0 2930.0 t -600.822083
2930.0 3070.0 ei -1511.048462
3070.0 3245.0 n -1823.341187
3245.0 3265.0 ssil -277.394989
3265.0 3285.0 ssil -257.315796 BLIJ
3285.0 3300.0 b -198.650101
3300.0 3335.0 l -473.807220
3335.0 3515.0 ei -2049.507568
3515.0 3535.0 ssil -242.126083
3535.0 3550.0 ssil -188.245865 WEG
3550.0 3575.0 w -294.745392
3575.0 3765.0 ec -2267.247314
3765.0 3780.0 x -222.721893
3780.0 4085.0 ssil -3715.352539
.
