#!MLF!#
"/net/aistaff/aki/_same-utterance/wav/05/Limburg/16495-1464465844-2105978.rec"
0.0 835.0 ssil -10263.265625 NA
835.0 885.0 n -675.781250
885.0 1000.0 a -1317.292725
1000.0 1015.0 ssil -223.959641
1015.0 1030.0 ssil -223.693680 DE
1030.0 1045.0 d -205.342758
1045.0 1135.0 @ -1128.709473
1135.0 1165.0 ssil -383.942627
1165.0 1185.0 ssil -299.643280 TOCHT
1185.0 1215.0 t -468.930603
1215.0 1310.0 oc -1172.951660
1310.0 1395.0 x -1122.486450
1395.0 1420.0 t -356.358032
1420.0 1435.0 ssil -224.890457
1435.0 1450.0 ssil -203.422928 IN
1450.0 1550.0 ic -1185.728271
1550.0 1600.0 n -553.479980
1600.0 1615.0 ssil -203.253738
1615.0 1630.0 ssil -243.191772 DE
1630.0 1645.0 d -217.878937
1645.0 1695.0 @ -605.112305
1695.0 1710.0 ssil -179.176300
1710.0 1725.0 ssil -167.763351 REGEN
1725.0 1745.0 r -225.365005
1745.0 2010.0 e -3217.444336
2010.0 2025.0 gc -220.043533
2025.0 2210.0 @ -2039.929077
2210.0 2245.0 ssil -458.959930
2245.0 2270.0 ssil -331.903168 VAART
2270.0 2375.0 f -1339.055786
2375.0 2520.0 a -1468.443481
2520.0 2535.0 r -202.854141
2535.0 2555.0 ssil -283.612427
2555.0 2575.0 ssil -325.549500 DE
2575.0 2605.0 d -456.898346
2605.0 2655.0 @ -633.572388
2655.0 2680.0 ssil -342.888336
2680.0 2710.0 ssil -424.881927 KAPITEIN
2710.0 2725.0 k -249.350922
2725.0 2845.0 ac -1516.245850
2845.0 2885.0 b -571.664612
2885.0 2910.0 i -422.503906
2910.0 3020.0 d -1568.863037
3020.0 3160.0 ei -1693.680054
3160.0 3240.0 n -845.650330
3240.0 3255.0 ssil -189.423370
3255.0 3270.0 ssil -208.107285 BLIJ
3270.0 3295.0 b -376.066498
3295.0 3330.0 l -522.900452
3330.0 3440.0 ei -1290.153809
3440.0 3455.0 ssil -189.686935
3455.0 3470.0 ssil -181.656891 WEG
3470.0 3555.0 w -889.032104
3555.0 3635.0 ec -927.333557
3635.0 3650.0 x -241.434875
3650.0 4135.0 ssil -5990.052734
.
