#!MLF!#
"/net/aistaff/aki/_same-utterance/wav/05/Limburg/16938-1469361998-2402604.rec"
0.0 15.0 ssil -182.267334 NA
15.0 180.0 n -1562.401123
180.0 195.0 a -195.384018
195.0 250.0 ssil -806.065918
250.0 1015.0 ssil -9496.907227 DE
1015.0 1095.0 d -1066.182617
1095.0 1370.0 @ -3660.673828
1370.0 1385.0 ssil -205.118576
1385.0 1405.0 ssil -294.941345 TOCHT
1405.0 1435.0 t -471.485992
1435.0 1570.0 oc -1846.805420
1570.0 1725.0 ssil -2314.247559
1725.0 1765.0 ssil -654.707947 IN
1765.0 1815.0 ic -651.467712
1815.0 1990.0 n -2184.918945
1990.0 2010.0 ssil -257.995605
2010.0 2025.0 ssil -212.828430 DE
2025.0 2065.0 d -596.071960
2065.0 2080.0 ssil -183.476196
2080.0 2095.0 ssil -191.322220 REGEN
2095.0 2110.0 r -206.649719
2110.0 2280.0 e -2086.464355
2280.0 2295.0 gc -244.362076
2295.0 2340.0 @ -617.155884
2340.0 2485.0 n -1958.105347
2485.0 2630.0 ssil -1987.168213
2630.0 2655.0 ssil -298.213104 VAART
2655.0 2695.0 v -475.950989
2695.0 2850.0 a -1851.920044
2850.0 2865.0 r -217.747147
2865.0 2930.0 ssil -879.208191
2930.0 2965.0 ssil -540.166931 DE
2965.0 3000.0 d -565.183594
3000.0 3020.0 @ -284.509064
3020.0 3040.0 ssil -247.016373
3040.0 3055.0 ssil -187.841385 KAPITEIN
3055.0 3110.0 k -848.490784
3110.0 3240.0 ac -1616.158203
3240.0 3285.0 b -642.880188
3285.0 3360.0 i -913.194275
3360.0 3410.0 d -756.681763
3410.0 3630.0 ei -2593.935059
3630.0 3655.0 n -312.499725
3655.0 3670.0 ssil -212.019623
3670.0 3685.0 ssil -201.454041 BLIJ
3685.0 3830.0 b -1665.006348
3830.0 3900.0 l -824.178162
3900.0 4040.0 ei -1594.940308
4040.0 4055.0 ssil -198.932648
4055.0 4070.0 ssil -199.078491 WEG
4070.0 4135.0 w -737.710815
4135.0 4255.0 ec -1663.060791
4255.0 4430.0 x -2401.008301
4430.0 4715.0 ssil -3548.987305
.
