#!MLF!#
"/net/aistaff/aki/_same-utterance/wav/05/Limburg/17126-1472372119-2437491.rec"
0.0 490.0 ssil -6108.708984 NA
490.0 605.0 n -1244.438965
605.0 810.0 a -1932.662231
810.0 825.0 ssil -203.780899
825.0 840.0 ssil -220.606171 DE
840.0 860.0 d -281.168243
860.0 955.0 @ -1094.013184
955.0 995.0 ssil -515.163391
995.0 1055.0 ssil -763.673950 TOCHT
1055.0 1090.0 t -570.550293
1090.0 1260.0 oc -2277.197021
1260.0 1370.0 x -1581.813232
1370.0 1530.0 t -2145.843262
1530.0 1575.0 ssil -613.770996
1575.0 1685.0 ssil -1316.308472 IN
1685.0 1755.0 ic -836.326599
1755.0 1810.0 n -586.366760
1810.0 1825.0 ssil -201.769180
1825.0 1840.0 ssil -213.998993 DE
1840.0 1855.0 d -206.343597
1855.0 1950.0 @ -974.923645
1950.0 1965.0 ssil -185.926941
1965.0 1980.0 ssil -183.639526 REGEN
1980.0 1995.0 r -213.623001
1995.0 2215.0 e -2268.475342
2215.0 2250.0 gc -466.714813
2250.0 2345.0 @ -1052.957886
2345.0 2460.0 n -1108.309692
2460.0 2475.0 ssil -192.741745
2475.0 2495.0 ssil -254.730621 VAART
2495.0 2590.0 f -1215.261963
2590.0 2770.0 a -1990.180176
2770.0 2805.0 r -454.690155
2805.0 2875.0 ssil -959.711487
2875.0 2915.0 ssil -535.286682 DE
2915.0 2945.0 d -416.414246
2945.0 3030.0 @ -1078.258301
3030.0 3050.0 ssil -279.918762
3050.0 3080.0 ssil -391.443909 KAPITEIN
3080.0 3130.0 k -734.734375
3130.0 3260.0 ac -1679.864502
3260.0 3275.0 p -215.714340
3275.0 3305.0 @ -492.325928
3305.0 3445.0 t -1821.851440
3445.0 3605.0 ei -1573.687866
3605.0 3655.0 n -487.324036
3655.0 3670.0 ssil -188.861862
3670.0 3685.0 ssil -203.236237 BLIJ
3685.0 3790.0 b -1220.957031
3790.0 3855.0 l -847.794556
3855.0 4095.0 ei -2605.648926
4095.0 4110.0 ssil -218.866348
4110.0 4125.0 ssil -197.421967 WEG
4125.0 4185.0 w -658.015686
4185.0 4305.0 ec -1432.012085
4305.0 4340.0 x -498.223389
4340.0 5180.0 ssil -9931.361328
.
