#!MLF!#
"/net/aistaff/aki/_same-utterance/wav/05/Limburg/17379-1472592803-2478537.rec"
0.0 640.0 ssil -6917.891113 NA
640.0 780.0 n -1533.159546
780.0 905.0 a -1271.495728
905.0 920.0 ssil -213.816956
920.0 935.0 ssil -221.765076 DE
935.0 965.0 d -418.340424
965.0 1020.0 @ -774.750549
1020.0 1085.0 ssil -811.646240
1085.0 1120.0 ssil -409.141724 TOCHT
1120.0 1175.0 t -850.415344
1175.0 1260.0 oc -1093.255859
1260.0 1410.0 x -2049.734619
1410.0 1425.0 ssil -208.339355
1425.0 1455.0 ssil -481.533447 IN
1455.0 1590.0 ic -1947.421021
1590.0 1655.0 n -827.853943
1655.0 1715.0 ssil -665.356018
1715.0 1740.0 ssil -321.978760 DE
1740.0 1755.0 d -228.259827
1755.0 1770.0 ssil -215.322510
1770.0 1790.0 ssil -284.540558 REGEN
1790.0 1805.0 r -232.341446
1805.0 2025.0 e -2375.929688
2025.0 2145.0 gc -1621.177124
2145.0 2380.0 @ -2697.833252
2380.0 2420.0 ssil -484.064606
2420.0 2445.0 ssil -301.919159 VAART
2445.0 2500.0 v -696.865845
2500.0 2515.0 a -193.802826
2515.0 2630.0 r -1313.455566
2630.0 2645.0 ssil -240.523514
2645.0 2660.0 ssil -234.248795 DE
2660.0 2690.0 d -417.057526
2690.0 2715.0 @ -367.795959
2715.0 2730.0 ssil -222.097061
2730.0 2745.0 ssil -206.404984 KAPITEIN
2745.0 2820.0 k -1101.200317
2820.0 2850.0 @ -406.074615
2850.0 2920.0 b -925.098511
2920.0 3025.0 i -1312.245972
3025.0 3090.0 d -929.853760
3090.0 3265.0 ei -1873.723999
3265.0 3355.0 n -939.596619
3355.0 3370.0 ssil -177.969406
3370.0 3385.0 ssil -205.374329 BLIJ
3385.0 3405.0 b -298.188232
3405.0 3485.0 l -1065.578857
3485.0 3660.0 ei -1809.763306
3660.0 3680.0 ssil -248.268524
3680.0 3695.0 ssil -177.999451 WEG
3695.0 3740.0 w -528.913208
3740.0 3835.0 ec -1150.381592
3835.0 3870.0 x -574.708374
3870.0 4180.0 ssil -4073.972656
.
