#!MLF!#
"/net/aistaff/aki/_same-utterance/wav/05/Limburg/17820-1485298033-2550409.rec"
0.0 645.0 ssil -8279.123047 NA
645.0 695.0 n -754.909973
695.0 855.0 a -2035.551514
855.0 870.0 ssil -198.723083
870.0 890.0 ssil -282.005707 DE
890.0 905.0 d -220.238190
905.0 945.0 ssil -544.907837
945.0 980.0 ssil -501.663910 TOCHT
980.0 1030.0 t -712.266785
1030.0 1105.0 oc -995.248352
1105.0 1190.0 x -1225.397827
1190.0 1240.0 ssil -845.020447
1240.0 1255.0 ssil -226.783875 IN
1255.0 1300.0 ic -623.567261
1300.0 1425.0 n -1577.788696
1425.0 1440.0 ssil -210.916489
1440.0 1455.0 ssil -205.800934 DE
1455.0 1470.0 d -210.847458
1470.0 1495.0 ssil -355.010986
1495.0 1535.0 ssil -599.884888 REGEN
1535.0 1550.0 r -233.671722
1550.0 1710.0 e -1830.160767
1710.0 1775.0 gc -866.975952
1775.0 1900.0 @ -1511.799316
1900.0 1990.0 n -1149.610840
1990.0 2035.0 ssil -541.425720
2035.0 2125.0 ssil -1129.240723 VAART
2125.0 2275.0 f -1937.835083
2275.0 2410.0 a -1587.101318
2410.0 2450.0 r -559.410889
2450.0 2465.0 ssil -215.955429
2465.0 2515.0 ssil -683.165955 DE
2515.0 2545.0 d -502.625488
2545.0 2570.0 @ -405.346039
2570.0 2600.0 ssil -417.411377
2600.0 2630.0 ssil -415.072235 KAPITEIN
2630.0 2665.0 k -531.580322
2665.0 2770.0 ac -1345.608398
2770.0 2825.0 p -752.554260
2825.0 2950.0 t -1634.761230
2950.0 3120.0 ei -1808.014526
3120.0 3180.0 n -695.700256
3180.0 3195.0 ssil -198.286133
3195.0 3210.0 ssil -180.877243 BLIJ
3210.0 3255.0 b -575.313965
3255.0 3305.0 l -667.988098
3305.0 3470.0 ei -1965.063232
3470.0 3485.0 ssil -225.827286
3485.0 3500.0 ssil -203.755219 WEG
3500.0 3530.0 w -354.213654
3530.0 3605.0 ec -947.555176
3605.0 3620.0 x -198.444443
3620.0 4135.0 ssil -6792.339844
.
