#!MLF!#
"/net/aistaff/aki/_same-utterance/wav/05/Limburg/2033-1449235363-195150.rec"
0.0 15.0 ssil -137.986542 NA
15.0 30.0 n -150.307312
30.0 285.0 a -1903.356079
285.0 300.0 ssil -231.043671
300.0 740.0 ssil -4881.180664 DE
740.0 800.0 d -871.085205
800.0 1075.0 @ -3901.214355
1075.0 1100.0 ssil -342.845154
1100.0 1170.0 ssil -896.731079 TOCHT
1170.0 1195.0 t -379.837494
1195.0 1295.0 oc -1268.094238
1295.0 1380.0 x -1300.222412
1380.0 1460.0 t -1003.791504
1460.0 1550.0 ssil -1132.496826
1550.0 1720.0 ssil -2490.777100 IN
1720.0 1825.0 n -1453.761719
1825.0 1840.0 ssil -225.237610
1840.0 1860.0 ssil -253.536331 DE
1860.0 1930.0 d -946.511108
1930.0 1980.0 @ -633.288208
1980.0 1995.0 ssil -237.319519
1995.0 2010.0 ssil -228.742477 REGEN
2010.0 2060.0 r -691.559448
2060.0 2250.0 e -2153.104004
2250.0 2275.0 gc -358.723785
2275.0 2350.0 @ -1074.893921
2350.0 2475.0 n -1566.648438
2475.0 2705.0 ssil -2759.343018
2705.0 2720.0 ssil -201.327316 VAART
2720.0 2825.0 v -1307.536743
2825.0 3005.0 a -2290.806152
3005.0 3050.0 r -655.640259
3050.0 3125.0 t -1166.678345
3125.0 3200.0 ssil -1050.322021
3200.0 3260.0 ssil -741.664856 DE
3260.0 3335.0 d -1014.216309
3335.0 3360.0 @ -379.378662
3360.0 3375.0 ssil -195.955856
3375.0 3400.0 ssil -326.554596 KAPITEIN
3400.0 3450.0 k -731.503296
3450.0 3535.0 ac -1116.339355
3535.0 3585.0 p -801.418884
3585.0 3645.0 i -796.295288
3645.0 3720.0 t -1033.968018
3720.0 3900.0 ei -1992.421387
3900.0 4045.0 n -1755.945312
4045.0 4060.0 ssil -207.625793
4060.0 4075.0 ssil -199.840714 BLIJ
4075.0 4180.0 b -1306.633667
4180.0 4225.0 l -720.995117
4225.0 4390.0 ei -1971.755859
4390.0 4405.0 ssil -223.738052
4405.0 4420.0 ssil -200.948639 WEG
4420.0 4475.0 w -657.157227
4475.0 4580.0 ec -1328.861938
4580.0 4595.0 x -204.387329
4595.0 6175.0 ssil -18086.435547
.
