#!MLF!#
"/net/aistaff/aki/_same-utterance/wav/05/Limburg/2219-1449525809-461368.rec"
0.0 760.0 ssil -8391.428711 NA
760.0 860.0 n -1110.725464
860.0 1075.0 a -2206.425293
1075.0 1090.0 ssil -187.924683
1090.0 1105.0 ssil -197.117844 DE
1105.0 1120.0 d -196.422714
1120.0 1240.0 @ -1513.794800
1240.0 1255.0 ssil -181.298218
1255.0 1275.0 ssil -258.150330 TOCHT
1275.0 1315.0 t -568.383484
1315.0 1455.0 oc -1721.862915
1455.0 1510.0 x -859.643921
1510.0 1585.0 t -1009.598755
1585.0 1600.0 ssil -213.503098
1600.0 1620.0 ssil -251.740799 IN
1620.0 1640.0 n -239.474976
1640.0 1655.0 ssil -182.395309
1655.0 1670.0 ssil -182.706680 DE
1670.0 1715.0 d -601.962280
1715.0 1850.0 @ -1638.373901
1850.0 1865.0 ssil -224.924728
1865.0 1880.0 ssil -253.334396 REGEN
1880.0 2050.0 r -2144.321533
2050.0 2260.0 e -2241.955078
2260.0 2340.0 gc -1038.629761
2340.0 2390.0 @ -638.310425
2390.0 2540.0 n -1615.667480
2540.0 2570.0 ssil -379.243652
2570.0 2595.0 ssil -344.940521 VAART
2595.0 2720.0 v -1437.189209
2720.0 2880.0 a -1650.876587
2880.0 2905.0 r -323.332275
2905.0 2995.0 t -1218.471069
2995.0 3010.0 ssil -205.002075
3010.0 3045.0 ssil -462.817719 DE
3045.0 3060.0 d -202.217392
3060.0 3145.0 @ -1046.146240
3145.0 3160.0 ssil -196.672241
3160.0 3175.0 ssil -203.551056 KAPITEIN
3175.0 3230.0 k -875.502869
3230.0 3345.0 ac -1424.345337
3345.0 3390.0 p -654.219727
3390.0 3480.0 @ -1144.013916
3480.0 3545.0 t -893.867981
3545.0 3680.0 ei -1466.307129
3680.0 3750.0 n -787.134705
3750.0 3765.0 ssil -201.986633
3765.0 3780.0 ssil -188.098434 BLIJ
3780.0 3855.0 b -863.479492
3855.0 3895.0 l -488.304352
3895.0 4085.0 ei -2006.071655
4085.0 4100.0 ssil -182.664917
4100.0 4115.0 ssil -184.685486 WEG
4115.0 4155.0 w -455.136993
4155.0 4280.0 ec -1486.565674
4280.0 4305.0 x -349.103516
4305.0 4690.0 ssil -4670.457031
.
