#!MLF!#
"/net/aistaff/aki/_same-utterance/wav/05/Limburg/2416-1449314707-266793.rec"
0.0 15.0 ssil -149.904495 NA
15.0 135.0 n -1069.673218
135.0 150.0 a -178.385696
150.0 270.0 ssil -1767.671265
270.0 2300.0 ssil -22614.712891 DE
2300.0 2340.0 d -558.381897
2340.0 2540.0 @ -2673.929932
2540.0 2555.0 ssil -179.933853
2555.0 2570.0 ssil -204.353348 TOCHT
2570.0 2610.0 t -584.959717
2610.0 2730.0 oc -1640.814819
2730.0 2775.0 x -680.323242
2775.0 2810.0 ssil -523.484253
2810.0 2870.0 ssil -845.615784 IN
2870.0 2885.0 n -213.893188
2885.0 2930.0 ssil -556.620483
2930.0 2965.0 ssil -388.740295 DE
2965.0 3000.0 d -517.617676
3000.0 3025.0 @ -321.649139
3025.0 3040.0 ssil -209.262924
3040.0 3055.0 ssil -207.678284 REGEN
3055.0 3290.0 r -2834.772949
3290.0 3500.0 e -2488.654053
3500.0 3515.0 gc -257.789459
3515.0 3800.0 n -3516.697754
3800.0 3815.0 ssil -206.849686
3815.0 3840.0 ssil -362.483124 VAART
3840.0 3940.0 f -1178.572876
3940.0 4030.0 a -1040.102539
4030.0 4045.0 r -198.555984
4045.0 4060.0 ssil -217.170074
4060.0 4075.0 ssil -246.238678 DE
4075.0 4105.0 d -417.933868
4105.0 4130.0 @ -377.840515
4130.0 4145.0 ssil -248.561966
4145.0 4165.0 ssil -268.866791 KAPITEIN
4165.0 4215.0 k -743.201050
4215.0 4325.0 ac -1407.637573
4325.0 4370.0 b -683.553589
4370.0 4440.0 @ -902.673401
4440.0 4505.0 d -952.629517
4505.0 4650.0 ei -1475.579102
4650.0 4735.0 n -936.859253
4735.0 4750.0 ssil -194.788589
4750.0 4765.0 ssil -194.093002 BLIJ
4765.0 4810.0 b -613.359070
4810.0 4870.0 l -869.002686
4870.0 5010.0 ei -1643.044922
5010.0 5025.0 ssil -200.580704
5025.0 5040.0 ssil -187.749481 WEG
5040.0 5095.0 w -653.130981
5095.0 5180.0 ec -1042.521362
5180.0 5195.0 x -209.005249
5195.0 6340.0 ssil -13829.579102
.
