#!MLF!#
"/net/aistaff/aki/_same-utterance/wav/05/Limburg/2981-1449405746-354082.rec"
0.0 15.0 ssil -168.821426 NA
15.0 305.0 n -2754.189209
305.0 320.0 a -185.835190
320.0 615.0 ssil -3841.998779
615.0 740.0 ssil -1532.314697 DE
740.0 790.0 d -710.032104
790.0 945.0 @ -2063.504150
945.0 1055.0 ssil -1672.634888
1055.0 1110.0 ssil -688.663452 TOCHT
1110.0 1145.0 t -507.180878
1145.0 1235.0 oc -1142.631226
1235.0 1325.0 x -1327.000244
1325.0 1355.0 ssil -455.884613
1355.0 1395.0 ssil -625.999695 IN
1395.0 1410.0 n -234.701248
1410.0 1430.0 ssil -250.289993
1430.0 1445.0 ssil -193.549469 DE
1445.0 1530.0 d -1092.989136
1530.0 1625.0 @ -1208.401733
1625.0 1640.0 ssil -233.347885
1640.0 1665.0 ssil -413.319122 REGEN
1665.0 1785.0 r -1496.380005
1785.0 2025.0 e -2705.570801
2025.0 2060.0 gc -545.376953
2060.0 2260.0 @ -2437.551270
2260.0 2380.0 ssil -1555.083008
2380.0 2395.0 ssil -221.013474 VAART
2395.0 2510.0 v -1360.161621
2510.0 2635.0 a -1310.230957
2635.0 2685.0 r -674.294739
2685.0 2805.0 t -1684.775024
2805.0 2840.0 ssil -519.206116
2840.0 2855.0 ssil -212.259796 DE
2855.0 2900.0 d -640.383118
2900.0 2930.0 @ -354.181274
2930.0 2945.0 ssil -207.840042
2945.0 2970.0 ssil -336.209839 KAPITEIN
2970.0 3025.0 k -838.785583
3025.0 3145.0 ac -1615.541260
3145.0 3190.0 b -689.759460
3190.0 3295.0 i -1395.430542
3295.0 3345.0 d -699.275940
3345.0 3525.0 ei -1987.720825
3525.0 3620.0 n -1099.198730
3620.0 3635.0 ssil -213.435043
3635.0 3650.0 ssil -200.327408 BLIJ
3650.0 3700.0 b -693.547241
3700.0 3770.0 l -885.609009
3770.0 3940.0 ei -1585.068115
3940.0 3955.0 ssil -188.851425
3955.0 3970.0 ssil -190.046417 WEG
3970.0 3995.0 w -277.845947
3995.0 4125.0 ec -1244.253052
4125.0 4145.0 x -305.797638
4145.0 4575.0 ssil -5539.231934
.
