#!MLF!#
"/net/aistaff/aki/_same-utterance/wav/05/Limburg/3025-1449434544-395866.rec"
0.0 740.0 ssil -9016.663086 NA
740.0 835.0 n -1097.900146
835.0 955.0 a -1241.730347
955.0 970.0 ssil -233.762039
970.0 985.0 ssil -260.732391 DE
985.0 1015.0 d -429.839111
1015.0 1040.0 @ -317.414612
1040.0 1105.0 ssil -864.172302
1105.0 1135.0 ssil -371.508759 TOCHT
1135.0 1180.0 t -663.958069
1180.0 1305.0 oc -1571.574585
1305.0 1360.0 x -779.368713
1360.0 1375.0 ssil -208.758621
1375.0 1390.0 ssil -196.017761 IN
1390.0 1405.0 n -201.296463
1405.0 1420.0 ssil -211.875610
1420.0 1435.0 ssil -238.650604 DE
1435.0 1455.0 d -293.069733
1455.0 1500.0 @ -591.213928
1500.0 1515.0 ssil -215.720154
1515.0 1530.0 ssil -229.755020 REGEN
1530.0 1625.0 r -1462.204590
1625.0 1990.0 e -4018.062744
1990.0 2085.0 x -1229.298828
2085.0 2280.0 @ -2157.486084
2280.0 2350.0 ssil -961.777466
2350.0 2370.0 ssil -270.561249 VAART
2370.0 2485.0 f -1392.894653
2485.0 2500.0 a -226.564911
2500.0 2605.0 r -1357.696289
2605.0 2620.0 ssil -215.785294
2620.0 2635.0 ssil -218.146652 DE
2635.0 2670.0 d -550.790283
2670.0 2710.0 @ -517.648865
2710.0 2725.0 ssil -218.870743
2725.0 2740.0 ssil -199.430206 KAPITEIN
2740.0 2805.0 k -935.710999
2805.0 2890.0 ac -1090.016724
2890.0 2940.0 b -773.960999
2940.0 3035.0 i -1280.174316
3035.0 3095.0 d -864.292908
3095.0 3230.0 ei -1389.616211
3230.0 3315.0 n -953.466187
3315.0 3330.0 ssil -203.403107
3330.0 3345.0 ssil -243.981750 BLIJ
3345.0 3375.0 b -522.724365
3375.0 3445.0 l -917.188416
3445.0 3650.0 ei -2402.724121
3650.0 3665.0 ssil -204.747894
3665.0 3680.0 ssil -208.449463 WEG
3680.0 3730.0 w -616.756775
3730.0 3855.0 ec -1513.694702
3855.0 3940.0 x -1094.144043
3940.0 4600.0 ssil -7760.379883
.
