#!MLF!#
"/net/aistaff/aki/_same-utterance/wav/05/Limburg/3333-1449512775-444462.rec"
0.0 805.0 ssil -10139.451172 NA
805.0 865.0 n -833.793091
865.0 985.0 a -1335.678467
985.0 1000.0 ssil -252.767593
1000.0 1015.0 ssil -242.240906 DE
1015.0 1035.0 d -292.674896
1035.0 1090.0 @ -731.911865
1090.0 1115.0 ssil -362.582062
1115.0 1175.0 ssil -867.558716 TOCHT
1175.0 1210.0 t -565.320984
1210.0 1305.0 oc -1237.990967
1305.0 1380.0 x -1086.392090
1380.0 1465.0 t -1245.631104
1465.0 1480.0 ssil -243.945786
1480.0 1495.0 ssil -244.079224 IN
1495.0 1515.0 n -258.656494
1515.0 1530.0 ssil -229.266342
1530.0 1545.0 ssil -254.312012 DE
1545.0 1565.0 d -311.421021
1565.0 1665.0 @ -1157.542603
1665.0 1685.0 ssil -320.853546
1685.0 1700.0 ssil -250.295319 REGEN
1700.0 1815.0 r -1605.985840
1815.0 1970.0 e -2094.020996
1970.0 2010.0 gc -617.082520
2010.0 2055.0 @ -758.393188
2055.0 2160.0 n -1289.139282
2160.0 2175.0 ssil -182.758636
2175.0 2195.0 ssil -225.114792 VAART
2195.0 2230.0 f -567.318787
2230.0 2305.0 a -1055.426025
2305.0 2380.0 r -1102.415894
2380.0 2395.0 ssil -233.898102
2395.0 2455.0 ssil -1019.331787 DE
2455.0 2470.0 d -261.399475
2470.0 2495.0 @ -359.247772
2495.0 2510.0 ssil -204.046127
2510.0 2525.0 ssil -204.176086 KAPITEIN
2525.0 2575.0 k -797.018982
2575.0 2690.0 ac -1585.860840
2690.0 2725.0 p -541.584045
2725.0 2800.0 @ -1064.401489
2800.0 2870.0 t -1073.597046
2870.0 3040.0 ei -2031.235352
3040.0 3070.0 n -339.958466
3070.0 3085.0 ssil -196.349091
3085.0 3100.0 ssil -199.974060 BLIJ
3100.0 3180.0 b -1050.860962
3180.0 3265.0 l -1223.595947
3265.0 3445.0 ei -2074.960449
3445.0 3460.0 ssil -196.947021
3460.0 3475.0 ssil -207.113327 WEG
3475.0 3500.0 w -320.721191
3500.0 3605.0 ec -1317.647461
3605.0 3620.0 x -240.386139
3620.0 4015.0 ssil -5094.622559
.
