#!MLF!#
"/net/aistaff/aki/_same-utterance/wav/05/Limburg/3677-1449653630-524467.rec"
0.0 15.0 ssil -184.099258 NA
15.0 285.0 n -2829.102783
285.0 300.0 a -206.049164
300.0 330.0 ssil -476.080933
330.0 1795.0 ssil -17970.740234 DE
1795.0 1820.0 d -378.859344
1820.0 2095.0 @ -3958.104492
2095.0 2110.0 ssil -192.611252
2110.0 2125.0 ssil -232.068726 TOCHT
2125.0 2150.0 t -411.974823
2150.0 2245.0 oc -1377.193848
2245.0 2290.0 ssil -651.080383
2290.0 2400.0 ssil -1417.598999 IN
2400.0 2500.0 n -1262.301270
2500.0 2515.0 ssil -221.357086
2515.0 2530.0 ssil -215.675674 DE
2530.0 2555.0 d -388.317444
2555.0 2570.0 ssil -245.931427
2570.0 2585.0 ssil -219.731949 REGEN
2585.0 2600.0 r -228.712997
2600.0 2880.0 e -3619.873047
2880.0 2895.0 gc -247.456024
2895.0 2915.0 @ -286.477570
2915.0 3015.0 n -1235.520386
3015.0 3030.0 ssil -190.139816
3030.0 3045.0 ssil -190.187347 VAART
3045.0 3100.0 v -725.181091
3100.0 3120.0 a -278.604248
3120.0 3215.0 r -1260.013794
3215.0 3250.0 ssil -449.347229
3250.0 3275.0 ssil -309.803406 DE
3275.0 3315.0 d -538.411072
3315.0 3390.0 @ -1012.059875
3390.0 3405.0 ssil -218.485580
3405.0 3420.0 ssil -241.345047 KAPITEIN
3420.0 3465.0 k -687.765686
3465.0 3550.0 ac -1154.614502
3550.0 3620.0 p -856.614685
3620.0 3675.0 i -742.181641
3675.0 3795.0 t -1677.360840
3795.0 3910.0 ei -1505.336426
3910.0 4000.0 n -1028.249512
4000.0 4015.0 ssil -198.165344
4015.0 4030.0 ssil -198.031845 BLIJ
4030.0 4075.0 b -587.238586
4075.0 4120.0 l -656.699097
4120.0 4275.0 ei -1911.185547
4275.0 4290.0 ssil -205.717758
4290.0 4305.0 ssil -199.618637 WEG
4305.0 4330.0 w -307.369141
4330.0 4430.0 ec -1282.852173
4430.0 4445.0 x -210.466141
4445.0 5900.0 ssil -16927.351562
.
