#!MLF!#
"/net/aistaff/aki/_same-utterance/wav/05/Limburg/4215-1450018489-648767.rec"
0.0 2885.0 ssil -34406.378906 NA
2885.0 2915.0 n -434.517426
2915.0 3105.0 a -2101.351318
3105.0 3120.0 ssil -198.098831
3120.0 3135.0 ssil -204.008377 DE
3135.0 3150.0 d -221.727554
3150.0 3280.0 @ -1530.456177
3280.0 3300.0 ssil -215.339706
3300.0 3340.0 ssil -465.940979 TOCHT
3340.0 3395.0 t -805.366943
3395.0 3490.0 oc -1156.593628
3490.0 3560.0 x -882.770081
3560.0 3615.0 ssil -668.125427
3615.0 3655.0 ssil -619.989136 IN
3655.0 3765.0 n -1213.936035
3765.0 3780.0 ssil -202.094604
3780.0 3795.0 ssil -201.878021 DE
3795.0 3820.0 d -338.015961
3820.0 3885.0 @ -775.139709
3885.0 3900.0 ssil -201.538895
3900.0 3930.0 ssil -400.234741 REGEN
3930.0 3945.0 r -215.129257
3945.0 4345.0 e -4436.560059
4345.0 4360.0 gc -207.021042
4360.0 4400.0 ssil -497.058044
4400.0 4445.0 ssil -500.656647 VAART
4445.0 4470.0 v -333.173828
4470.0 4565.0 a -1074.051147
4565.0 4600.0 r -476.483795
4600.0 4670.0 ssil -926.035339
4670.0 4700.0 ssil -416.490234 DE
4700.0 4730.0 d -473.874023
4730.0 4745.0 @ -214.172928
4745.0 4760.0 ssil -216.353500
4760.0 4775.0 ssil -242.792023 KAPITEIN
4775.0 4845.0 k -1147.261841
4845.0 4895.0 ac -609.102295
4895.0 4980.0 p -1033.211426
4980.0 5080.0 @ -1284.571289
5080.0 5140.0 t -854.680847
5140.0 5345.0 ei -2119.445801
5345.0 5425.0 n -863.804810
5425.0 5440.0 ssil -191.568115
5440.0 5455.0 ssil -198.764236 BLIJ
5455.0 5485.0 b -409.665955
5485.0 5555.0 l -913.811462
5555.0 5755.0 ei -2120.180420
5755.0 5770.0 ssil -189.815735
5770.0 5785.0 ssil -179.736710 WEG
5785.0 5865.0 w -862.563965
5865.0 5990.0 ec -1431.507568
5990.0 6010.0 x -307.513824
6010.0 7130.0 ssil -13058.266602
.
