#!MLF!#
"/net/aistaff/aki/_same-utterance/wav/05/Limburg/4390-1450339884-705624.rec"
0.0 670.0 ssil -7819.603516 NA
670.0 870.0 n -2365.392090
870.0 1055.0 a -2029.397583
1055.0 1070.0 ssil -221.807190
1070.0 1085.0 ssil -227.402298 DE
1085.0 1115.0 d -445.793060
1115.0 1165.0 @ -661.326416
1165.0 1210.0 ssil -594.235779
1210.0 1240.0 ssil -425.108856 TOCHT
1240.0 1265.0 t -411.795227
1265.0 1375.0 oc -1556.439941
1375.0 1495.0 x -1771.733398
1495.0 1635.0 t -1945.212891
1635.0 1650.0 ssil -209.082870
1650.0 1665.0 ssil -195.757721 IN
1665.0 1680.0 n -187.646652
1680.0 1695.0 ssil -202.190979
1695.0 1710.0 ssil -199.107315 DE
1710.0 1820.0 d -1458.341797
1820.0 1890.0 @ -996.326172
1890.0 1905.0 ssil -237.027969
1905.0 1920.0 ssil -235.149765 REGEN
1920.0 2120.0 r -2607.592285
2120.0 2490.0 e -4015.975586
2490.0 2505.0 gc -223.559769
2505.0 2675.0 @ -1993.741943
2675.0 2695.0 ssil -258.371826
2695.0 2710.0 ssil -206.948715 VAART
2710.0 2820.0 v -1459.156860
2820.0 2920.0 a -1425.983398
2920.0 2960.0 r -564.842834
2960.0 2990.0 ssil -399.855194
2990.0 3035.0 ssil -665.200134 DE
3035.0 3060.0 d -379.361877
3060.0 3090.0 ssil -452.875366
3090.0 3130.0 ssil -484.529205 KAPITEIN
3130.0 3175.0 k -692.358337
3175.0 3305.0 ac -1614.096069
3305.0 3375.0 p -1043.871704
3375.0 3450.0 t -1119.217163
3450.0 3610.0 ei -1718.671509
3610.0 3735.0 n -1477.280640
3735.0 3780.0 ssil -553.485107
3780.0 3795.0 ssil -201.210495 BLIJ
3795.0 3940.0 b -1911.969360
3940.0 3985.0 l -604.825989
3985.0 4175.0 ei -2176.360596
4175.0 4190.0 ssil -191.162201
4190.0 4205.0 ssil -185.944916 WEG
4205.0 4240.0 w -452.555511
4240.0 4375.0 ec -1712.539673
4375.0 4400.0 x -327.748016
4400.0 5270.0 ssil -10824.560547
.
