#!MLF!#
"/net/aistaff/aki/_same-utterance/wav/05/Limburg/4642-1450781107-761364.rec"
0.0 15.0 ssil -137.604691 NA
15.0 30.0 n -146.740417
30.0 325.0 a -2246.712891
325.0 500.0 ssil -2079.314697
500.0 900.0 ssil -4651.801758 DE
900.0 920.0 d -283.745880
920.0 1250.0 @ -3953.187500
1250.0 1275.0 ssil -337.367340
1275.0 1305.0 ssil -409.147034 TOCHT
1305.0 1355.0 t -767.766724
1355.0 1460.0 oc -1258.869141
1460.0 1545.0 x -1195.446655
1545.0 1710.0 ssil -2086.756104
1710.0 1740.0 ssil -489.735504 IN
1740.0 1900.0 n -1954.861206
1900.0 1915.0 ssil -193.245193
1915.0 1930.0 ssil -198.479340 DE
1930.0 1945.0 d -194.235748
1945.0 2030.0 @ -1008.516235
2030.0 2050.0 ssil -268.013947
2050.0 2075.0 ssil -307.551544 REGEN
2075.0 2100.0 r -301.190094
2100.0 2300.0 e -2087.869141
2300.0 2330.0 gc -435.497406
2330.0 2470.0 @ -1588.952759
2470.0 2515.0 ssil -523.069397
2515.0 2585.0 ssil -794.058838 VAART
2585.0 2650.0 v -777.736938
2650.0 2755.0 a -1188.670532
2755.0 2785.0 r -404.905548
2785.0 2880.0 ssil -1207.639038
2880.0 2965.0 ssil -1032.061157 DE
2965.0 2990.0 d -351.092529
2990.0 3030.0 ssil -539.823914
3030.0 3075.0 ssil -545.426208 KAPITEIN
3075.0 3120.0 k -646.410095
3120.0 3180.0 ac -726.367981
3180.0 3240.0 p -764.108643
3240.0 3265.0 @ -297.915894
3265.0 3360.0 t -1336.942749
3360.0 3490.0 ei -1523.249146
3490.0 3585.0 n -1223.807617
3585.0 3645.0 ssil -692.005493
3645.0 3700.0 ssil -642.736877 BLIJ
3700.0 3800.0 b -1136.006470
3800.0 3855.0 l -665.446655
3855.0 4060.0 ei -2246.038086
4060.0 4105.0 ssil -536.596436
4105.0 4170.0 ssil -719.124207 WEG
4170.0 4265.0 w -1094.490723
4265.0 4375.0 ec -1358.493896
4375.0 4400.0 x -350.115356
4400.0 5505.0 ssil -13089.183594
.
