#!MLF!#
"/net/aistaff/aki/_same-utterance/wav/05/Limburg/4777-1451379290-801458.rec"
0.0 15.0 ssil -169.240082 NA
15.0 215.0 n -2077.167969
215.0 230.0 a -236.352905
230.0 450.0 ssil -2724.428711
450.0 805.0 ssil -4439.217285 DE
805.0 835.0 d -471.611481
835.0 1055.0 @ -3007.142578
1055.0 1070.0 ssil -241.612686
1070.0 1115.0 ssil -644.768677 TOCHT
1115.0 1185.0 t -940.988647
1185.0 1265.0 oc -1063.078369
1265.0 1355.0 x -1302.385254
1355.0 1395.0 t -589.780701
1395.0 1420.0 ssil -358.640991
1420.0 1435.0 ssil -215.788452 IN
1435.0 1480.0 n -598.260498
1480.0 1495.0 ssil -241.993225
1495.0 1510.0 ssil -237.641800 DE
1510.0 1525.0 d -219.156403
1525.0 1600.0 @ -928.209534
1600.0 1625.0 ssil -311.087891
1625.0 1655.0 ssil -418.439911 REGEN
1655.0 1680.0 r -357.779724
1680.0 1865.0 e -2260.807861
1865.0 1930.0 gc -871.852600
1930.0 2050.0 @ -1425.953735
2050.0 2065.0 ssil -193.430206
2065.0 2125.0 ssil -736.953430 VAART
2125.0 2215.0 f -1163.191772
2215.0 2340.0 a -1604.049927
2340.0 2355.0 r -212.605927
2355.0 2380.0 ssil -361.208527
2380.0 2395.0 ssil -208.636002 DE
2395.0 2420.0 d -398.032654
2420.0 2455.0 @ -492.045135
2455.0 2470.0 ssil -262.793335
2470.0 2485.0 ssil -235.125061 KAPITEIN
2485.0 2545.0 k -892.645020
2545.0 2635.0 ac -1199.049805
2635.0 2690.0 p -770.679749
2690.0 2750.0 i -806.339111
2750.0 2855.0 t -1495.905640
2855.0 2965.0 ei -1264.462158
2965.0 3020.0 n -741.660217
3020.0 3035.0 ssil -203.528519
3035.0 3050.0 ssil -220.352188 BLIJ
3050.0 3085.0 b -500.481781
3085.0 3130.0 l -636.783264
3130.0 3285.0 ei -1697.532349
3285.0 3300.0 ssil -202.907166
3300.0 3315.0 ssil -191.978607 WEG
3315.0 3335.0 w -221.999390
3335.0 3440.0 ec -1251.494385
3440.0 3455.0 x -222.234909
3455.0 4065.0 ssil -7476.406738
.
