#!MLF!#
"/net/aistaff/aki/_same-utterance/wav/05/Limburg/4851-1451386967-814964.rec"
0.0 845.0 ssil -9522.380859 NA
845.0 930.0 n -1143.628540
930.0 1075.0 a -1709.714111
1075.0 1090.0 ssil -217.369827
1090.0 1105.0 ssil -223.240311 DE
1105.0 1125.0 d -286.610626
1125.0 1265.0 @ -1837.858643
1265.0 1280.0 ssil -213.176636
1280.0 1295.0 ssil -249.731155 TOCHT
1295.0 1320.0 t -390.474091
1320.0 1465.0 oc -1882.198975
1465.0 1530.0 x -964.954956
1530.0 1640.0 t -1551.153198
1640.0 1725.0 ssil -1189.849243
1725.0 1770.0 ssil -698.415466 IN
1770.0 1830.0 n -850.197205
1830.0 1850.0 ssil -341.377350
1850.0 1865.0 ssil -243.663132 DE
1865.0 1900.0 d -537.910034
1900.0 1970.0 @ -888.879761
1970.0 1985.0 ssil -220.633102
1985.0 2000.0 ssil -202.972443 REGEN
2000.0 2030.0 r -377.142975
2030.0 2240.0 e -2338.682373
2240.0 2325.0 gc -1229.439819
2325.0 2400.0 @ -830.416504
2400.0 2565.0 n -2047.466675
2565.0 2595.0 ssil -404.355499
2595.0 2655.0 ssil -715.694946 VAART
2655.0 2700.0 f -594.646973
2700.0 2830.0 a -1379.235229
2830.0 2875.0 r -624.482056
2875.0 2915.0 ssil -596.274475
2915.0 2965.0 ssil -701.625671 DE
2965.0 3010.0 d -681.583618
3010.0 3045.0 @ -535.467957
3045.0 3095.0 ssil -689.957764
3095.0 3115.0 ssil -248.481293 KAPITEIN
3115.0 3160.0 k -655.201965
3160.0 3260.0 ac -1365.317261
3260.0 3285.0 b -436.175873
3285.0 3330.0 i -643.879822
3330.0 3460.0 d -1804.804321
3460.0 3625.0 ei -1754.567261
3625.0 3745.0 n -1349.987427
3745.0 3760.0 ssil -194.923981
3760.0 3775.0 ssil -203.132584 BLIJ
3775.0 3815.0 b -617.467590
3815.0 3870.0 l -675.457642
3870.0 4020.0 ei -1600.895874
4020.0 4050.0 ssil -405.031921
4050.0 4065.0 ssil -214.264221 WEG
4065.0 4090.0 w -320.485107
4090.0 4195.0 ec -1228.501953
4195.0 4220.0 x -372.163208
4220.0 5015.0 ssil -9605.553711
.
