#!MLF!#
"/net/aistaff/aki/_same-utterance/wav/05/Limburg/5088-1452627208-889739.rec"
0.0 360.0 ssil -3359.723145 NA
360.0 400.0 n -508.601624
400.0 500.0 a -1019.844666
500.0 515.0 ssil -237.119522
515.0 530.0 ssil -227.353165 DE
530.0 565.0 d -476.882507
565.0 595.0 @ -428.069092
595.0 630.0 ssil -545.271362
630.0 675.0 ssil -544.472473 TOCHT
675.0 740.0 t -957.563721
740.0 845.0 oc -1278.935059
845.0 955.0 x -1532.073975
955.0 1045.0 t -1121.855835
1045.0 1065.0 ssil -240.792892
1065.0 1085.0 ssil -239.292053 IN
1085.0 1100.0 n -206.056381
1100.0 1115.0 ssil -172.408813
1115.0 1130.0 ssil -207.168457 DE
1130.0 1180.0 d -627.493164
1180.0 1285.0 @ -1276.757324
1285.0 1300.0 ssil -243.423874
1300.0 1315.0 ssil -262.484558 REGEN
1315.0 1435.0 r -1536.998169
1435.0 1875.0 e -5004.372559
1875.0 1890.0 gc -219.853607
1890.0 2045.0 ssil -1777.028320
2045.0 2120.0 ssil -911.775635 VAART
2120.0 2225.0 v -1349.044556
2225.0 2340.0 a -1155.420898
2340.0 2375.0 r -466.520233
2375.0 2400.0 ssil -348.162262
2400.0 2425.0 ssil -378.515900 DE
2425.0 2450.0 d -375.772064
2450.0 2475.0 @ -370.077911
2475.0 2500.0 ssil -271.338165
2500.0 2540.0 ssil -466.478943 KAPITEIN
2540.0 2580.0 k -602.805054
2580.0 2680.0 ac -1251.597412
2680.0 2730.0 p -709.136780
2730.0 2760.0 i -467.386841
2760.0 2870.0 t -1693.511719
2870.0 3055.0 ei -1912.504395
3055.0 3195.0 n -1653.210938
3195.0 3235.0 ssil -471.672577
3235.0 3250.0 ssil -190.099686 BLIJ
3250.0 3295.0 b -669.559570
3295.0 3360.0 l -842.160645
3360.0 3530.0 ei -1723.187134
3530.0 3545.0 ssil -186.044403
3545.0 3560.0 ssil -184.382065 WEG
3560.0 3615.0 w -548.386780
3615.0 3750.0 ec -1350.672852
3750.0 3765.0 x -229.200394
3765.0 4275.0 ssil -6194.464355
.
