#!MLF!#
"/net/aistaff/aki/_same-utterance/wav/05/Limburg/5132-1453124675-903363.rec"
0.0 15.0 ssil -165.380157 NA
15.0 95.0 n -741.131104
95.0 120.0 a -353.919128
120.0 590.0 ssil -5854.347656
590.0 1110.0 ssil -6087.541016 DE
1110.0 1140.0 d -448.197174
1140.0 1405.0 @ -3431.768066
1405.0 1420.0 ssil -209.380615
1420.0 1450.0 ssil -423.070435 TOCHT
1450.0 1490.0 t -639.813477
1490.0 1625.0 oc -1703.408813
1625.0 1650.0 ssil -354.513672
1650.0 1685.0 ssil -515.537659 IN
1685.0 1710.0 ic -307.364227
1710.0 1725.0 n -216.127106
1725.0 1820.0 ssil -1270.098999
1820.0 1855.0 ssil -479.021881 DE
1855.0 1915.0 d -856.726990
1915.0 1995.0 @ -1034.066650
1995.0 2020.0 ssil -408.617767
2020.0 2045.0 ssil -414.915070 REGEN
2045.0 2170.0 r -1761.302002
2170.0 2420.0 e -2790.539307
2420.0 2455.0 gc -502.444519
2455.0 2485.0 @ -420.887604
2485.0 2805.0 n -3972.385986
2805.0 2835.0 ssil -407.907715
2835.0 2885.0 ssil -621.814392 VAART
2885.0 2920.0 f -485.153229
2920.0 3055.0 a -1546.749756
3055.0 3090.0 r -492.089050
3090.0 3110.0 ssil -302.003906
3110.0 3130.0 ssil -304.157166 DE
3130.0 3170.0 d -583.137085
3170.0 3200.0 @ -400.655975
3200.0 3225.0 ssil -300.304352
3225.0 3255.0 ssil -405.180206 KAPITEIN
3255.0 3295.0 k -582.697876
3295.0 3375.0 ac -1037.695190
3375.0 3400.0 p -377.938995
3400.0 3480.0 i -1118.874023
3480.0 3565.0 t -1191.999023
3565.0 3705.0 ei -1553.118896
3705.0 3795.0 n -1046.483887
3795.0 3810.0 ssil -218.925613
3810.0 3825.0 ssil -206.387451 BLIJ
3825.0 3910.0 b -1106.252808
3910.0 3970.0 l -800.879456
3970.0 4370.0 ei -4751.621094
4370.0 17684.9996 ssil -151315.312500
17685.0 22784.9999 ssil -57317.542969 WEG
22784.9999 22929.9999 w -1648.941406
22929.9999 22944.9999 ec -199.286926
22944.9999 22979.9999 x -444.406952
22979.9999 29974.9998 ssil -81614.609375
.
