#!MLF!#
"/net/aistaff/aki/_same-utterance/wav/05/Limburg/5728-1454057760-1063346.rec"
0.0 745.0 ssil -9718.070312 NA
745.0 860.0 n -1247.539551
860.0 1025.0 a -2046.178711
1025.0 1040.0 ssil -195.495941
1040.0 1055.0 ssil -226.723312 DE
1055.0 1095.0 d -573.456848
1095.0 1180.0 @ -1075.090576
1180.0 1200.0 ssil -254.074768
1200.0 1230.0 ssil -380.421600 TOCHT
1230.0 1270.0 t -593.469238
1270.0 1420.0 oc -2154.151367
1420.0 1475.0 x -815.843445
1475.0 1520.0 ssil -673.323730
1520.0 1550.0 ssil -413.968506 IN
1550.0 1565.0 n -198.475479
1565.0 1580.0 ssil -196.741379
1580.0 1595.0 ssil -189.971313 DE
1595.0 1670.0 d -1067.598511
1670.0 1790.0 @ -1735.667480
1790.0 1810.0 ssil -309.470428
1810.0 1840.0 ssil -464.647919 REGEN
1840.0 2000.0 r -1955.670166
2000.0 2185.0 e -2123.597656
2185.0 2200.0 gc -212.700012
2200.0 2265.0 @ -877.685303
2265.0 2450.0 n -2273.065430
2450.0 2540.0 ssil -1350.074585
2540.0 2585.0 ssil -579.307129 VAART
2585.0 2700.0 f -1450.107666
2700.0 2850.0 a -1775.183105
2850.0 2950.0 r -1418.143066
2950.0 3000.0 t -690.016541
3000.0 3020.0 ssil -263.002655
3020.0 3035.0 ssil -180.167694 DE
3035.0 3100.0 d -824.171692
3100.0 3150.0 @ -674.919617
3150.0 3165.0 ssil -245.384644
3165.0 3180.0 ssil -260.905029 KAPITEIN
3180.0 3225.0 k -682.548767
3225.0 3340.0 ac -1560.886841
3340.0 3370.0 p -434.383453
3370.0 3435.0 t -960.323303
3435.0 3585.0 ei -1661.775879
3585.0 3670.0 n -1003.375916
3670.0 3685.0 ssil -205.427216
3685.0 3700.0 ssil -205.243668 BLIJ
3700.0 3815.0 b -1426.630493
3815.0 3900.0 l -1181.611206
3900.0 4035.0 ei -1651.701416
4035.0 4050.0 ssil -215.005310
4050.0 4065.0 ssil -209.023743 WEG
4065.0 4155.0 w -1092.075684
4155.0 4270.0 ec -1445.894531
4270.0 4495.0 x -2879.068604
4495.0 4925.0 ssil -5005.515625
.
