#!MLF!#
"/net/aistaff/aki/_same-utterance/wav/05/Limburg/6178-1454049835-1058909.rec"
0.0 470.0 ssil -5232.459961 NA
470.0 545.0 n -944.272278
545.0 685.0 a -1432.036377
685.0 700.0 ssil -211.352875
700.0 715.0 ssil -207.170273 DE
715.0 730.0 d -188.932800
730.0 775.0 @ -539.187134
775.0 845.0 ssil -909.013123
845.0 860.0 ssil -183.894424 TOCHT
860.0 905.0 t -680.391968
905.0 1005.0 oc -1269.467041
1005.0 1070.0 x -923.818054
1070.0 1130.0 t -832.861633
1130.0 1145.0 ssil -229.625946
1145.0 1160.0 ssil -210.777267 IN
1160.0 1175.0 n -204.130295
1175.0 1190.0 ssil -206.481125
1190.0 1205.0 ssil -199.401489 DE
1205.0 1270.0 d -890.157898
1270.0 1355.0 @ -1111.729126
1355.0 1380.0 ssil -378.755066
1380.0 1395.0 ssil -224.569763 REGEN
1395.0 1535.0 r -1777.038818
1535.0 1695.0 e -1751.700195
1695.0 1735.0 gc -544.545776
1735.0 1890.0 @ -2063.959961
1890.0 1930.0 ssil -600.663757
1930.0 1960.0 ssil -328.893066 VAART
1960.0 2030.0 v -832.147705
2030.0 2140.0 a -1287.285767
2140.0 2160.0 r -312.051331
2160.0 2180.0 ssil -314.481293
2180.0 2200.0 ssil -266.267242 DE
2200.0 2240.0 d -578.750671
2240.0 2275.0 @ -463.457489
2275.0 2290.0 ssil -199.851044
2290.0 2310.0 ssil -287.367004 KAPITEIN
2310.0 2355.0 k -719.987183
2355.0 2415.0 ac -777.234131
2415.0 2485.0 b -965.869812
2485.0 2520.0 i -469.532379
2520.0 2630.0 d -1470.414307
2630.0 2795.0 ei -1777.103149
2795.0 2940.0 n -1839.826660
2940.0 2955.0 ssil -237.920441
2955.0 2985.0 ssil -438.335602 BLIJ
2985.0 3115.0 b -1659.285645
3115.0 3175.0 l -771.929993
3175.0 3345.0 ei -1963.707031
3345.0 3360.0 ssil -196.186676
3360.0 3375.0 ssil -183.090317 WEG
3375.0 3470.0 w -1093.576904
3470.0 3585.0 ec -1305.510010
3585.0 3625.0 x -524.112061
3625.0 4365.0 ssil -8705.392578
.
