#!MLF!#
"/net/aistaff/aki/_same-utterance/wav/05/Limburg/6562-1454177331-1154260.rec"
0.0 980.0 ssil -12044.626953 NA
980.0 1025.0 n -654.231873
1025.0 1230.0 a -2442.747070
1230.0 1245.0 ssil -228.106216
1245.0 1260.0 ssil -207.118591 DE
1260.0 1275.0 d -215.686081
1275.0 1295.0 ssil -269.279968
1295.0 1310.0 ssil -235.374451 TOCHT
1310.0 1355.0 t -662.505859
1355.0 1465.0 oc -1370.595703
1465.0 1560.0 x -1260.912476
1560.0 1610.0 t -672.183594
1610.0 1625.0 ssil -213.506622
1625.0 1650.0 ssil -368.349731 IN
1650.0 1665.0 n -212.905579
1665.0 1680.0 ssil -199.882843
1680.0 1695.0 ssil -213.868408 DE
1695.0 1715.0 d -267.393219
1715.0 1795.0 @ -913.429504
1795.0 1810.0 ssil -204.161285
1810.0 1825.0 ssil -193.906967 REGEN
1825.0 1935.0 r -1467.600098
1935.0 2135.0 e -2253.729004
2135.0 2165.0 gc -426.775848
2165.0 2215.0 @ -663.877197
2215.0 2350.0 n -1607.598267
2350.0 2365.0 ssil -199.860916
2365.0 2400.0 ssil -433.420135 VAART
2400.0 2430.0 v -475.998383
2430.0 2495.0 a -642.362671
2495.0 2520.0 r -341.351410
2520.0 2575.0 ssil -787.281982
2575.0 2605.0 ssil -388.796478 DE
2605.0 2625.0 d -296.535553
2625.0 2640.0 ssil -224.550125
2640.0 2670.0 ssil -489.859650 KAPITEIN
2670.0 2710.0 k -629.629822
2710.0 2785.0 ac -978.188049
2785.0 2820.0 p -526.389404
2820.0 2870.0 i -712.373962
2870.0 2950.0 t -1113.065430
2950.0 3095.0 ei -1587.679932
3095.0 3175.0 n -916.186035
3175.0 3190.0 ssil -219.965500
3190.0 3205.0 ssil -230.294815 BLIJ
3205.0 3235.0 b -490.570801
3235.0 3295.0 l -826.369568
3295.0 3610.0 ei -3622.410889
3610.0 3815.0 ssil -2705.276123
3815.0 3875.0 ssil -842.376892 WEG
3875.0 3890.0 w -180.143143
3890.0 3915.0 ec -279.707275
3915.0 3930.0 x -193.564407
3930.0 4365.0 ssil -4895.129883
.
