#!MLF!#
"/net/aistaff/aki/_same-utterance/wav/05/Limburg/6679-1454263051-1186866.rec"
0.0 15.0 ssil -153.833893 NA
15.0 30.0 n -158.411011
30.0 320.0 a -2327.847412
320.0 365.0 ssil -620.359192
365.0 755.0 ssil -4566.000000 DE
755.0 865.0 d -1478.162964
865.0 1050.0 @ -2181.074219
1050.0 1110.0 ssil -838.038208
1110.0 1230.0 ssil -1587.569458 TOCHT
1230.0 1280.0 t -747.110535
1280.0 1390.0 oc -1405.459106
1390.0 1485.0 x -1322.896118
1485.0 1510.0 ssil -327.510620
1510.0 1530.0 ssil -284.115753 IN
1530.0 1565.0 n -388.657013
1565.0 1580.0 ssil -200.066498
1580.0 1595.0 ssil -226.100113 DE
1595.0 1620.0 d -340.315704
1620.0 1765.0 @ -1988.250000
1765.0 1780.0 ssil -242.973267
1780.0 1795.0 ssil -256.131531 REGEN
1795.0 1945.0 r -1896.941895
1945.0 2175.0 e -2864.568604
2175.0 2295.0 gc -1727.073975
2295.0 2485.0 @ -2357.579590
2485.0 2545.0 ssil -918.920227
2545.0 2580.0 ssil -477.982330 VAART
2580.0 2710.0 f -1511.779053
2710.0 2820.0 a -1256.685181
2820.0 2855.0 r -485.786316
2855.0 2915.0 ssil -914.056702
2915.0 2970.0 ssil -792.047058 DE
2970.0 2985.0 d -250.361435
2985.0 3025.0 @ -532.291626
3025.0 3045.0 ssil -262.659973
3045.0 3070.0 ssil -307.657501 KAPITEIN
3070.0 3115.0 k -667.604553
3115.0 3245.0 ac -1759.297241
3245.0 3280.0 p -517.810913
3280.0 3320.0 i -527.112854
3320.0 3445.0 t -1649.341064
3445.0 3630.0 ei -2097.330078
3630.0 3775.0 n -1743.877563
3775.0 3790.0 ssil -206.353745
3790.0 3805.0 ssil -206.475143 BLIJ
3805.0 3860.0 b -755.057068
3860.0 3935.0 l -979.669128
3935.0 4115.0 ei -1961.659790
4115.0 4130.0 ssil -185.375626
4130.0 4145.0 ssil -179.178574 WEG
4145.0 4195.0 w -592.612488
4195.0 4365.0 ec -2132.188965
4365.0 4540.0 x -2494.401611
4540.0 4805.0 ssil -3111.940430
.
