#!MLF!#
"/net/aistaff/aki/_same-utterance/wav/05/Limburg/6813-1454366501-1234588.rec"
0.0 265.0 ssil -2351.677734 NA
265.0 280.0 n -155.708282
280.0 295.0 a -182.179840
295.0 335.0 ssil -588.271667
335.0 670.0 ssil -4169.755371 DE
670.0 765.0 d -1221.482422
765.0 1060.0 @ -3593.251953
1060.0 1160.0 ssil -1315.197632
1160.0 1205.0 ssil -571.555664 TOCHT
1205.0 1235.0 t -478.282501
1235.0 1355.0 oc -1414.493042
1355.0 1470.0 x -1670.535889
1470.0 1595.0 ssil -1727.871704
1595.0 1660.0 ssil -905.032532 IN
1660.0 1745.0 n -1075.088135
1745.0 1760.0 ssil -212.817230
1760.0 1775.0 ssil -230.329895 DE
1775.0 1800.0 d -353.353394
1800.0 1915.0 @ -1368.884033
1915.0 1930.0 ssil -214.251938
1930.0 1945.0 ssil -205.722885 REGEN
1945.0 1960.0 r -184.789383
1960.0 2220.0 e -2819.447021
2220.0 2250.0 gc -440.312042
2250.0 2330.0 @ -958.877258
2330.0 2405.0 n -771.039795
2405.0 2425.0 ssil -251.196259
2425.0 2440.0 ssil -183.780136 VAART
2440.0 2560.0 f -1486.309814
2560.0 2685.0 a -1306.062378
2685.0 2700.0 r -195.470032
2700.0 2745.0 ssil -593.066589
2745.0 2785.0 ssil -566.268127 DE
2785.0 2825.0 d -560.953430
2825.0 2845.0 @ -264.554047
2845.0 2870.0 ssil -337.177917
2870.0 2885.0 ssil -202.789124 KAPITEIN
2885.0 2955.0 k -947.235229
2955.0 3025.0 ac -910.945374
3025.0 3120.0 p -1320.568726
3120.0 3220.0 @ -1258.768311
3220.0 3275.0 t -767.807861
3275.0 3455.0 ei -1826.305908
3455.0 3590.0 n -1556.966553
3590.0 3605.0 ssil -188.095261
3605.0 3620.0 ssil -239.074753 BLIJ
3620.0 3650.0 b -492.944061
3650.0 3725.0 l -1033.554199
3725.0 3985.0 ei -3074.761963
3985.0 4135.0 ssil -1816.043335
4135.0 4825.0 ssil -8716.741211 WEG
4825.0 4840.0 w -196.423187
4840.0 4985.0 ec -1740.954712
4985.0 5000.0 x -224.910843
5000.0 5015.0 ssil -193.648560
.
