#!MLF!#
"/net/aistaff/aki/_same-utterance/wav/05/Limburg/6971-1454521424-1270479.rec"
0.0 260.0 ssil -2992.692627 NA
260.0 345.0 n -983.946838
345.0 555.0 a -2700.451172
555.0 585.0 ssil -375.040924
585.0 605.0 ssil -234.133987 DE
605.0 620.0 d -206.309464
620.0 650.0 ssil -386.346619
650.0 665.0 ssil -232.931580 TOCHT
665.0 700.0 t -512.686951
700.0 815.0 oc -1547.451294
815.0 830.0 ssil -209.709183
830.0 845.0 ssil -194.305252 IN
845.0 860.0 n -223.912872
860.0 905.0 ssil -602.082031
905.0 940.0 ssil -479.937866 DE
940.0 965.0 d -369.159607
965.0 1045.0 @ -1011.805298
1045.0 1060.0 ssil -230.017365
1060.0 1075.0 ssil -216.069199 REGEN
1075.0 1200.0 r -1477.733276
1200.0 1435.0 e -2685.750244
1435.0 1450.0 gc -193.527252
1450.0 1465.0 ssil -185.203262
1465.0 1500.0 ssil -398.091156 VAART
1500.0 1550.0 v -600.545532
1550.0 1745.0 a -2022.370239
1745.0 1770.0 r -302.775482
1770.0 1850.0 ssil -978.883545
1850.0 1905.0 ssil -720.123779 DE
1905.0 1920.0 d -223.680222
1920.0 1940.0 ssil -241.337753
1940.0 1990.0 ssil -577.884827 KAPITEIN
1990.0 2035.0 k -658.800171
2035.0 2195.0 ac -2070.560059
2195.0 2270.0 p -916.618469
2270.0 2325.0 t -811.201721
2325.0 2495.0 ei -1749.836426
2495.0 2600.0 n -1237.429688
2600.0 2615.0 ssil -187.335510
2615.0 2630.0 ssil -207.530899 BLIJ
2630.0 2660.0 b -416.252686
2660.0 2700.0 l -507.552795
2700.0 2870.0 ei -1763.049438
2870.0 2885.0 ssil -208.775024
2885.0 2900.0 ssil -199.471771 WEG
2900.0 2925.0 w -325.295746
2925.0 3130.0 ec -2093.625488
3130.0 3145.0 x -226.086945
3145.0 3390.0 ssil -3015.558594
.
