#!MLF!#
"/net/aistaff/aki/_same-utterance/wav/05/Limburg/7017-1454516148-1284072.rec"
0.0 715.0 ssil -6834.331055 NA
715.0 840.0 n -1545.817627
840.0 1050.0 a -2630.416992
1050.0 1070.0 ssil -279.164459
1070.0 1085.0 ssil -205.374939 DE
1085.0 1100.0 d -200.341125
1100.0 1125.0 @ -304.962982
1125.0 1140.0 ssil -196.129837
1140.0 1155.0 ssil -233.660767 TOCHT
1155.0 1195.0 t -570.067688
1195.0 1285.0 oc -1106.225708
1285.0 1350.0 x -963.055481
1350.0 1365.0 ssil -210.361893
1365.0 1385.0 ssil -321.482330 IN
1385.0 1405.0 n -290.459290
1405.0 1420.0 ssil -203.617889
1420.0 1435.0 ssil -194.530136 DE
1435.0 1490.0 d -815.946838
1490.0 1570.0 @ -1006.589478
1570.0 1585.0 ssil -231.073471
1585.0 1600.0 ssil -248.185989 REGEN
1600.0 1735.0 r -1717.585938
1735.0 1930.0 e -2146.806152
1930.0 1955.0 x -352.154724
1955.0 1995.0 @ -508.124664
1995.0 2095.0 n -1276.605713
2095.0 2125.0 ssil -381.526489
2125.0 2430.0 ssil -3771.256104 VAART
2430.0 2515.0 f -1057.567749
2515.0 2620.0 a -1210.119507
2620.0 2640.0 r -279.511139
2640.0 2705.0 ssil -882.527832
2705.0 2740.0 ssil -467.343872 DE
2740.0 2795.0 d -700.994812
2795.0 2825.0 @ -359.622406
2825.0 2840.0 ssil -211.292419
2840.0 2855.0 ssil -222.081482 KAPITEIN
2855.0 2905.0 k -738.377380
2905.0 2995.0 ac -1155.744507
2995.0 3045.0 b -733.662781
3045.0 3060.0 @ -244.432922
3060.0 3150.0 d -1219.348022
3150.0 3260.0 ei -1121.200073
3260.0 3355.0 n -1091.500000
3355.0 3370.0 ssil -206.200378
3370.0 3385.0 ssil -185.119308 BLIJ
3385.0 3420.0 b -482.940643
3420.0 3485.0 l -758.300842
3485.0 3645.0 ei -1677.966064
3645.0 3660.0 ssil -183.108292
3660.0 3675.0 ssil -194.711823 WEG
3675.0 3710.0 w -379.662689
3710.0 3810.0 ec -1157.323120
3810.0 4040.0 x -2923.759033
4040.0 4155.0 ssil -1417.468018
.
