#!MLF!#
"/net/aistaff/aki/_same-utterance/wav/05/Limburg/7358-1454698936-1358272.rec"
0.0 990.0 ssil -11310.519531 NA
990.0 1090.0 n -1206.613892
1090.0 1245.0 a -1787.364014
1245.0 1260.0 ssil -207.454147
1260.0 1275.0 ssil -227.655548 DE
1275.0 1305.0 d -433.911438
1305.0 1400.0 @ -1305.171265
1400.0 1415.0 ssil -178.470016
1415.0 1440.0 ssil -316.911957 TOCHT
1440.0 1480.0 t -588.202271
1480.0 1555.0 oc -964.465088
1555.0 1755.0 x -2595.245850
1755.0 1820.0 t -865.287048
1820.0 1845.0 ssil -336.252960
1845.0 1875.0 ssil -397.483826 IN
1875.0 1890.0 n -206.564407
1890.0 1905.0 ssil -203.510406
1905.0 1920.0 ssil -217.738129 DE
1920.0 1970.0 d -691.372375
1970.0 2095.0 @ -1523.950684
2095.0 2110.0 ssil -260.470001
2110.0 2125.0 ssil -250.761688 REGEN
2125.0 2265.0 r -1870.867554
2265.0 2440.0 e -2016.859497
2440.0 2495.0 gc -805.512390
2495.0 2545.0 @ -610.769531
2545.0 2650.0 n -1155.585083
2650.0 2670.0 ssil -260.868225
2670.0 2765.0 ssil -1160.554077 VAART
2765.0 2880.0 f -1365.271606
2880.0 3005.0 a -1233.159180
3005.0 3100.0 r -1207.999756
3100.0 3220.0 t -1561.050293
3220.0 3235.0 ssil -194.758148
3235.0 3250.0 ssil -177.518539 DE
3250.0 3330.0 d -1060.434692
3330.0 3355.0 @ -317.882477
3355.0 3370.0 ssil -186.517807
3370.0 3395.0 ssil -309.922424 KAPITEIN
3395.0 3450.0 k -751.564331
3450.0 3555.0 ac -1301.523315
3555.0 3590.0 p -481.302277
3590.0 3635.0 i -589.642395
3635.0 3770.0 t -1694.770020
3770.0 3925.0 ei -1620.924561
3925.0 4035.0 n -1252.842041
4035.0 4115.0 ssil -954.681824
4115.0 4130.0 ssil -217.941101 BLIJ
4130.0 4280.0 b -1849.838989
4280.0 4350.0 l -937.702148
4350.0 4490.0 ei -1401.028198
4490.0 4505.0 ssil -195.890106
4505.0 4520.0 ssil -176.752274 WEG
4520.0 4550.0 w -315.921753
4550.0 4660.0 ec -1312.433350
4660.0 4675.0 x -213.767776
4675.0 4830.0 ssil -2086.687012
.
