#!MLF!#
"/net/aistaff/aki/_same-utterance/wav/05/Limburg/7922-1456389998-1518175.rec"
0.0 15.0 ssil -152.049240 NA
15.0 145.0 n -1302.743042
145.0 160.0 a -235.251953
160.0 425.0 ssil -3258.289062
425.0 1000.0 ssil -7098.355469 DE
1000.0 1040.0 d -604.079834
1040.0 1230.0 @ -2754.195557
1230.0 1290.0 ssil -895.573914
1290.0 1315.0 ssil -343.288910 TOCHT
1315.0 1345.0 t -453.385040
1345.0 1470.0 oc -1645.521484
1470.0 1515.0 x -599.245483
1515.0 1545.0 ssil -396.413055
1545.0 1630.0 ssil -1056.739502 IN
1630.0 1645.0 n -255.308075
1645.0 1670.0 ssil -381.012512
1670.0 1720.0 ssil -713.434082 DE
1720.0 1815.0 d -1261.834351
1815.0 1895.0 @ -1150.356323
1895.0 1910.0 ssil -240.606277
1910.0 1930.0 ssil -330.044189 REGEN
1930.0 2105.0 r -2412.969482
2105.0 2295.0 e -2042.748169
2295.0 2360.0 gc -959.520020
2360.0 2560.0 @ -2549.767578
2560.0 2665.0 n -1302.869507
2665.0 2695.0 ssil -383.081665
2695.0 2720.0 ssil -318.272614 VAART
2720.0 2795.0 f -919.411011
2795.0 2880.0 a -996.636536
2880.0 2920.0 r -586.553101
2920.0 2940.0 ssil -270.230042
2940.0 2955.0 ssil -214.971497 DE
2955.0 3005.0 d -724.529907
3005.0 3020.0 ssil -194.750519
3020.0 3050.0 ssil -374.048035 KAPITEIN
3050.0 3100.0 k -683.281494
3100.0 3140.0 ac -576.332886
3140.0 3215.0 p -1016.584351
3215.0 3275.0 @ -715.612976
3275.0 3320.0 t -610.781677
3320.0 3440.0 ei -1503.073853
3440.0 3660.0 n -2773.233887
3660.0 3675.0 ssil -209.753952
3675.0 3690.0 ssil -193.099899 BLIJ
3690.0 3745.0 b -776.065247
3745.0 3805.0 l -854.984009
3805.0 3985.0 ei -2070.355225
3985.0 4000.0 ssil -189.447388
4000.0 4015.0 ssil -187.415207 WEG
4015.0 4055.0 w -502.300812
4055.0 4180.0 ec -1565.684937
4180.0 4195.0 x -214.135803
4195.0 7455.0 ssil -37677.597656
.
