#!MLF!#
"/net/aistaff/aki/_same-utterance/wav/05/Limburg/7980-1456611947-1535565.rec"
0.0 795.0 ssil -9099.973633 NA
795.0 865.0 n -846.922668
865.0 1035.0 a -2081.372070
1035.0 1055.0 ssil -278.579926
1055.0 1070.0 ssil -207.810837 DE
1070.0 1095.0 d -353.893799
1095.0 1120.0 ssil -284.444061
1120.0 1160.0 ssil -488.669739 TOCHT
1160.0 1200.0 t -578.408813
1200.0 1310.0 oc -1326.630981
1310.0 1350.0 x -617.627441
1350.0 1450.0 t -1337.621460
1450.0 1465.0 ssil -232.831909
1465.0 1480.0 ssil -210.119125 IN
1480.0 1530.0 n -631.179077
1530.0 1545.0 ssil -224.425293
1545.0 1560.0 ssil -228.950439 DE
1560.0 1595.0 d -492.385651
1595.0 1655.0 @ -809.408875
1655.0 1670.0 ssil -220.060760
1670.0 1730.0 ssil -801.971497 REGEN
1730.0 1745.0 r -208.866959
1745.0 1930.0 e -2155.303711
1930.0 1960.0 gc -455.651703
1960.0 2040.0 @ -1036.161621
2040.0 2220.0 n -2107.892822
2220.0 2275.0 ssil -670.986084
2275.0 2290.0 ssil -175.075668 VAART
2290.0 2425.0 f -1705.707397
2425.0 2580.0 a -1619.264038
2580.0 2615.0 r -467.259216
2615.0 2655.0 ssil -510.225403
2655.0 2680.0 ssil -339.629395 DE
2680.0 2725.0 d -731.960938
2725.0 2745.0 @ -264.176758
2745.0 2765.0 ssil -233.509369
2765.0 2795.0 ssil -346.187836 KAPITEIN
2795.0 2845.0 k -690.896362
2845.0 2945.0 ac -1248.274658
2945.0 2985.0 p -588.642761
2985.0 3020.0 i -468.312622
3020.0 3135.0 t -1522.404419
3135.0 3305.0 ei -1892.275879
3305.0 3465.0 n -1680.500244
3465.0 3480.0 ssil -194.500290
3480.0 3495.0 ssil -190.497070 BLIJ
3495.0 3525.0 b -401.680328
3525.0 3605.0 l -1051.463379
3605.0 3765.0 ei -1849.252075
3765.0 3780.0 ssil -197.880356
3780.0 3830.0 ssil -598.310974 WEG
3830.0 3845.0 w -223.383789
3845.0 3930.0 ec -1071.974365
3930.0 3995.0 x -932.623169
3995.0 4505.0 ssil -6479.883789
.
