#!MLF!#
"/net/aistaff/aki/_same-utterance/wav/05/Limburg/8132-1457613622-1571431.rec"
0.0 15.0 ssil -156.682465 NA
15.0 750.0 n -6710.842773
750.0 910.0 a -2105.058594
910.0 925.0 ssil -202.680298
925.0 940.0 ssil -213.353653 DE
940.0 955.0 d -209.728424
955.0 1000.0 @ -499.324310
1000.0 1015.0 ssil -173.292633
1015.0 1030.0 ssil -227.894409 TOCHT
1030.0 1070.0 t -633.079834
1070.0 1195.0 oc -1640.131958
1195.0 1210.0 ssil -242.920746
1210.0 1225.0 ssil -239.746719 IN
1225.0 1240.0 n -245.996658
1240.0 1255.0 ssil -210.171417
1255.0 1270.0 ssil -246.549088 DE
1270.0 1305.0 d -540.388000
1305.0 1385.0 @ -1049.858521
1385.0 1400.0 ssil -234.481522
1400.0 1415.0 ssil -255.323395 REGEN
1415.0 1520.0 r -1361.797729
1520.0 1710.0 e -2140.177979
1710.0 1785.0 gc -1032.095703
1785.0 1840.0 @ -688.794922
1840.0 1890.0 ssil -653.276062
1890.0 1915.0 ssil -325.711273 VAART
1915.0 1955.0 f -564.420837
1955.0 2025.0 a -866.033936
2025.0 2055.0 r -403.899719
2055.0 2080.0 ssil -349.704987
2080.0 2145.0 ssil -972.956726 DE
2145.0 2160.0 d -221.547195
2160.0 2175.0 ssil -219.613571
2175.0 2240.0 ssil -798.595215 KAPITEIN
2240.0 2285.0 k -661.612732
2285.0 2400.0 ac -1471.254395
2400.0 2430.0 p -460.532898
2430.0 2520.0 @ -1231.126221
2520.0 2560.0 t -582.960693
2560.0 2710.0 ei -1818.436401
2710.0 2765.0 n -850.802979
2765.0 2780.0 ssil -212.633408
2780.0 2795.0 ssil -208.825821 BLIJ
2795.0 2825.0 b -451.410400
2825.0 2895.0 l -927.378540
2895.0 3050.0 ei -1721.602539
3050.0 3065.0 ssil -196.941238
3065.0 3080.0 ssil -183.456192 WEG
3080.0 3110.0 w -367.015930
3110.0 3230.0 ec -1577.249146
3230.0 3335.0 x -1546.554688
3335.0 4065.0 ssil -8939.596680
.
