#!MLF!#
"/net/aistaff/aki/_same-utterance/wav/05/Limburg/8289-1457714502-1580566.rec"
0.0 15.0 ssil -154.653488 NA
15.0 30.0 n -155.827637
30.0 315.0 a -2322.211182
315.0 395.0 ssil -1208.500244
395.0 740.0 ssil -4253.117188 DE
740.0 835.0 d -1231.967163
835.0 1030.0 @ -2649.704834
1030.0 1045.0 ssil -203.382355
1045.0 1080.0 ssil -437.288666 TOCHT
1080.0 1120.0 t -562.705322
1120.0 1230.0 oc -1381.792603
1230.0 1245.0 ssil -221.829697
1245.0 1260.0 ssil -223.446198 IN
1260.0 1290.0 n -355.249451
1290.0 1305.0 ssil -200.263977
1305.0 1320.0 ssil -223.298340 DE
1320.0 1345.0 d -329.928406
1345.0 1410.0 @ -789.766113
1410.0 1425.0 ssil -205.547302
1425.0 1440.0 ssil -198.512009 REGEN
1440.0 1565.0 r -1627.316895
1565.0 1690.0 e -1418.935425
1690.0 1725.0 gc -479.549255
1725.0 1815.0 @ -1186.764160
1815.0 1845.0 ssil -378.900787
1845.0 1880.0 ssil -422.407043 VAART
1880.0 1965.0 f -1206.812500
1965.0 2060.0 a -1196.735718
2060.0 2090.0 r -413.344940
2090.0 2135.0 t -611.250671
2135.0 2240.0 ssil -1280.734863
2240.0 2265.0 ssil -361.684998 DE
2265.0 2280.0 d -208.564789
2280.0 2330.0 @ -653.515686
2330.0 2370.0 ssil -469.942719
2370.0 2445.0 ssil -1059.911987 KAPITEIN
2445.0 2475.0 k -394.463135
2475.0 2490.0 ac -210.394302
2490.0 2505.0 p -214.624939
2505.0 2545.0 t -583.360352
2545.0 2650.0 ei -1291.906250
2650.0 2665.0 n -189.949890
2665.0 2680.0 ssil -190.179398
2680.0 2695.0 ssil -179.235687 BLIJ
2695.0 2810.0 b -1276.967529
2810.0 2865.0 l -718.263733
2865.0 2970.0 ei -1204.757324
2970.0 2985.0 ssil -207.741821
2985.0 3000.0 ssil -206.757004 WEG
3000.0 3020.0 w -272.479034
3020.0 3135.0 ec -1454.228027
3135.0 3155.0 x -304.233948
3155.0 3925.0 ssil -9486.979492
.
