#!MLF!#
"/net/aistaff/aki/_same-utterance/wav/05/Limburg/8295-1457713855-1579297.rec"
0.0 570.0 ssil -6361.193359 NA
570.0 630.0 n -797.791809
630.0 725.0 a -980.634644
725.0 740.0 ssil -209.394760
740.0 755.0 ssil -197.594147 DE
755.0 770.0 d -201.678391
770.0 830.0 @ -690.358704
830.0 850.0 ssil -289.138641
850.0 905.0 ssil -707.991943 TOCHT
905.0 935.0 t -435.949005
935.0 1080.0 oc -1975.171143
1080.0 1125.0 x -628.817566
1125.0 1190.0 ssil -880.480774
1190.0 1210.0 ssil -318.066650 IN
1210.0 1310.0 n -1275.428467
1310.0 1325.0 ssil -261.980316
1325.0 1345.0 ssil -305.826935 DE
1345.0 1370.0 d -406.246063
1370.0 1445.0 @ -900.590576
1445.0 1465.0 ssil -245.304947
1465.0 1485.0 ssil -262.804901 REGEN
1485.0 1500.0 r -208.867416
1500.0 1695.0 e -2109.781982
1695.0 1760.0 gc -900.955017
1760.0 1970.0 @ -2632.961182
1970.0 1985.0 ssil -240.800980
1985.0 2000.0 ssil -234.689713 VAART
2000.0 2145.0 f -1715.184082
2145.0 2280.0 a -1720.558716
2280.0 2355.0 r -979.641479
2355.0 2425.0 t -963.645203
2425.0 2450.0 ssil -440.137848
2450.0 2465.0 ssil -215.864700 DE
2465.0 2525.0 d -756.815552
2525.0 2570.0 @ -657.225220
2570.0 2585.0 ssil -197.064941
2585.0 2605.0 ssil -264.496796 KAPITEIN
2605.0 2650.0 k -646.903931
2650.0 2770.0 ac -1691.408936
2770.0 2810.0 p -565.539917
2810.0 2860.0 i -688.437988
2860.0 2945.0 t -1134.936646
2945.0 3125.0 ei -2148.626221
3125.0 3175.0 n -558.143677
3175.0 3190.0 ssil -187.134979
3190.0 3205.0 ssil -181.527679 BLIJ
3205.0 3255.0 b -591.957214
3255.0 3340.0 l -1106.466431
3340.0 3495.0 ei -1656.203369
3495.0 3510.0 ssil -185.036087
3510.0 3525.0 ssil -182.138107 WEG
3525.0 3565.0 w -447.433807
3565.0 3705.0 ec -1652.525391
3705.0 3810.0 x -1363.063599
3810.0 5155.0 ssil -15152.993164
.
