#!MLF!#
"/net/aistaff/aki/_same-utterance/wav/05/Limburg/8392-1457714370-1582566.rec"
0.0 280.0 ssil -2324.238037 NA
280.0 295.0 n -156.668167
295.0 310.0 a -182.618408
310.0 335.0 ssil -332.596527
335.0 655.0 ssil -3821.791748 DE
655.0 740.0 d -1054.295654
740.0 910.0 @ -2367.611816
910.0 1055.0 ssil -1988.791138
1055.0 1105.0 ssil -579.074768 TOCHT
1105.0 1135.0 t -404.392242
1135.0 1295.0 oc -2139.653320
1295.0 1375.0 x -1126.181641
1375.0 1475.0 t -1122.375122
1475.0 1550.0 ssil -917.245056
1550.0 1565.0 ssil -193.823547 IN
1565.0 1595.0 n -318.071014
1595.0 1610.0 ssil -184.102493
1610.0 1625.0 ssil -199.717972 DE
1625.0 1640.0 d -204.256882
1640.0 1725.0 @ -1014.575500
1725.0 1740.0 ssil -202.148605
1740.0 1755.0 ssil -206.262024 REGEN
1755.0 1905.0 r -1790.364746
1905.0 2255.0 e -4015.103760
2255.0 2270.0 gc -206.837677
2270.0 2360.0 @ -1113.659546
2360.0 2460.0 ssil -1154.045410
2460.0 2480.0 ssil -270.925720 VAART
2480.0 2610.0 v -1548.098999
2610.0 2720.0 a -1167.848511
2720.0 2785.0 r -888.592896
2785.0 2825.0 ssil -540.147400
2825.0 2850.0 ssil -357.586731 DE
2850.0 2880.0 d -414.303162
2880.0 2950.0 @ -870.408875
2950.0 2965.0 ssil -199.822144
2965.0 2985.0 ssil -263.615936 KAPITEIN
2985.0 3020.0 k -528.997314
3020.0 3120.0 ac -1154.273560
3120.0 3175.0 p -767.486816
3175.0 3285.0 @ -1441.614502
3285.0 3345.0 t -806.845642
3345.0 3500.0 ei -1567.526367
3500.0 3610.0 n -1322.532227
3610.0 3640.0 ssil -381.234650
3640.0 3700.0 ssil -781.404236 BLIJ
3700.0 3800.0 b -1192.763550
3800.0 3865.0 l -761.104736
3865.0 4050.0 ei -2074.896484
4050.0 4075.0 ssil -311.998260
4075.0 4090.0 ssil -189.008560 WEG
4090.0 4130.0 w -512.643066
4130.0 4275.0 ec -1775.565918
4275.0 4290.0 x -216.763519
4290.0 5110.0 ssil -10292.699219
.
