#!MLF!#
"/net/aistaff/aki/_same-utterance/wav/05/Limburg/8595-1457906214-1623512.rec"
0.0 845.0 ssil -9568.575195 NA
845.0 930.0 n -1185.006104
930.0 1080.0 a -1818.159058
1080.0 1095.0 ssil -248.759964
1095.0 1110.0 ssil -235.456711 DE
1110.0 1150.0 d -570.657043
1150.0 1205.0 @ -719.298889
1205.0 1220.0 ssil -223.339661
1220.0 1240.0 ssil -309.421814 TOCHT
1240.0 1305.0 t -912.912537
1305.0 1400.0 oc -1433.387085
1400.0 1535.0 x -1829.555786
1535.0 1590.0 t -747.910278
1590.0 1605.0 ssil -230.880310
1605.0 1620.0 ssil -214.765823 IN
1620.0 1675.0 n -717.936646
1675.0 1690.0 ssil -250.678223
1690.0 1705.0 ssil -240.118927 DE
1705.0 1750.0 d -637.110107
1750.0 1825.0 @ -920.109131
1825.0 1845.0 ssil -304.236267
1845.0 1870.0 ssil -388.814972 REGEN
1870.0 1885.0 r -232.380981
1885.0 2145.0 e -3244.237305
2145.0 2160.0 gc -220.581726
2160.0 2180.0 @ -255.045258
2180.0 2270.0 n -1162.754395
2270.0 2285.0 ssil -213.161240
2285.0 2300.0 ssil -212.140411 VAART
2300.0 2420.0 f -1372.229248
2420.0 2545.0 a -1441.782837
2545.0 2560.0 r -223.500641
2560.0 2650.0 t -1358.111084
2650.0 2665.0 ssil -267.667816
2665.0 2680.0 ssil -265.480713 DE
2680.0 2695.0 d -222.720444
2695.0 2710.0 ssil -193.494751
2710.0 2730.0 ssil -248.342422 KAPITEIN
2730.0 2785.0 k -864.201538
2785.0 2900.0 ac -1527.291748
2900.0 2955.0 p -763.682922
2955.0 3005.0 @ -752.401489
3005.0 3115.0 t -1410.415405
3115.0 3290.0 ei -2140.188721
3290.0 3340.0 n -686.704346
3340.0 3355.0 ssil -210.917419
3355.0 3370.0 ssil -218.276855 BLIJ
3370.0 3405.0 b -475.924377
3405.0 3490.0 l -1163.473633
3490.0 3635.0 ei -1714.750610
3635.0 3650.0 ssil -183.967209
3650.0 3665.0 ssil -195.355850 WEG
3665.0 3715.0 w -549.958374
3715.0 3865.0 ec -1844.399658
3865.0 3880.0 x -210.231781
3880.0 4480.0 ssil -7225.058594
.
