#!MLF!#
"/net/aistaff/aki/_same-utterance/wav/05/Limburg/8823-1457992259-1655734.rec"
0.0 15.0 ssil -157.735138 NA
15.0 30.0 n -159.750443
30.0 180.0 a -1354.914551
180.0 215.0 ssil -506.111664
215.0 640.0 ssil -4731.775391 DE
640.0 700.0 d -924.757935
700.0 895.0 @ -2479.805420
895.0 1070.0 ssil -2295.333496
1070.0 1105.0 ssil -495.310059 TOCHT
1105.0 1145.0 t -601.922241
1145.0 1270.0 oc -1319.827148
1270.0 1380.0 x -1473.011719
1380.0 1460.0 t -995.416931
1460.0 1515.0 ssil -764.137878
1515.0 1575.0 ssil -1012.862000 IN
1575.0 1650.0 n -1002.936890
1650.0 1665.0 ssil -257.557922
1665.0 1680.0 ssil -241.366821 DE
1680.0 1715.0 d -486.876373
1715.0 1760.0 @ -545.167419
1760.0 1785.0 ssil -328.830292
1785.0 1855.0 ssil -923.498352 REGEN
1855.0 1875.0 r -241.698547
1875.0 2160.0 e -3049.373291
2160.0 2175.0 gc -227.122299
2175.0 2305.0 @ -1453.025269
2305.0 2475.0 n -2099.631348
2475.0 2505.0 ssil -349.774445
2505.0 2830.0 ssil -3777.173828 VAART
2830.0 2940.0 f -1417.436646
2940.0 3015.0 a -814.603149
3015.0 3065.0 r -641.110413
3065.0 3145.0 ssil -1075.373413
3145.0 3165.0 ssil -307.381866 DE
3165.0 3205.0 d -607.746887
3205.0 3230.0 @ -322.794220
3230.0 3255.0 ssil -297.604492
3255.0 3280.0 ssil -288.609039 KAPITEIN
3280.0 3340.0 k -882.600586
3340.0 3455.0 ac -1478.139648
3455.0 3495.0 p -639.738770
3495.0 3565.0 i -952.324341
3565.0 3700.0 t -1820.009888
3700.0 3885.0 ei -2139.497559
3885.0 4015.0 n -1401.498047
4015.0 4030.0 ssil -202.317490
4030.0 4045.0 ssil -208.607697 BLIJ
4045.0 4060.0 b -217.200592
4060.0 4130.0 l -873.046997
4130.0 4390.0 ei -2845.576172
4390.0 4405.0 ssil -192.044830
4405.0 4420.0 ssil -205.135941 WEG
4420.0 4475.0 w -698.700562
4475.0 4660.0 ec -2120.479980
4660.0 4710.0 x -698.539856
4710.0 5690.0 ssil -11387.935547
.
