#!MLF!#
"/net/aistaff/aki/_same-utterance/wav/05/Limburg/8877-1463054403-1671122.rec"
0.0 510.0 ssil -4533.546875 NA
510.0 550.0 n -555.734558
550.0 645.0 a -1088.797241
645.0 660.0 ssil -195.019821
660.0 675.0 ssil -199.818588 DE
675.0 710.0 d -500.326813
710.0 750.0 @ -569.515137
750.0 775.0 ssil -382.694824
775.0 875.0 ssil -1196.755859 TOCHT
875.0 940.0 t -884.607422
940.0 1050.0 oc -1410.614380
1050.0 1200.0 x -1955.629761
1200.0 1320.0 t -1540.641357
1320.0 1375.0 ssil -757.685303
1375.0 1470.0 ssil -1171.346558 IN
1470.0 1535.0 ic -942.205017
1535.0 1635.0 n -1220.016602
1635.0 1650.0 ssil -239.980789
1650.0 1665.0 ssil -209.285339 DE
1665.0 1680.0 d -224.022598
1680.0 1765.0 @ -1054.922485
1765.0 1780.0 ssil -201.510574
1780.0 1795.0 ssil -214.079086 REGEN
1795.0 1810.0 r -212.099747
1810.0 2050.0 e -2872.745605
2050.0 2145.0 x -1340.441040
2145.0 2315.0 @ -1888.351318
2315.0 2430.0 ssil -1326.322754
2430.0 2510.0 ssil -1065.886963 VAART
2510.0 2690.0 f -2213.785156
2690.0 2820.0 a -1757.722534
2820.0 2845.0 r -379.255615
2845.0 2920.0 t -1133.983521
2920.0 2935.0 ssil -230.847626
2935.0 2950.0 ssil -234.573639 DE
2950.0 2965.0 d -212.870361
2965.0 2980.0 ssil -195.714935
2980.0 3000.0 ssil -275.593079 KAPITEIN
3000.0 3050.0 k -788.026794
3050.0 3170.0 ac -1513.311401
3170.0 3200.0 p -439.350403
3200.0 3280.0 i -1142.565918
3280.0 3340.0 t -813.233398
3340.0 3515.0 ei -2166.496094
3515.0 3630.0 n -1380.670044
3630.0 3645.0 ssil -201.622223
3645.0 3660.0 ssil -208.316879 BLIJ
3660.0 3680.0 b -310.235931
3680.0 3760.0 l -1159.138916
3760.0 3950.0 ei -2511.715332
3950.0 3965.0 ssil -191.855743
3965.0 3980.0 ssil -194.039673 WEG
3980.0 4025.0 w -595.026062
4025.0 4115.0 ec -1116.069580
4115.0 4375.0 x -3181.040771
4375.0 4550.0 ssil -1876.491455
.
