#!MLF!#
"/net/aistaff/aki/_same-utterance/wav/05/Limburg/9058-1459117756-1715885.rec"
0.0 1205.0 ssil -14378.739258 NA
1205.0 1285.0 n -882.976868
1285.0 1415.0 a -1389.181763
1415.0 1430.0 ssil -216.651779
1430.0 1445.0 ssil -225.397797 DE
1445.0 1465.0 d -277.409058
1465.0 1505.0 @ -524.532898
1505.0 1545.0 ssil -526.253906
1545.0 1560.0 ssil -179.985733 TOCHT
1560.0 1650.0 t -1231.563843
1650.0 1745.0 oc -1229.702759
1745.0 1815.0 x -1066.505005
1815.0 1885.0 t -995.518799
1885.0 1900.0 ssil -208.601562
1900.0 1915.0 ssil -186.511734 IN
1915.0 1950.0 ic -451.768036
1950.0 2015.0 n -807.546570
2015.0 2030.0 ssil -203.800003
2030.0 2045.0 ssil -195.176697 DE
2045.0 2060.0 d -190.736160
2060.0 2125.0 @ -815.015930
2125.0 2140.0 ssil -234.642746
2140.0 2170.0 ssil -416.095703 REGEN
2170.0 2200.0 r -417.171661
2200.0 2410.0 e -2668.819580
2410.0 2455.0 gc -679.463501
2455.0 2485.0 @ -406.037354
2485.0 2500.0 ssil -194.684357
2500.0 2520.0 ssil -268.513153 VAART
2520.0 2610.0 f -1152.702881
2610.0 2705.0 a -933.650452
2705.0 2750.0 r -644.115234
2750.0 2775.0 ssil -352.017639
2775.0 2795.0 ssil -309.137634 DE
2795.0 2840.0 d -717.742615
2840.0 2865.0 @ -344.417572
2865.0 2900.0 ssil -449.865997
2900.0 2925.0 ssil -305.477661 KAPITEIN
2925.0 2980.0 k -811.771912
2980.0 3105.0 ac -1588.545776
3105.0 3135.0 p -469.417694
3135.0 3245.0 i -1490.115479
3245.0 3325.0 t -1198.705200
3325.0 3465.0 ei -1467.533447
3465.0 3525.0 n -691.145386
3525.0 3540.0 ssil -199.523773
3540.0 3555.0 ssil -209.452698 BLIJ
3555.0 3585.0 b -379.350098
3585.0 3655.0 l -839.734375
3655.0 3805.0 ei -1670.688965
3805.0 3820.0 ssil -200.640091
3820.0 3835.0 ssil -190.885895 WEG
3835.0 3910.0 w -760.027710
3910.0 4020.0 ec -1239.583374
4020.0 4035.0 x -213.910217
4035.0 4550.0 ssil -6193.855469
.
