#!MLF!#
"/net/aistaff/aki/_same-utterance/wav/05/Limburg/9096-1459547683-1725545.rec"
0.0 1054.9999 ssil -12886.841797 NA
1054.9999 1130.0 n -931.808594
1130.0 1265.0 a -1554.810913
1265.0 1280.0 ssil -216.945145
1280.0 1295.0 ssil -221.405502 DE
1295.0 1320.0 d -352.084991
1320.0 1395.0 @ -989.199768
1395.0 1410.0 ssil -190.171539
1410.0 1430.0 ssil -239.820236 TOCHT
1430.0 1480.0 t -691.166748
1480.0 1625.0 oc -1738.298096
1625.0 1665.0 x -625.543396
1665.0 1755.0 ssil -1241.419556
1755.0 1815.0 ssil -752.478699 IN
1815.0 1850.0 ic -458.799225
1850.0 1920.0 n -772.171997
1920.0 1935.0 ssil -234.638748
1935.0 1950.0 ssil -194.429962 DE
1950.0 1965.0 d -191.114120
1965.0 2000.0 @ -437.090118
2000.0 2015.0 ssil -212.517990
2015.0 2030.0 ssil -219.187698 REGEN
2030.0 2075.0 r -550.052185
2075.0 2295.0 e -2502.593994
2295.0 2310.0 gc -257.904755
2310.0 2345.0 @ -492.259399
2345.0 2525.0 n -2116.900391
2525.0 2540.0 ssil -183.834961
2540.0 2665.0 ssil -1429.468140 VAART
2665.0 2770.0 f -1252.863525
2770.0 2905.0 a -1556.053833
2905.0 2930.0 r -379.082825
2930.0 2945.0 ssil -193.509140
2945.0 2975.0 ssil -385.992859 DE
2975.0 3015.0 d -569.090759
3015.0 3040.0 @ -315.733429
3040.0 3060.0 ssil -232.916595
3060.0 3080.0 ssil -231.678146 KAPITEIN
3080.0 3130.0 k -680.608276
3130.0 3280.0 ac -1747.674927
3280.0 3300.0 p -295.157013
3300.0 3335.0 @ -399.154724
3335.0 3430.0 t -1128.474731
3430.0 3620.0 ei -2256.062988
3620.0 3840.0 n -2688.037109
3840.0 3860.0 ssil -216.673050
3860.0 3890.0 ssil -400.646698 BLIJ
3890.0 3945.0 b -714.087097
3945.0 3995.0 l -670.444763
3995.0 4170.0 ei -1962.528198
4170.0 4185.0 ssil -194.305008
4185.0 4200.0 ssil -194.264832 WEG
4200.0 4270.0 w -909.249146
4270.0 4430.0 ec -1916.475952
4430.0 4490.0 x -794.293762
4490.0 5295.0 ssil -9114.665039
.
