#!MLF!#
"/net/aistaff/aki/_same-utterance/wav/05/Limburg/9117-1459882788-1741012.rec"
0.0 820.0 ssil -9146.730469 NA
820.0 920.0 n -1117.913818
920.0 1055.0 a -1405.138672
1055.0 1070.0 ssil -210.258591
1070.0 1085.0 ssil -210.637390 DE
1085.0 1170.0 d -1100.147095
1170.0 1200.0 @ -394.402313
1200.0 1215.0 ssil -194.648575
1215.0 1240.0 ssil -330.585602 TOCHT
1240.0 1285.0 t -720.744446
1285.0 1370.0 oc -1089.385132
1370.0 1445.0 x -1054.207520
1445.0 1520.0 t -1145.069092
1520.0 1535.0 ssil -221.162918
1535.0 1560.0 ssil -394.604462 IN
1560.0 1645.0 ic -983.249023
1645.0 1705.0 n -624.148499
1705.0 1720.0 ssil -198.041733
1720.0 1735.0 ssil -217.998428 DE
1735.0 1750.0 d -212.203018
1750.0 1820.0 @ -830.008667
1820.0 1835.0 ssil -187.450653
1835.0 1850.0 ssil -181.438141 REGEN
1850.0 1865.0 r -195.342926
1865.0 2095.0 e -2598.587158
2095.0 2110.0 gc -244.539413
2110.0 2295.0 n -2216.093506
2295.0 2310.0 ssil -168.576202
2310.0 2630.0 ssil -3809.051514 VAART
2630.0 2720.0 f -1127.834961
2720.0 2805.0 a -924.318848
2805.0 2860.0 r -722.300598
2860.0 2885.0 ssil -362.942719
2885.0 2910.0 ssil -396.936066 DE
2910.0 2940.0 d -431.343689
2940.0 2965.0 @ -312.418213
2965.0 2980.0 ssil -211.025543
2980.0 2995.0 ssil -232.713715 KAPITEIN
2995.0 3080.0 k -1342.434082
3080.0 3145.0 ac -846.521912
3145.0 3210.0 b -994.915100
3210.0 3310.0 i -1243.036621
3310.0 3365.0 d -779.046387
3365.0 3470.0 ei -1158.043579
3470.0 3575.0 n -1153.415894
3575.0 3590.0 ssil -198.058487
3590.0 3605.0 ssil -204.818634 BLIJ
3605.0 3660.0 b -772.711670
3660.0 3700.0 l -575.530090
3700.0 3850.0 ei -1657.890381
3850.0 3865.0 ssil -193.309402
3865.0 3880.0 ssil -185.819931 WEG
3880.0 3895.0 w -199.467224
3895.0 4020.0 ec -1387.256226
4020.0 4110.0 x -1333.771729
4110.0 4530.0 ssil -5318.547363
.
