#!MLF!#
"/net/aistaff/aki/_same-utterance/wav/05/Limburg/9122-1459853457-1731257.rec"
0.0 15.0 ssil -142.391449 NA
15.0 30.0 n -140.509064
30.0 320.0 a -2013.234009
320.0 770.0 ssil -5376.098633
770.0 875.0 ssil -1262.989746 DE
875.0 955.0 d -1103.355103
955.0 1070.0 @ -1349.021973
1070.0 1145.0 ssil -1007.348145
1145.0 1290.0 ssil -1903.359741 TOCHT
1290.0 1330.0 t -602.525818
1330.0 1500.0 oc -2492.297119
1500.0 1535.0 x -475.906738
1535.0 1720.0 t -2613.953125
1720.0 1735.0 ssil -207.639297
1735.0 1765.0 ssil -451.416809 IN
1765.0 1880.0 n -1264.969360
1880.0 1895.0 ssil -215.799026
1895.0 1910.0 ssil -227.447144 DE
1910.0 1925.0 d -197.885239
1925.0 1980.0 @ -617.844482
1980.0 1995.0 ssil -195.155014
1995.0 2070.0 ssil -965.326477 REGEN
2070.0 2085.0 r -240.851486
2085.0 2245.0 e -1947.039185
2245.0 2335.0 gc -1341.656860
2335.0 2375.0 @ -573.557129
2375.0 2575.0 n -2059.041260
2575.0 2600.0 ssil -341.715942
2600.0 2635.0 ssil -455.786987 VAART
2635.0 2735.0 f -1180.222046
2735.0 2840.0 a -1240.876099
2840.0 2880.0 r -556.450562
2880.0 2985.0 ssil -1309.371094
2985.0 3085.0 ssil -1375.043335 DE
3085.0 3100.0 d -247.994522
3100.0 3170.0 @ -865.389221
3170.0 3190.0 ssil -280.074585
3190.0 3260.0 ssil -881.608398 KAPITEIN
3260.0 3350.0 k -1448.307007
3350.0 3455.0 ac -1463.031372
3455.0 3530.0 p -1166.494873
3530.0 3585.0 i -683.931152
3585.0 3725.0 t -2039.628540
3725.0 3900.0 ei -2307.500000
3900.0 4070.0 n -2130.111572
4070.0 4110.0 ssil -518.389771
4110.0 4370.0 ssil -2923.494141 BLIJ
4370.0 4405.0 b -485.370178
4405.0 4450.0 l -609.494629
4450.0 4685.0 ei -2838.528564
4685.0 4700.0 ssil -233.781265
4700.0 4715.0 ssil -216.109467 WEG
4715.0 4755.0 w -502.552032
4755.0 4835.0 ec -1079.179565
4835.0 4850.0 x -235.345978
4850.0 5875.0 ssil -12287.033203
.
