#!MLF!#
"/net/aistaff/aki/_same-utterance/wav/05/Limburg/9135-1459856171-1732964.rec"
0.0 15.0 ssil -153.454285 NA
15.0 550.0 n -4080.506836
550.0 570.0 a -248.725647
570.0 1180.0 ssil -7441.512207
1180.0 1310.0 ssil -1793.602783 DE
1310.0 1345.0 d -482.292542
1345.0 1400.0 @ -674.709717
1400.0 1420.0 ssil -279.576813
1420.0 1505.0 ssil -973.765198 TOCHT
1505.0 1570.0 t -962.945190
1570.0 1695.0 oc -1575.016479
1695.0 1810.0 x -1577.290527
1810.0 1845.0 t -544.198975
1845.0 1900.0 ssil -818.593323
1900.0 1915.0 ssil -241.621826 IN
1915.0 2045.0 ic -1605.692261
2045.0 2080.0 n -463.883698
2080.0 2095.0 ssil -191.940643
2095.0 2110.0 ssil -214.413315 DE
2110.0 2125.0 d -206.652176
2125.0 2200.0 @ -923.797974
2200.0 2215.0 ssil -217.555664
2215.0 2230.0 ssil -206.456299 REGEN
2230.0 2245.0 r -216.789459
2245.0 2470.0 e -2679.781494
2470.0 2545.0 x -1099.787598
2545.0 2640.0 @ -1118.003418
2640.0 2805.0 n -1986.245483
2805.0 2860.0 ssil -604.367432
2860.0 2920.0 ssil -876.075500 VAART
2920.0 3065.0 v -1863.638550
3065.0 3190.0 a -1424.079346
3190.0 3225.0 r -486.080353
3225.0 3465.0 ssil -3160.341553
3465.0 3595.0 ssil -1617.967651 DE
3595.0 3660.0 d -958.512756
3660.0 3720.0 @ -732.248352
3720.0 3735.0 ssil -185.353760
3735.0 3780.0 ssil -615.518311 KAPITEIN
3780.0 3810.0 k -487.656616
3810.0 3955.0 ac -1791.724243
3955.0 3995.0 p -578.588196
3995.0 4035.0 @ -553.399048
4035.0 4150.0 t -1568.156982
4150.0 4350.0 ei -1936.756348
4350.0 4435.0 n -981.864197
4435.0 4450.0 ssil -184.661057
4450.0 4465.0 ssil -208.682159 BLIJ
4465.0 4485.0 b -282.339996
4485.0 4545.0 l -684.690613
4545.0 4795.0 ei -2627.122803
4795.0 4810.0 ssil -230.510132
4810.0 4825.0 ssil -258.385742 WEG
4825.0 4870.0 w -588.601074
4870.0 5050.0 ec -2037.966553
5050.0 5080.0 x -420.938660
5080.0 5990.0 ssil -10889.206055
.
