#!MLF!#
"/net/aistaff/aki/_same-utterance/wav/05/Limburg/9136-1459856426-1733240.rec"
0.0 305.0 ssil -2407.950684 NA
305.0 320.0 n -181.089752
320.0 340.0 a -300.769409
340.0 360.0 ssil -286.902405
360.0 830.0 ssil -6123.246094 DE
830.0 860.0 d -365.113983
860.0 940.0 @ -959.328125
940.0 1110.0 ssil -2466.740723
1110.0 1245.0 ssil -1727.100220 TOCHT
1245.0 1270.0 t -378.246582
1270.0 1435.0 oc -2086.596924
1435.0 1465.0 x -436.334564
1465.0 1570.0 ssil -1328.151001
1570.0 1620.0 ssil -730.366028 IN
1620.0 1675.0 ic -758.031799
1675.0 1815.0 n -1574.311279
1815.0 1830.0 ssil -178.231583
1830.0 1845.0 ssil -179.360672 DE
1845.0 1875.0 d -352.582581
1875.0 1890.0 ssil -197.346130
1890.0 1905.0 ssil -214.807220 REGEN
1905.0 1995.0 r -994.668030
1995.0 2185.0 e -2344.426270
2185.0 2200.0 gc -231.109024
2200.0 2305.0 @ -1392.930176
2305.0 2515.0 ssil -2669.804443
2515.0 2600.0 ssil -1065.859863 VAART
2600.0 2645.0 v -607.264099
2645.0 2740.0 a -1131.297363
2740.0 2760.0 r -246.329346
2760.0 2805.0 ssil -620.367615
2805.0 2850.0 ssil -618.793274 DE
2850.0 2870.0 d -268.480560
2870.0 2910.0 @ -489.856873
2910.0 2935.0 ssil -318.312866
2935.0 2955.0 ssil -299.270233 KAPITEIN
2955.0 3000.0 k -689.698425
3000.0 3180.0 ac -2306.479736
3180.0 3235.0 p -731.384521
3235.0 3305.0 t -996.795227
3305.0 3475.0 ei -1865.092163
3475.0 3545.0 n -779.147705
3545.0 3580.0 ssil -526.355530
3580.0 3610.0 ssil -366.219269 BLIJ
3610.0 3735.0 b -1460.547485
3735.0 3810.0 l -816.386597
3810.0 3955.0 ei -1464.374146
3955.0 3970.0 ssil -185.097824
3970.0 3985.0 ssil -179.996597 WEG
3985.0 4095.0 w -1105.934448
4095.0 4210.0 ec -1344.680542
4210.0 4225.0 x -214.486969
4225.0 4805.0 ssil -7291.118164
.
