#!MLF!#
"/net/aistaff/aki/_same-utterance/wav/05/Limburg/9140-1459857815-1734068.rec"
0.0 530.0 ssil -5954.588379 NA
530.0 605.0 n -997.249573
605.0 710.0 a -1293.970581
710.0 725.0 ssil -219.741974
725.0 740.0 ssil -223.976990 DE
740.0 780.0 d -608.508362
780.0 795.0 ssil -214.502136
795.0 850.0 ssil -769.407898 TOCHT
850.0 890.0 t -574.852783
890.0 960.0 oc -874.127930
960.0 1035.0 x -1105.281982
1035.0 1110.0 t -1075.736816
1110.0 1125.0 ssil -201.954605
1125.0 1150.0 ssil -350.474426 IN
1150.0 1225.0 n -960.032532
1225.0 1240.0 ssil -209.927429
1240.0 1255.0 ssil -208.471039 DE
1255.0 1270.0 d -214.147644
1270.0 1285.0 ssil -193.316086
1285.0 1300.0 ssil -181.728775 REGEN
1300.0 1315.0 r -172.501389
1315.0 1495.0 e -1792.491821
1495.0 1540.0 gc -629.254211
1540.0 1705.0 @ -1862.942871
1705.0 1825.0 ssil -1507.997437
1825.0 1880.0 ssil -677.012512 VAART
1880.0 1985.0 f -1293.377563
1985.0 2070.0 a -981.089539
2070.0 2130.0 r -857.345398
2130.0 2145.0 t -221.089844
2145.0 2160.0 ssil -223.172058
2160.0 2175.0 ssil -218.375229 DE
2175.0 2205.0 d -443.934570
2205.0 2225.0 @ -269.526886
2225.0 2270.0 ssil -593.800720
2270.0 2285.0 ssil -228.393646 KAPITEIN
2285.0 2335.0 k -745.181763
2335.0 2430.0 ac -1235.136230
2430.0 2455.0 p -341.118622
2455.0 2505.0 i -642.531494
2505.0 2600.0 t -1313.684570
2600.0 2760.0 ei -1926.558594
2760.0 2865.0 n -1168.327393
2865.0 2880.0 ssil -203.296783
2880.0 2895.0 ssil -197.690323 BLIJ
2895.0 2935.0 b -563.657654
2935.0 3005.0 l -951.299805
3005.0 3110.0 ei -1342.308350
3110.0 3125.0 ssil -185.883408
3125.0 3140.0 ssil -173.843948 WEG
3140.0 3185.0 w -491.062042
3185.0 3280.0 ec -1144.904419
3280.0 3295.0 x -223.946854
3295.0 3620.0 ssil -3866.442627
.
