#!MLF!#
"/net/aistaff/aki/_same-utterance/wav/05/Limburg/9161-1459874200-1738809.rec"
0.0 490.0 ssil -6009.361328 NA
490.0 575.0 n -1109.032593
575.0 670.0 a -1070.388306
670.0 685.0 ssil -185.965637
685.0 700.0 ssil -195.685196 DE
700.0 715.0 d -196.892761
715.0 795.0 @ -949.742310
795.0 810.0 ssil -172.472839
810.0 850.0 ssil -521.206787 TOCHT
850.0 890.0 t -581.397888
890.0 1035.0 oc -1943.847778
1035.0 1080.0 x -609.868713
1080.0 1095.0 ssil -198.511261
1095.0 1135.0 ssil -565.868591 IN
1135.0 1220.0 ic -1049.003174
1220.0 1275.0 n -628.816528
1275.0 1290.0 ssil -198.125504
1290.0 1305.0 ssil -198.363815 DE
1305.0 1320.0 d -200.927628
1320.0 1355.0 @ -415.002899
1355.0 1370.0 ssil -178.949936
1370.0 1385.0 ssil -169.048950 REGEN
1385.0 1400.0 r -168.708588
1400.0 1740.0 e -3709.157227
1740.0 1755.0 gc -223.226135
1755.0 1935.0 @ -2182.773926
1935.0 1970.0 ssil -449.579529
1970.0 2015.0 ssil -613.567505 VAART
2015.0 2135.0 f -1416.217163
2135.0 2245.0 a -1239.974731
2245.0 2265.0 r -264.175781
2265.0 2330.0 ssil -864.442444
2330.0 2375.0 ssil -574.191956 DE
2375.0 2405.0 d -426.468018
2405.0 2430.0 @ -325.701904
2430.0 2445.0 ssil -232.052521
2445.0 2500.0 ssil -679.597351 KAPITEIN
2500.0 2550.0 k -743.496399
2550.0 2665.0 ac -1521.176636
2665.0 2700.0 p -532.719543
2700.0 2725.0 i -367.601013
2725.0 2860.0 t -1735.479004
2860.0 3040.0 ei -1843.767334
3040.0 3170.0 n -1514.242188
3170.0 3230.0 ssil -762.824524
3230.0 3290.0 ssil -730.837219 BLIJ
3290.0 3330.0 b -534.064453
3330.0 3385.0 l -702.461182
3385.0 3550.0 ei -1748.985718
3550.0 3565.0 ssil -200.269501
3565.0 3580.0 ssil -186.856842 WEG
3580.0 3615.0 w -381.183014
3615.0 3765.0 ec -1767.967407
3765.0 3785.0 x -296.682343
3785.0 4505.0 ssil -9173.497070
.
