#!MLF!#
"/net/aistaff/aki/_same-utterance/wav/05/Limburg/9175-1459891390-1741929.rec"
0.0 575.0 ssil -7654.809082 NA
575.0 745.0 n -2229.249512
745.0 910.0 a -2363.431885
910.0 940.0 ssil -469.380127
940.0 955.0 ssil -242.582123 DE
955.0 970.0 d -249.935104
970.0 995.0 ssil -389.340790
995.0 1030.0 ssil -508.711151 TOCHT
1030.0 1070.0 t -692.598511
1070.0 1175.0 oc -1450.034546
1175.0 1205.0 x -485.914795
1205.0 1270.0 t -1010.119080
1270.0 1285.0 ssil -240.083282
1285.0 1300.0 ssil -254.840149 IN
1300.0 1395.0 ic -1389.271606
1395.0 1425.0 n -393.360535
1425.0 1440.0 ssil -207.543198
1440.0 1455.0 ssil -212.289520 DE
1455.0 1470.0 d -198.226105
1470.0 1545.0 @ -871.901123
1545.0 1560.0 ssil -177.784866
1560.0 1575.0 ssil -184.093155 REGEN
1575.0 1625.0 r -649.240601
1625.0 1830.0 e -2442.182129
1830.0 1845.0 gc -228.989029
1845.0 1945.0 @ -1381.443237
1945.0 1970.0 ssil -337.462372
1970.0 2010.0 ssil -503.940582 VAART
2010.0 2065.0 v -787.843994
2065.0 2145.0 a -969.785828
2145.0 2160.0 r -222.351974
2160.0 2195.0 ssil -577.543213
2195.0 2235.0 ssil -631.361389 DE
2235.0 2280.0 d -723.256226
2280.0 2315.0 ssil -532.971680
2315.0 2330.0 ssil -210.701843 KAPITEIN
2330.0 2385.0 k -853.239014
2385.0 2510.0 ac -1738.679810
2510.0 2540.0 p -459.854950
2540.0 2690.0 t -2242.765381
2690.0 2825.0 ei -1595.676270
2825.0 2915.0 n -1035.473389
2915.0 2930.0 ssil -208.882187
2930.0 2945.0 ssil -210.165314 BLIJ
2945.0 3005.0 b -815.039734
3005.0 3065.0 l -791.086243
3065.0 3220.0 ei -1859.881104
3220.0 3235.0 ssil -203.502563
3235.0 3250.0 ssil -196.679092 WEG
3250.0 3295.0 w -513.006470
3295.0 3470.0 ec -2139.116211
3470.0 3495.0 x -363.289215
3495.0 4040.0 ssil -6802.507812
.
