#!MLF!#
"/net/aistaff/aki/_same-utterance/wav/05/Limburg/9181-1459943734-1744918.rec"
0.0 15.0 ssil -146.910843 NA
15.0 30.0 n -144.998245
30.0 710.0 a -5523.951660
710.0 1000.0 ssil -3606.340820
1000.0 1060.0 ssil -756.866028 DE
1060.0 1135.0 d -964.438904
1135.0 1360.0 @ -3191.864014
1360.0 1435.0 ssil -916.581726
1435.0 1460.0 ssil -312.966156 TOCHT
1460.0 1495.0 t -547.587830
1495.0 1575.0 oc -1001.881714
1575.0 1690.0 x -1602.260742
1690.0 1750.0 t -834.388123
1750.0 1765.0 ssil -230.911133
1765.0 1780.0 ssil -227.361847 IN
1780.0 1820.0 ic -511.685638
1820.0 1905.0 n -957.166138
1905.0 1920.0 ssil -222.167694
1920.0 1935.0 ssil -198.264694 DE
1935.0 1950.0 d -234.657043
1950.0 1995.0 @ -586.818970
1995.0 2020.0 ssil -348.628052
2020.0 2040.0 ssil -283.839050 REGEN
2040.0 2070.0 r -429.311584
2070.0 2250.0 e -2135.808105
2250.0 2285.0 gc -512.365417
2285.0 2350.0 @ -807.075989
2350.0 2495.0 n -1703.529297
2495.0 2520.0 ssil -288.018372
2520.0 2585.0 ssil -726.015442 VAART
2585.0 2625.0 f -528.317505
2625.0 2700.0 a -817.253296
2700.0 2725.0 r -341.591705
2725.0 2765.0 t -581.961853
2765.0 2780.0 ssil -232.125916
2780.0 2810.0 ssil -406.891998 DE
2810.0 2845.0 d -540.291199
2845.0 2865.0 ssil -277.420929
2865.0 2930.0 ssil -797.971130 KAPITEIN
2930.0 2975.0 k -678.252319
2975.0 3045.0 ac -850.554199
3045.0 3135.0 p -1232.436890
3135.0 3270.0 t -1880.256104
3270.0 3430.0 ei -1770.502441
3430.0 3530.0 n -1174.944824
3530.0 3680.0 ssil -1637.065430
3680.0 3695.0 ssil -165.122559 BLIJ
3695.0 3740.0 b -623.691956
3740.0 3770.0 l -380.793732
3770.0 3945.0 ei -1807.149414
3945.0 3960.0 ssil -186.112015
3960.0 3975.0 ssil -188.319122 WEG
3975.0 4000.0 w -283.691467
4000.0 4095.0 ec -1184.618774
4095.0 4115.0 x -288.600555
4115.0 4785.0 ssil -8073.877930
.
