#!MLF!#
"/net/aistaff/aki/_same-utterance/wav/05/Limburg/9188-1459981399-1747361.rec"
0.0 640.0 ssil -6737.529785 NA
640.0 760.0 n -1567.932495
760.0 910.0 a -1811.419434
910.0 925.0 ssil -242.713303
925.0 940.0 ssil -233.715622 DE
940.0 955.0 d -226.393326
955.0 1025.0 @ -930.830200
1025.0 1070.0 ssil -627.611755
1070.0 1100.0 ssil -411.863739 TOCHT
1100.0 1155.0 t -708.385803
1155.0 1285.0 oc -1637.480103
1285.0 1390.0 x -1554.697510
1390.0 1460.0 t -993.727783
1460.0 1475.0 ssil -219.073441
1475.0 1490.0 ssil -197.824265 IN
1490.0 1540.0 ic -660.528992
1540.0 1630.0 n -1116.260498
1630.0 1645.0 ssil -234.117126
1645.0 1660.0 ssil -224.694733 DE
1660.0 1675.0 d -224.462082
1675.0 1720.0 @ -600.723450
1720.0 1735.0 ssil -220.944855
1735.0 1750.0 ssil -225.334137 REGEN
1750.0 1775.0 r -392.941040
1775.0 1960.0 e -2293.239014
1960.0 2010.0 gc -698.812927
2010.0 2055.0 @ -600.787598
2055.0 2070.0 ssil -199.829132
2070.0 2085.0 ssil -205.199280 VAART
2085.0 2185.0 f -1239.727417
2185.0 2330.0 a -1518.422852
2330.0 2350.0 r -299.882629
2350.0 2520.0 t -2480.906006
2520.0 2535.0 ssil -240.856430
2535.0 2550.0 ssil -260.411621 DE
2550.0 2565.0 d -249.521088
2565.0 2580.0 ssil -241.693314
2580.0 2595.0 ssil -236.725952 KAPITEIN
2595.0 2645.0 k -731.577942
2645.0 2780.0 ac -1873.402222
2780.0 2815.0 p -516.888672
2815.0 2940.0 t -1792.952271
2940.0 3120.0 ei -2055.907227
3120.0 3210.0 n -1027.664795
3210.0 3225.0 ssil -188.001465
3225.0 3240.0 ssil -195.461853 BLIJ
3240.0 3270.0 b -413.888733
3270.0 3325.0 l -680.594299
3325.0 3480.0 ei -1614.335815
3480.0 3495.0 ssil -217.350189
3495.0 3510.0 ssil -213.720612 WEG
3510.0 3540.0 w -404.366913
3540.0 3685.0 ec -1698.125732
3685.0 3840.0 x -2211.863770
3840.0 4460.0 ssil -6950.357422
.
