#!MLF!#
"/net/aistaff/aki/_same-utterance/wav/05/Limburg/9240-1460551028-1760967.rec"
0.0 515.0 ssil -4415.979492 NA
515.0 570.0 n -891.774414
570.0 670.0 a -950.654297
670.0 685.0 ssil -215.804443
685.0 700.0 ssil -219.688156 DE
700.0 715.0 d -198.447510
715.0 865.0 @ -1897.779785
865.0 880.0 ssil -187.254715
880.0 895.0 ssil -205.226654 TOCHT
895.0 930.0 t -513.565979
930.0 1085.0 oc -1918.891235
1085.0 1165.0 x -1144.879761
1165.0 1210.0 t -617.151428
1210.0 1225.0 ssil -197.772690
1225.0 1245.0 ssil -289.649200 IN
1245.0 1310.0 ic -832.262146
1310.0 1345.0 n -381.725739
1345.0 1360.0 ssil -185.317047
1360.0 1375.0 ssil -225.470383 DE
1375.0 1390.0 d -215.999832
1390.0 1470.0 @ -972.807861
1470.0 1485.0 ssil -209.399063
1485.0 1500.0 ssil -193.722809 REGEN
1500.0 1515.0 r -187.110764
1515.0 1770.0 e -2438.924072
1770.0 1845.0 gc -1076.286987
1845.0 1985.0 @ -1673.431274
1985.0 2030.0 ssil -571.439514
2030.0 2100.0 ssil -807.082642 VAART
2100.0 2245.0 f -1748.691895
2245.0 2395.0 a -1497.021118
2395.0 2420.0 r -338.825836
2420.0 2460.0 ssil -580.315674
2460.0 2505.0 ssil -614.977783 DE
2505.0 2540.0 d -507.055603
2540.0 2690.0 ssil -2083.138184
2690.0 2725.0 ssil -491.305939 KAPITEIN
2725.0 2810.0 k -1109.555176
2810.0 2950.0 ac -1561.729980
2950.0 2990.0 p -586.940735
2990.0 3160.0 t -2239.910645
3160.0 3355.0 ei -2093.354736
3355.0 3420.0 n -787.598389
3420.0 3475.0 ssil -667.448853
3475.0 3495.0 ssil -263.858246 BLIJ
3495.0 3605.0 b -1396.274292
3605.0 3700.0 l -1140.982666
3700.0 3905.0 ei -2332.330322
3905.0 3920.0 ssil -195.284500
3920.0 3935.0 ssil -181.192505 WEG
3935.0 3975.0 w -472.898682
3975.0 4175.0 ec -2041.900513
4175.0 4195.0 x -282.047760
4195.0 4665.0 ssil -5432.191406
.
