#!MLF!#
"/net/aistaff/aki/_same-utterance/wav/05/Limburg/9254-1460743561-1765415.rec"
0.0 15.0 ssil -166.723434 NA
15.0 630.0 n -6220.178223
630.0 725.0 a -1049.175293
725.0 740.0 ssil -216.177780
740.0 755.0 ssil -226.917847 DE
755.0 780.0 d -355.427643
780.0 920.0 @ -1791.654053
920.0 935.0 ssil -200.756989
935.0 960.0 ssil -352.234680 TOCHT
960.0 1000.0 t -669.754150
1000.0 1155.0 oc -1925.592163
1155.0 1270.0 x -1721.132446
1270.0 1355.0 t -1106.846924
1355.0 1415.0 ssil -906.228088
1415.0 1525.0 ssil -1652.718262 IN
1525.0 1565.0 ic -537.366516
1565.0 1615.0 n -532.650330
1615.0 1630.0 ssil -188.832977
1630.0 1645.0 ssil -229.781616 DE
1645.0 1675.0 d -475.349518
1675.0 1755.0 @ -887.826843
1755.0 1770.0 ssil -210.412186
1770.0 1785.0 ssil -209.854385 REGEN
1785.0 1810.0 r -371.538055
1810.0 2025.0 e -2621.694336
2025.0 2105.0 gc -1258.832031
2105.0 2215.0 @ -1398.806519
2215.0 2370.0 n -1930.394287
2370.0 2505.0 ssil -1945.604370
2505.0 2605.0 ssil -1377.434326 VAART
2605.0 2690.0 v -1045.183105
2690.0 2820.0 a -1468.076050
2820.0 2940.0 r -1697.787109
2940.0 3005.0 t -961.550476
3005.0 3025.0 ssil -287.985474
3025.0 3040.0 ssil -205.252762 DE
3040.0 3100.0 d -807.587158
3100.0 3120.0 @ -257.878632
3120.0 3135.0 ssil -220.956619
3135.0 3165.0 ssil -432.471222 KAPITEIN
3165.0 3205.0 k -646.839233
3205.0 3325.0 ac -1577.253052
3325.0 3350.0 p -392.354736
3350.0 3445.0 i -1365.115112
3445.0 3500.0 t -816.719238
3500.0 3675.0 ei -2259.980957
3675.0 3790.0 n -1361.375488
3790.0 3850.0 ssil -858.424011
3850.0 3935.0 ssil -1037.148438 BLIJ
3935.0 4080.0 b -1853.049438
4080.0 4140.0 l -839.825867
4140.0 4285.0 ei -1821.396362
4285.0 4300.0 ssil -227.318634
4300.0 4325.0 ssil -332.740143 WEG
4325.0 4365.0 w -530.795410
4365.0 4470.0 ec -1260.558838
4470.0 4495.0 x -335.938843
4495.0 5830.0 ssil -15643.153320
.
