#!MLF!#
"/net/aistaff/aki/_same-utterance/wav/05/Limburg/9531-1463917869-1830616.rec"
0.0 80.0 ssil -834.075684 NA
80.0 95.0 n -175.470184
95.0 110.0 a -207.656097
110.0 140.0 ssil -468.469696
140.0 765.0 ssil -7871.485352 DE
765.0 795.0 d -444.189514
795.0 980.0 @ -2405.297852
980.0 1050.0 ssil -982.274597
1050.0 1065.0 ssil -249.445267 TOCHT
1065.0 1095.0 t -530.422852
1095.0 1235.0 oc -1830.160522
1235.0 1335.0 x -1531.560425
1335.0 1350.0 ssil -249.768280
1350.0 1365.0 ssil -209.420776 IN
1365.0 1430.0 n -711.401001
1430.0 1445.0 ssil -213.406815
1445.0 1460.0 ssil -245.921646 DE
1460.0 1480.0 d -280.603271
1480.0 1515.0 @ -403.816559
1515.0 1530.0 ssil -190.752502
1530.0 1550.0 ssil -236.006409 REGEN
1550.0 1575.0 r -298.232117
1575.0 1835.0 e -3043.034912
1835.0 1850.0 gc -206.681198
1850.0 1930.0 @ -840.688171
1930.0 2025.0 n -1208.469971
2025.0 2040.0 ssil -208.424194
2040.0 2070.0 ssil -432.518646 VAART
2070.0 2120.0 v -636.444458
2120.0 2185.0 a -769.115906
2185.0 2210.0 r -378.786530
2210.0 2245.0 ssil -484.364777
2245.0 2280.0 ssil -476.209473 DE
2280.0 2295.0 d -214.192505
2295.0 2325.0 ssil -424.183624
2325.0 2350.0 ssil -319.773438 KAPITEIN
2350.0 2395.0 k -613.248413
2395.0 2490.0 ac -1253.227295
2490.0 2520.0 b -441.824493
2520.0 2625.0 @ -1337.628296
2625.0 2665.0 d -551.304504
2665.0 2840.0 ei -2094.977051
2840.0 3040.0 n -2379.394775
3040.0 3055.0 ssil -189.244949
3055.0 3070.0 ssil -187.555832 BLIJ
3070.0 3090.0 b -270.430603
3090.0 3170.0 l -1024.072632
3170.0 3360.0 ei -2124.406250
3360.0 3375.0 ssil -192.129349
3375.0 3390.0 ssil -201.546448 WEG
3390.0 3430.0 w -492.878479
3430.0 3560.0 ec -1611.980835
3560.0 3575.0 x -218.261353
3575.0 4365.0 ssil -9871.645508
.
