#!MLF!#
"/net/aistaff/aki/_same-utterance/wav/05/Limburg/9669-1463951362-1845892.rec"
0.0 415.0 ssil -5284.821289 NA
415.0 775.0 n -4735.932129
775.0 885.0 a -1189.596069
885.0 900.0 ssil -253.405594
900.0 915.0 ssil -242.609161 DE
915.0 935.0 d -277.354034
935.0 985.0 @ -579.119263
985.0 1025.0 ssil -574.540649
1025.0 1070.0 ssil -626.125488 TOCHT
1070.0 1090.0 t -341.022736
1090.0 1200.0 oc -1491.337402
1200.0 1270.0 x -969.421509
1270.0 1310.0 t -566.119751
1310.0 1325.0 ssil -201.702179
1325.0 1340.0 ssil -187.429794 IN
1340.0 1370.0 ic -380.716400
1370.0 1420.0 n -668.474915
1420.0 1435.0 ssil -247.225876
1435.0 1450.0 ssil -217.423767 DE
1450.0 1465.0 d -215.661087
1465.0 1480.0 ssil -218.809921
1480.0 1495.0 ssil -201.878769 REGEN
1495.0 1510.0 r -186.642227
1510.0 1720.0 e -2386.716797
1720.0 1750.0 gc -432.094238
1750.0 1840.0 @ -1141.626709
1840.0 2035.0 n -2450.724365
2035.0 2090.0 ssil -709.058044
2090.0 2445.0 ssil -4338.270996 VAART
2445.0 2545.0 f -1254.043579
2545.0 2665.0 a -1598.406006
2665.0 2685.0 r -275.286926
2685.0 2720.0 ssil -455.411591
2720.0 2775.0 ssil -764.172119 DE
2775.0 2790.0 d -233.733307
2790.0 2805.0 ssil -227.103409
2805.0 2820.0 ssil -224.300064 KAPITEIN
2820.0 2865.0 k -682.604553
2865.0 3000.0 ac -1772.167603
3000.0 3020.0 p -301.003876
3020.0 3105.0 @ -1147.756958
3105.0 3145.0 t -599.379028
3145.0 3280.0 ei -1496.915894
3280.0 3355.0 n -903.260437
3355.0 3370.0 ssil -191.565918
3370.0 3385.0 ssil -197.095108 BLIJ
3385.0 3400.0 b -220.995422
3400.0 3470.0 l -944.843445
3470.0 3620.0 ei -1624.834351
3620.0 3635.0 ssil -217.370804
3635.0 3650.0 ssil -215.300247 WEG
3650.0 3670.0 w -280.978333
3670.0 3825.0 ec -1941.138062
3825.0 3840.0 x -224.987946
3840.0 4410.0 ssil -7342.563965
.
