#!MLF!#
"/net/aistaff/aki/_same-utterance/wav/05/Limburg/9726-1464120255-1884027.rec"
0.0 870.0 ssil -10085.910156 NA
870.0 950.0 n -1037.721069
950.0 1060.0 a -1220.917847
1060.0 1075.0 ssil -249.445770
1075.0 1090.0 ssil -278.052063 DE
1090.0 1115.0 d -392.139435
1115.0 1155.0 @ -562.090271
1155.0 1180.0 ssil -352.752472
1180.0 1210.0 ssil -375.382324 TOCHT
1210.0 1275.0 t -879.440063
1275.0 1405.0 oc -1696.637451
1405.0 1500.0 x -1441.642822
1500.0 1580.0 t -1204.464844
1580.0 1595.0 ssil -248.484573
1595.0 1610.0 ssil -241.419037 IN
1610.0 1675.0 ic -910.708862
1675.0 1735.0 n -653.245544
1735.0 1750.0 ssil -221.403717
1750.0 1765.0 ssil -239.207199 DE
1765.0 1780.0 d -214.855286
1780.0 1835.0 @ -695.321350
1835.0 1850.0 ssil -199.249573
1850.0 1865.0 ssil -205.158798 REGEN
1865.0 1880.0 r -199.926514
1880.0 2080.0 e -2253.199951
2080.0 2120.0 gc -613.709106
2120.0 2265.0 @ -1922.015869
2265.0 2330.0 n -919.550171
2330.0 2345.0 ssil -244.154327
2345.0 2360.0 ssil -220.338730 VAART
2360.0 2465.0 f -1303.171509
2465.0 2570.0 a -1129.573364
2570.0 2615.0 r -658.792358
2615.0 2660.0 ssil -623.122192
2660.0 2710.0 ssil -704.849060 DE
2710.0 2750.0 d -638.624573
2750.0 2835.0 @ -1186.726807
2835.0 2850.0 ssil -191.220932
2850.0 2870.0 ssil -265.693878 KAPITEIN
2870.0 2920.0 k -707.126465
2920.0 3055.0 ac -1848.408325
3055.0 3085.0 p -452.636597
3085.0 3165.0 i -1129.716064
3165.0 3225.0 t -853.630981
3225.0 3370.0 ei -1518.445801
3370.0 3485.0 n -1448.619751
3485.0 3500.0 ssil -229.819122
3500.0 3515.0 ssil -207.929474 BLIJ
3515.0 3550.0 b -551.624207
3550.0 3595.0 l -603.458984
3595.0 3715.0 ei -1253.465820
3715.0 3730.0 ssil -197.697372
3730.0 3745.0 ssil -186.478287 WEG
3745.0 3760.0 w -163.234055
3760.0 3920.0 ec -1742.410889
3920.0 3945.0 x -327.705200
3945.0 4875.0 ssil -10759.135742
.
