#!MLF!#
"/net/aistaff/aki/_same-utterance/wav/05/Limburg/9888-1465597052-2296257.rec"
0.0 1190.0001 ssil -13203.736328 NA
1190.0001 1295.0001 n -1308.003906
1295.0001 1465.0001 a -2071.317871
1465.0001 1480.0001 ssil -198.223831
1480.0 1495.0 ssil -228.551422 DE
1495.0 1525.0 d -426.622467
1525.0 1600.0 @ -881.565979
1600.0 1615.0 ssil -171.297195
1615.0 1670.0 ssil -656.219360 TOCHT
1670.0 1735.0 t -932.915344
1735.0 1850.0 oc -1375.790894
1850.0 1955.0 x -1471.455444
1955.0 1990.0 ssil -470.884125
1990.0 2025.0 ssil -529.200012 IN
2025.0 2105.0 ic -1024.893188
2105.0 2120.0 n -207.785400
2120.0 2135.0 ssil -212.374268
2135.0 2150.0 ssil -214.188385 DE
2150.0 2165.0 d -211.813263
2165.0 2200.0 @ -378.536774
2200.0 2215.0 ssil -213.670929
2215.0 2230.0 ssil -227.760941 REGEN
2230.0 2245.0 r -195.578293
2245.0 2595.0 e -3633.857910
2595.0 2700.0 gc -1429.108154
2700.0 2760.0 @ -760.562378
2760.0 2950.0 n -2208.384033
2950.0 2970.0 ssil -265.058929
2970.0 3035.0 ssil -821.952148 VAART
3035.0 3150.0 f -1439.222290
3150.0 3245.0 a -1002.985901
3245.0 3310.0 r -912.292664
3310.0 3365.0 t -725.667358
3365.0 3380.0 ssil -208.186264
3380.0 3425.0 ssil -579.901672 DE
3425.0 3455.0 d -454.147614
3455.0 3510.0 @ -751.984619
3510.0 3530.0 ssil -282.114716
3530.0 3555.0 ssil -359.549927 KAPITEIN
3555.0 3575.0 k -286.057495
3575.0 3600.0 p -360.220032
3600.0 3660.0 i -858.581055
3660.0 3735.0 t -1119.249512
3735.0 3890.0 ei -1406.169067
3890.0 4000.0 n -1183.536011
4000.0 4015.0 ssil -205.053619
4015.0 4030.0 ssil -230.476135 BLIJ
4030.0 4055.0 b -362.832336
4055.0 4100.0 l -559.843994
4100.0 4290.0 ei -1752.627075
4290.0 4305.0 ssil -178.291748
4305.0 4320.0 ssil -175.795914 WEG
4320.0 4355.0 w -388.650635
4355.0 4480.0 ec -1388.080444
4480.0 4730.0 x -3083.888184
4730.0 5480.0 ssil -8482.256836
.
