#!MLF!#
"/net/aistaff/aki/_same-utterance/wav/09/Oost_Overijsel-Gelderland/13104-1464302752-2005078.rec"
0.0 120.0 ssil -1306.182861 TAKT
120.0 135.0 t -271.416687
135.0 150.0 k -226.342590
150.0 465.0 ssil -3653.628662
465.0 1175.0 ssil -7783.523926 IK
1175.0 1670.0 ic -6921.964355
1670.0 1700.0 k -470.451263
1700.0 1735.0 ssil -514.134521
1735.0 3120.0 ssil -16144.300781 REKEN
3120.0 3175.0 r -778.966553
3175.0 3190.0 e -229.711685
3190.0 3320.0 g -1645.572510
3320.0 3550.0 @ -3039.772461
3550.0 3735.0 n -2074.872314
3735.0 5005.0 ssil -15226.336914
5005.0 7050.0001 ssil -23269.125000 VERWART
7050.0001 7100.0001 f -678.092102
7100.0001 7165.0001 ec -917.560242
7165.0001 7225.0001 r -756.339050
7225.0001 7305.0001 w -961.453369
7305.0001 7380.0001 ac -846.493652
7380.0001 7565.0001 r -2521.048340
7565.0001 7610.0001 t -666.432068
7610.0001 7715.0001 ssil -1303.944214
7715.0 9000.0 ssil -14710.682617 ERUDIET
9000.0 9155.0 ic -2248.669678
9155.0 9170.0 r -244.783554
9170.0 9185.0 yc -243.992294
9185.0 9200.0 d -221.339279
9200.0 9410.0 i -2748.318848
9410.0 9435.0 t -398.823517
9435.0 9460.0 ssil -424.341522
9460.0 9475.0 ssil -233.937836 EEN
9475.0 9510.0 @ -507.807892
9510.0 9610.0 n -1201.797852
9610.0 9625.0 ssil -200.126816
9625.0 9640.0 ssil -179.268295 BIJ
9640.0 9680.0 b -482.604126
9680.0 9720.0 ei -469.196960
9720.0 10030.0 ssil -3473.787842
.
