#!MLF!#
"/net/aistaff/aki/_same-utterance/wav/09/Oost_Overijsel-Gelderland/13452-1464291224-1990346.rec"
0.0 335.0 ssil -3734.976318 TAKT
335.0 350.0 t -258.049042
350.0 365.0 k -211.305756
365.0 825.0 ssil -5208.560547
825.0 970.0 ssil -1751.041260 IK
970.0 1135.0 ic -2337.597900
1135.0 1185.0 k -757.022278
1185.0 1200.0 ssil -242.651642
1200.0 1215.0 ssil -242.271423 REKEN
1215.0 1285.0 r -993.172607
1285.0 1530.0 e -3088.825928
1530.0 1545.0 g -240.505280
1545.0 1560.0 ssil -243.396179
1560.0 1575.0 ssil -212.542450 VERWART
1575.0 1595.0 v -276.009766
1595.0 1610.0 @ -214.699020
1610.0 1795.0 r -1959.725830
1795.0 1825.0 w -344.976379
1825.0 1840.0 ac -193.719513
1840.0 1855.0 r -180.253128
1855.0 2590.0 ssil -8407.769531
2590.0 2965.0 ssil -4317.484375 ERUDIET
2965.0 3090.0 e -1521.157715
3090.0 3135.0 r -627.302673
3135.0 3285.0 y -1937.772217
3285.0 3330.0 d -664.339722
3330.0 3560.0 i -2840.001221
3560.0 3580.0 t -259.276428
3580.0 5375.0 ssil -20892.529297
5375.0 6900.0 ssil -17602.781250 EEN
6900.0 6980.0 @ -1195.974365
6980.0 7110.0 n -1483.308594
7110.0 7125.0 ssil -192.561356
7125.0 7140.0 ssil -193.091431 BIJ
7140.0 7185.0 b -625.623840
7185.0 7530.0 ei -4746.542969
7530.0 9940.0001 ssil -28654.937500
.
