#!MLF!#
"/net/aistaff/aki/_same-utterance/wav/09/Oost_Overijsel-Gelderland/13884-1465542570-2289823.rec"
0.0 320.0 ssil -2892.962646 TAKT
320.0 335.0 t -219.978516
335.0 350.0 k -214.487518
350.0 1155.0 ssil -9903.585938
1155.0 1180.0 ssil -374.883514 IK
1180.0 1455.0 ic -3445.183594
1455.0 1470.0 k -202.445282
1470.0 2660.0001 ssil -13354.571289
2660.0 2735.0 ssil -1085.441650 REKEN
2735.0 2790.0 r -763.530029
2790.0 3015.0 e -2905.781250
3015.0 3075.0 k -863.985107
3075.0 3200.0 @ -1622.314697
3200.0 3430.0 n -3107.145020
3430.0 3570.0 ssil -1596.368530
3570.0 4510.0 ssil -10434.653320 VERWART
4510.0 4580.0 f -880.093567
4580.0 4625.0 @ -585.924622
4625.0 4640.0 r -195.398682
4640.0 4715.0 w -892.594299
4715.0 4825.0 ac -1255.778809
4825.0 4955.0 r -1732.636719
4955.0 5075.0 t -1539.945312
5075.0 5380.0 ssil -3578.606934
5380.0 6564.9999 ssil -13206.826172 ERUDIET
6564.9999 6679.9999 ic -1552.180542
6679.9999 6694.9999 r -237.848877
6694.9999 6774.9999 yc -1023.495544
6774.9999 6864.9999 d -1181.596802
6864.9999 7064.9999 i -2578.105957
7064.9999 7215.0 t -2091.309814
7215.0 7555.0 ssil -3777.482422
7555.0 8570.0 ssil -11297.892578 EEN
8570.0 8710.0 @ -2095.343994
8710.0 8860.0 ssil -2217.495361
8860.0 9570.0 ssil -8496.615234 BIJ
9570.0 9595.0 b -318.807068
9595.0 9610.0 ei -216.758118
9610.0 9890.0 ssil -3187.431396
.
