#!MLF!#
"/net/aistaff/aki/_same-utterance/wav/09/Oost_Overijsel-Gelderland/16057-1464364188-2045018.rec"
0.0 120.0 ssil -1218.472290 TAKT
120.0 140.0 t -309.575623
140.0 160.0 k -264.395905
160.0 270.0 ssil -1196.330688
270.0 745.0 ssil -5322.577148 IK
745.0 855.0 ic -1521.589355
855.0 900.0 k -660.362854
900.0 915.0 ssil -212.005219
915.0 930.0 ssil -223.637405 REKEN
930.0 1000.0 r -898.621338
1000.0 1230.0 e -2998.037354
1230.0 1295.0 k -889.393799
1295.0 1395.0 @ -1298.962280
1395.0 1535.0 n -1699.624023
1535.0 2125.0 ssil -6714.792969
2125.0 2825.0 ssil -7764.797363 VERWART
2825.0 2860.0 f -569.531311
2860.0 2890.0 @ -476.146606
2890.0 2980.0 r -1223.849487
2980.0 2995.0 w -212.931381
2995.0 3015.0 ac -245.962265
3015.0 3135.0 r -1770.675293
3135.0 3265.0 t -1780.626831
3265.0 5199.9999 ssil -22602.787109
5200.0 6740.0 ssil -17143.072266 ERUDIET
6740.0 6850.0 e -1363.518433
6850.0 6880.0 r -431.022949
6880.0 6970.0 y -1138.661743
6970.0 7060.0 d -1360.141479
7060.0 7250.0 i -2368.413818
7250.0 7345.0 t -1357.715576
7345.0 8440.0 ssil -12344.431641
8440.0 8705.0 ssil -3206.451416 EEN
8705.0 9040.0 @ -4405.811035
9040.0 9170.0 ssil -1859.839355
9170.0 9480.0 ssil -3747.201172 BIJ
9480.0 9495.0 b -197.912827
9495.0 9510.0 ei -192.260117
9510.0 10030.0 ssil -6017.979492
.
