#!MLF!#
"/net/aistaff/aki/_same-utterance/wav/09/Oost_Overijsel-Gelderland/16270-1464091204-1858153.rec"
0.0 120.0 ssil -1279.745850 TAKT
120.0 135.0 t -258.172363
135.0 150.0 k -218.682465
150.0 380.0 ssil -2555.656494
380.0 825.0 ssil -4798.397949 IK
825.0 840.0 k -204.967621
840.0 1055.0 ssil -2668.875732
1055.0 1070.0 ssil -213.106186 REKEN
1070.0 1255.0 r -2000.819824
1255.0 1460.0 e -2398.651855
1460.0 1475.0 g -210.809891
1475.0 1520.0 @ -550.291687
1520.0 1550.0 n -419.536896
1550.0 2609.9999 ssil -12034.666992
2610.0 2740.0 ssil -1608.583496 VERWART
2740.0 2845.0 f -1374.845703
2845.0 2930.0 ec -822.511169
2930.0 3000.0 r -968.321411
3000.0 3085.0 w -979.117554
3085.0 3175.0 ac -1019.584229
3175.0 3290.0 r -1421.380249
3290.0 3515.0 ssil -2863.003418
3515.0 4890.0 ssil -15477.180664 ERUDIET
4890.0 5010.0 ic -1438.938721
5010.0 5105.0 r -1300.081299
5105.0 5200.0 yc -1123.375000
5200.0 5290.0 d -1114.272705
5290.0 5435.0 i -1909.293945
5435.0 5450.0 t -233.139679
5450.0 5505.0 ssil -820.992004
5505.0 6740.0 ssil -14331.392578 EEN
6740.0 6890.0 @ -2084.284668
6890.0 6915.0 n -357.061829
6915.0 9040.0 ssil -24332.484375
9040.0 9195.0 ssil -2241.656006 BIJ
9195.0 9220.0 b -385.362671
9220.0 9440.0 ei -2619.617920
9440.0 10055.0 ssil -7844.346191
.
