#!MLF!#
"/net/aistaff/aki/_same-utterance/wav/09/Oost_Overijsel-Gelderland/16497-1464683111-2167632.rec"
0.0 305.0 ssil -2380.577393 TAKT
305.0 330.0 t -307.625214
330.0 345.0 k -204.684402
345.0 1425.0001 ssil -13562.013672
1425.0 2780.0 ssil -14876.868164 IK
2780.0 3270.0 ic -6613.290527
3270.0 3285.0 k -244.757080
3285.0 3425.0 ssil -1960.234253
3425.0 4710.0 ssil -13858.961914 REKEN
4710.0 4725.0 r -268.751160
4725.0 5270.0 e -7330.313477
5270.0 5285.0 g -230.759048
5285.0 5335.0 @ -671.416260
5335.0 5600.0 n -2947.833984
5600.0 6904.9999 ssil -14782.220703
6905.0 8714.9999 ssil -20649.644531 VERWART
8714.9999 8729.9999 v -217.588516
8729.9999 8884.9999 @ -2092.800537
8884.9999 8899.9999 r -215.814011
8899.9999 8999.9999 w -1162.281372
8999.9999 9139.9999 ac -1663.382202
9139.9999 9154.9999 r -176.311951
9154.9999 9169.9999 ssil -205.465439
9170.0 9185.0 ssil -205.022491 ERUDIET
9185.0 9200.0 @ -191.697006
9200.0 9215.0 r -200.629654
9215.0 9230.0 @ -208.099030
9230.0 9245.0 d -206.119705
9245.0 9260.0 i -236.483261
9260.0 9275.0 t -201.653061
9275.0 9350.0 ssil -911.438965
9350.0 9695.0 ssil -3870.521484 EEN
9695.0 9715.0 @ -216.248535
9715.0 9745.0 ssil -348.817596
9745.0 9765.0 ssil -236.532654 BIJ
9765.0 9780.0 b -199.441269
9780.0 9795.0 ei -192.652802
9795.0 9820.0 ssil -272.432343
.
