#!MLF!#
"/net/aistaff/aki/_same-utterance/wav/09/Oost_Overijsel-Gelderland/16501-1464622818-2151704.rec"
0.0 795.0 ssil -9092.859375 TAKT
795.0 840.0 t -636.836060
840.0 995.0 ac -2156.450684
995.0 1060.0 k -940.413086
1060.0 1190.0 t -1803.590698
1190.0 1240.0 ssil -676.519226
1240.0 2880.0 ssil -18263.240234 IK
2880.0 3035.0 ic -1918.392944
3035.0 3050.0 k -259.012451
3050.0 3065.0 ssil -220.999985
3065.0 3080.0 ssil -215.597244 REKEN
3080.0 3285.0 r -3096.021484
3285.0 3425.0 e -1710.765625
3425.0 3485.0 k -781.934814
3485.0 3530.0 ssil -673.700684
3530.0 5214.9999 ssil -18546.044922 VERWART
5214.9999 5264.9999 f -630.682861
5264.9999 5379.9999 ec -1185.717896
5379.9999 5434.9999 r -633.545105
5434.9999 5479.9999 w -505.599457
5479.9999 5494.9999 ac -172.318085
5494.9999 5684.9999 r -2243.929688
5684.9999 5839.9999 t -2020.085205
5839.9999 6710.0 ssil -9773.918945
6710.0 6830.0 ssil -1513.342041 ERUDIET
6830.0 6975.0 @ -1858.951660
6975.0 6990.0 r -235.233765
6990.0 7180.0 @ -2212.230469
7180.0 7195.0 d -233.794647
7195.0 7310.0 i -1460.180664
7310.0 7325.0 t -208.513535
7325.0 8735.0 ssil -15646.756836
8735.0 8820.0 ssil -1254.226562 EEN
8820.0 9040.0 @ -2732.395996
9040.0 9055.0 ssil -202.489807
9055.0 9085.0 ssil -444.802917 BIJ
9085.0 9145.0 b -911.840210
9145.0 9295.0 ei -1887.544189
9295.0 10030.0 ssil -8013.559082
.
