#!MLF!#
"/net/aistaff/aki/_same-utterance/wav/09/Oost_Overijsel-Gelderland/17187-1472374607-2452009.rec"
0.0 1440.0001 ssil -16799.656250 TAKT
1440.0001 1465.0001 t -376.645416
1465.0001 1715.0001 ac -3105.860840
1715.0001 1730.0001 k -214.709503
1730.0001 1835.0001 t -1375.827881
1835.0001 1965.0 ssil -1502.783325
1965.0 2865.0 ssil -10117.116211 IK
2865.0 3005.0 ic -1656.541016
3005.0 3045.0 k -559.180176
3045.0 3065.0 ssil -283.824951
3065.0 3080.0 ssil -211.001053 REKEN
3080.0 3140.0 r -709.213013
3140.0 3325.0 e -1926.756348
3325.0 3450.0 g -1765.622192
3450.0 3660.0 n -2371.176270
3660.0 3735.0 ssil -854.229919
3735.0 4789.9999 ssil -11618.893555 VERWART
4789.9999 4819.9999 v -415.908508
4819.9999 4914.9999 ec -1150.287720
4914.9999 5039.9999 r -1767.398560
5039.9999 5074.9999 w -494.767517
5074.9999 5119.9999 ac -569.056030
5119.9999 5384.9999 r -3196.866211
5384.9999 5509.9999 ssil -1424.292114
5510.0 7905.0 ssil -26569.869141 ERUDIET
7905.0 7990.0 ic -906.004883
7990.0 8115.0 r -1413.487183
8115.0 8250.0 yc -1415.909302
8250.0 8320.0 d -934.676819
8320.0 8500.0 i -2115.723389
8500.0 8660.0 t -2161.736572
8660.0 8820.0 ssil -1926.855103
8820.0 8855.0 ssil -533.197144 EEN
8855.0 9310.0 @ -5590.691895
9310.0 9415.0 ssil -1502.434082
9415.0 9445.0 ssil -346.787659 BIJ
9445.0 9460.0 b -203.042679
9460.0 9490.0 ei -368.794434
9490.0 10030.0 ssil -6252.334961
.
