#!MLF!#
"/net/aistaff/aki/_same-utterance/wav/09/Oost_Overijsel-Gelderland/17518-1476345665-2509231.rec"
0.0 440.0 ssil -5106.207520 TAKT
440.0 500.0 t -808.159302
500.0 535.0 k -630.525757
535.0 565.0 ssil -422.755249
565.0 680.0 ssil -1362.596558 IK
680.0 755.0 ic -1117.257812
755.0 795.0 k -596.843750
795.0 810.0 ssil -230.742142
810.0 825.0 ssil -210.499329 REKEN
825.0 915.0 r -1193.529419
915.0 1055.0 e -1799.727783
1055.0 1105.0 k -728.688110
1105.0 1140.0 @ -491.533417
1140.0 1285.0 n -1793.343994
1285.0 1790.0 ssil -6182.439941
1790.0 2515.0 ssil -8175.709961 VERWART
2515.0 2540.0 f -352.822845
2540.0 2585.0 @ -591.400574
2585.0 2675.0 r -1291.257568
2675.0 2760.0 w -1204.870850
2760.0 2805.0 ac -488.196899
2805.0 3020.0 r -2872.149170
3020.0 3120.0 ssil -1197.922485
3120.0 4554.9999 ssil -16259.320312 ERUDIET
4554.9999 4579.9999 ic -342.935913
4579.9999 4594.9999 r -185.977768
4594.9999 4824.9999 yc -2847.030029
4824.9999 4869.9999 d -621.022339
4869.9999 5035.0 i -2088.215576
5035.0 5175.0 t -1986.211304
5175.0 6819.9999 ssil -19330.097656
6820.0 8540.0 ssil -20140.658203 EEN
8540.0 8685.0 @ -2182.803467
8685.0 8725.0 ssil -618.953796
8725.0 9760.0 ssil -12090.076172 BIJ
9760.0 9790.0 b -441.726593
9790.0 9805.0 ei -215.366516
9805.0 9870.0 ssil -694.453918
.
