#!MLF!#
"/net/aistaff/aki/_same-utterance/wav/09/Oost_Overijsel-Gelderland/3583-1449677026-523497.rec"
0.0 115.0 ssil -1411.283936 TAKT
115.0 140.0 t -382.992493
140.0 160.0 k -256.790955
160.0 305.0 ssil -1568.078857
305.0 560.0 ssil -2799.940430 IK
560.0 600.0 k -547.725342
600.0 985.0 ssil -4945.285645
985.0 2700.0 ssil -19411.931641 REKEN
2700.0 3050.0 r -4545.987793
3050.0 3160.0 e -1415.950317
3160.0 3175.0 g -195.807953
3175.0 3215.0 n -515.789551
3215.0 3275.0 ssil -797.395447
3275.0 4550.0 ssil -14185.625977 VERWART
4550.0 4630.0 v -946.173340
4630.0 4710.0 ec -1009.189392
4710.0 4800.0 r -1011.703918
4800.0 4870.0 w -897.365417
4870.0 4885.0 ac -190.232773
4885.0 5170.0 r -3532.227539
5170.0 5215.0 ssil -570.384827
5215.0 6649.9999 ssil -15845.703125 ERUDIET
6649.9999 6904.9999 ic -3517.227295
6904.9999 7034.9999 r -1659.529297
7034.9999 7204.9999 yc -2183.752441
7204.9999 7219.9999 d -232.757614
7219.9999 7329.9999 i -1517.859863
7329.9999 7344.9999 t -260.266174
7344.9999 7359.9999 ssil -245.182434
7360.0 7375.0 ssil -223.807404 EEN
7375.0 7495.0 @ -1521.686890
7495.0 7590.0 n -1072.893433
7590.0 8690.0 ssil -12079.479492
8690.0 9085.0 ssil -5456.651855 BIJ
9085.0 9130.0 b -616.649841
9130.0 9145.0 ei -227.810547
9145.0 10030.0 ssil -9853.152344
.
