#!MLF!#
"/net/aistaff/aki/_same-utterance/wav/09/Oost_Overijsel-Gelderland/4012-1450112628-672670.rec"
0.0 110.0 ssil -974.952820 TAKT
110.0 150.0 t -619.785400
150.0 165.0 k -242.004120
165.0 565.0 ssil -5005.060059
565.0 800.0 ssil -2961.498779 IK
800.0 915.0 ic -1625.536133
915.0 945.0 k -417.960663
945.0 960.0 ssil -221.993866
960.0 975.0 ssil -231.129547 REKEN
975.0 1020.0 r -673.890869
1020.0 1185.0 e -1957.510986
1185.0 1215.0 g -417.120819
1215.0 1280.0 @ -920.338867
1280.0 1410.0 n -1706.797974
1410.0 2535.0 ssil -12907.085938
2535.0 2670.0 ssil -1963.175171 VERWART
2670.0 2710.0 f -563.811340
2710.0 2795.0 ec -1122.287842
2795.0 2870.0 r -1067.493042
2870.0 2940.0 w -904.206055
2940.0 3040.0 ac -1394.153198
3040.0 3135.0 r -1237.346802
3135.0 3235.0 t -1426.923340
3235.0 4610.0 ssil -15920.708984
4610.0 4685.0 ssil -1113.837769 ERUDIET
4685.0 4800.0 ic -1526.052002
4800.0 4930.0 r -1644.159058
4930.0 5030.0 yc -1250.185791
5030.0 5045.0 d -256.098083
5045.0 5215.0 i -2258.640137
5215.0 5230.0 t -222.605133
5230.0 5710.0 ssil -5750.351562
5710.0 5945.0 ssil -2846.776367 EEN
5945.0 6405.0 @ -5425.371094
6405.0 7025.0 ssil -8534.689453
7025.0 8595.0001 ssil -17983.658203 BIJ
8595.0001 8625.0001 b -473.998688
8625.0001 9020.0001 ei -5427.706055
9020.0001 10030.0001 ssil -12111.792969
.
