#!MLF!#
"/net/aistaff/aki/_same-utterance/wav/09/Oost_Overijsel-Gelderland/4245-1450075041-665448.rec"
0.0 15.0 ssil -166.231644 TAKT
15.0 30.0 t -218.221222
30.0 290.0 @ -2410.969727
290.0 305.0 k -222.799011
305.0 325.0 ssil -241.962891
325.0 465.0 ssil -1528.538086 IK
465.0 480.0 k -199.705215
480.0 650.0 ssil -1899.763794
650.0 665.0 ssil -188.555527 REKEN
665.0 725.0 r -897.136414
725.0 740.0 e -219.316116
740.0 775.0 k -484.041016
775.0 870.0 ssil -1119.673462
870.0 945.0 ssil -845.743347 VERWART
945.0 1055.0 f -1427.250122
1055.0 1185.0 ec -1642.225708
1185.0 1205.0 r -250.471085
1205.0 1240.0 w -486.953003
1240.0 1295.0 ac -633.951904
1295.0 1455.0 r -2099.577393
1455.0 1645.0 t -2407.596191
1645.0 2100.0 ssil -5286.345215
2100.0 2895.0 ssil -9142.063477 ERUDIET
2895.0 3010.0 ic -1386.062500
3010.0 3045.0 r -519.357544
3045.0 3195.0 yc -2023.457153
3195.0 3220.0 d -418.785431
3220.0 3360.0 i -2126.506836
3360.0 3570.0 t -2908.897705
3570.0 5669.9999 ssil -25676.972656
5670.0 7050.0 ssil -16594.136719 EEN
7050.0 7320.0 @ -3692.621094
7320.0 7660.0 n -3911.296143
7660.0 8875.0 ssil -13998.628906
8875.0 9045.0 ssil -2560.112793 BIJ
9045.0 9060.0 b -228.334488
9060.0 9075.0 ei -217.722672
9075.0 10080.0 ssil -11574.321289
.
