#!MLF!#
"/net/aistaff/aki/_same-utterance/wav/09/Oost_Overijsel-Gelderland/4444-1450522870-721671.rec"
0.0 15.0 ssil -155.116653 TAKT
15.0 30.0 t -207.344376
30.0 340.0 @ -2749.563965
340.0 355.0 k -207.381165
355.0 945.0 ssil -6912.133789
945.0 1295.0 ssil -5022.941895 IK
1295.0 1520.0 ic -2871.093994
1520.0 1565.0 k -699.100952
1565.0 2060.0 ssil -5647.533691
2060.0 2835.0 ssil -9074.370117 REKEN
2835.0 2850.0 r -271.432495
2850.0 3135.0 e -3572.606445
3135.0 3210.0 g -1224.008057
3210.0 3375.0 n -2291.311768
3375.0 3585.0 ssil -3152.739258
3585.0 6865.0 ssil -38522.125000 VERWART
6865.0 6975.0 f -1397.893677
6975.0 7105.0 ec -1652.553711
7105.0 7150.0 r -684.832703
7150.0 7210.0 w -767.014343
7210.0 7310.0 ac -1269.518677
7310.0 7420.0 r -1364.250000
7420.0 7635.0 t -2768.519287
7635.0 8780.0 ssil -13077.040039
8780.0 8960.0 ssil -2230.312256 ERUDIET
8960.0 9060.0 e -1361.601440
9060.0 9150.0 r -1410.513550
9150.0 9235.0 y -1111.136108
9235.0 9270.0 d -530.633240
9270.0 9465.0 i -2586.878418
9465.0 9525.0 t -886.981873
9525.0 9540.0 ssil -234.880585
9540.0 9555.0 ssil -226.608444 EEN
9555.0 9595.0 @ -524.267639
9595.0 9710.0 n -1623.106323
9710.0 9820.0 ssil -1262.800415
9820.0 9855.0 ssil -383.355133 BIJ
9855.0 9870.0 b -196.241638
9870.0 9885.0 ei -188.449615
9885.0 9985.0 ssil -1141.057251
.
