#!MLF!#
"/net/aistaff/aki/_same-utterance/wav/09/Oost_Overijsel-Gelderland/5598-1454102125-1123336.rec"
0.0 965.0 ssil -10979.155273 TAKT
965.0 1015.0 t -695.980286
1015.0 1185.0 ac -2170.746826
1185.0 1200.0 k -248.831360
1200.0 1280.0 ssil -1076.149536
1280.0 1315.0 ssil -496.115936 IK
1315.0 1330.0 k -220.061386
1330.0 2600.0 ssil -14149.817383
2600.0 2790.0 ssil -2256.604736 REKEN
2790.0 2825.0 r -555.722595
2825.0 2945.0 e -1492.203735
2945.0 2975.0 g -403.813599
2975.0 3135.0 @ -2062.111816
3135.0 3315.0 n -2395.393311
3315.0 3385.0 ssil -950.712219
3385.0 4760.0 ssil -15201.892578 VERWART
4760.0 4795.0 f -502.172943
4795.0 4820.0 @ -394.558472
4820.0 4835.0 r -224.467056
4835.0 4870.0 w -500.374268
4870.0 4885.0 ac -241.296143
4885.0 4900.0 r -223.063995
4900.0 4925.0 ssil -375.241547
4925.0 5005.0 ssil -1147.557861 ERUDIET
5005.0 5200.0 e -2351.360840
5200.0 5260.0 r -889.936340
5260.0 5500.0 y -2839.190918
5500.0 5515.0 d -197.251205
5515.0 5530.0 i -213.899597
5530.0 5545.0 t -209.095276
5545.0 6100.0 ssil -6073.990234
6100.0 6800.0 ssil -8071.854980 EEN
6800.0 6855.0 @ -724.235718
6855.0 7350.0 n -6123.643066
7350.0 8540.0 ssil -13700.460938
8540.0 8870.0 ssil -3877.551514 BIJ
8870.0 8985.0 b -1301.386353
8985.0 9185.0 ei -2546.584961
9185.0 10030.0 ssil -9768.324219
.
