#!MLF!#
"/net/aistaff/aki/_same-utterance/wav/09/Oost_Overijsel-Gelderland/5857-1457599544-1571138.rec"
0.0 1030.0 ssil -12572.117188 TAKT
1030.0 1055.0 t -401.289368
1055.0 1125.0 k -1013.808777
1125.0 1140.0 ssil -244.837067
1140.0 1180.0 ssil -708.088501 IK
1180.0 1410.0 ic -3346.932373
1410.0 1455.0 k -721.064270
1455.0 1605.0 ssil -2152.114502
1605.0 2995.0 ssil -16131.231445 REKEN
2995.0 3325.0 r -4551.886719
3325.0 3500.0 e -2217.921631
3500.0 3520.0 k -308.042725
3520.0 5020.0 ssil -17785.005859
5020.0 6645.0 ssil -19931.468750 VERWART
6645.0 6700.0 f -737.451233
6700.0 6800.0 ec -1250.151611
6800.0 6825.0 r -353.653931
6825.0 6865.0 w -587.224243
6865.0 6965.0 ac -1339.812622
6965.0 7095.0 r -1894.395142
7095.0 7220.0 t -1673.142334
7220.0 8095.0 ssil -9618.477539
8095.0 9180.0 ssil -12175.275391 ERUDIET
9180.0 9300.0 e -1519.208496
9300.0 9325.0 r -445.521820
9325.0 9415.0 y -1362.656616
9415.0 9470.0 d -872.217590
9470.0 9630.0 i -2091.233154
9630.0 9715.0 t -1215.704102
9715.0 9730.0 ssil -220.722397
9730.0 9745.0 ssil -225.055908 EEN
9745.0 9760.0 @ -261.682648
9760.0 9780.0 ssil -298.716980
9780.0 9810.0 ssil -405.727142 BIJ
9810.0 9825.0 b -196.009308
9825.0 9840.0 ei -221.304962
9840.0 9870.0 ssil -315.815308
.
