#!MLF!#
"/net/aistaff/aki/_same-utterance/wav/09/Oost_Overijsel-Gelderland/6030-1454016994-1033313.rec"
0.0 1120.0 ssil -12323.054688 TAKT
1120.0 1150.0 t -422.646759
1150.0 1415.0 ac -3437.213135
1415.0 1435.0 k -301.093384
1435.0 1585.0 t -2050.013428
1585.0 1785.0 ssil -2306.753418
1785.0 2815.0 ssil -11477.191406 IK
2815.0 2970.0 ic -2058.124268
2970.0 3005.0 k -527.320679
3005.0 3040.0 ssil -495.235931
3040.0 3195.0 ssil -2030.141602 REKEN
3195.0 3290.0 r -1412.823608
3290.0 3480.0 e -2298.805176
3480.0 3545.0 k -990.316223
3545.0 3600.0 @ -748.072021
3600.0 3825.0 n -2559.338623
3825.0 4195.0 ssil -4066.508057
4195.0 4515.0 ssil -3561.162598 VERWART
4515.0 4540.0 v -259.200134
4540.0 4555.0 @ -177.529404
4555.0 4570.0 r -186.368423
4570.0 4590.0 w -280.160004
4590.0 4605.0 ac -240.059921
4605.0 4620.0 r -201.283890
4620.0 4820.0 ssil -2141.579102
4820.0 5280.0 ssil -5045.162598 ERUDIET
5280.0 5475.0 ic -2467.182861
5475.0 5620.0 r -2134.697754
5620.0 5650.0 yc -451.644287
5650.0 5765.0 d -1478.360229
5765.0 5895.0 i -1635.033203
5895.0 5915.0 t -281.531799
5915.0 7500.0 ssil -19064.892578
7500.0 8975.0 ssil -16799.541016 EEN
8975.0 9055.0 @ -1085.013794
9055.0 9135.0 n -972.747253
9135.0 9150.0 ssil -214.718628
9150.0 9165.0 ssil -193.338593 BIJ
9165.0 9220.0 b -763.684082
9220.0 9595.0 ei -4676.162598
9595.0 10030.0 ssil -4846.636719
.
