#!MLF!#
"/net/aistaff/aki/_same-utterance/wav/09/Oost_Overijsel-Gelderland/828-1449172793-128236.rec"
0.0 870.0 ssil -10438.476562 TAKT
870.0 885.0 t -261.691925
885.0 1335.0 @ -5467.269043
1335.0 1385.0 k -835.417542
1385.0 1505.0 ssil -1814.424683
1505.0 2630.0 ssil -13724.976562 IK
2630.0 2755.0 ic -1581.953613
2755.0 2780.0 k -348.946106
2780.0 2795.0 ssil -215.786392
2795.0 2875.0 ssil -1010.617737 REKEN
2875.0 2890.0 r -199.780640
2890.0 3170.0 e -3152.030762
3170.0 3205.0 g -547.839966
3205.0 3250.0 @ -570.899414
3250.0 3420.0 n -1834.909912
3420.0 4795.0 ssil -17603.996094
4795.0 6485.0001 ssil -19595.771484 VERWART
6485.0001 6620.0001 f -1731.871460
6620.0001 6645.0001 @ -302.649994
6645.0001 6710.0001 r -797.561523
6710.0001 6780.0001 w -937.140259
6780.0001 6850.0001 ac -919.343140
6850.0001 6990.0001 r -2039.932129
6990.0001 7015.0001 t -369.083191
7015.0001 7640.0001 ssil -7671.837402
7640.0 7795.0 ssil -1820.780029 ERUDIET
7795.0 7810.0 @ -193.133820
7810.0 7825.0 r -195.635452
7825.0 7860.0 @ -417.309875
7860.0 7875.0 d -203.466354
7875.0 7895.0 i -294.436493
7895.0 7910.0 t -206.829803
7910.0 8625.0 ssil -8834.306641
8625.0 8670.0 ssil -579.102112 EEN
8670.0 8775.0 @ -1286.980835
8775.0 8915.0 n -1548.723999
8915.0 8930.0 ssil -184.319717
8930.0 8945.0 ssil -192.170151 BIJ
8945.0 8990.0 b -589.712280
8990.0 9300.0 ei -3446.328613
9300.0 9890.0 ssil -7651.195801
.
