#!MLF!#
"/net/aistaff/aki/_same-utterance/wav/09/Oost_Overijsel-Gelderland/8641-1458176999-1671166.rec"
0.0 1100.0 ssil -13117.747070 TAKT
1100.0 1115.0 t -230.974609
1115.0 1385.0 ac -3510.903564
1385.0 1420.0 k -494.091644
1420.0 1565.0 t -1909.514648
1565.0 3020.0001 ssil -16978.242188
3020.0 4665.0 ssil -19721.150391 IK
4665.0 4940.0 ic -3790.183838
4940.0 4975.0 k -480.186646
4975.0 5025.0 ssil -629.963562
5025.0 5040.0 ssil -240.769073 REKEN
5040.0 5135.0 r -1429.024658
5135.0 5320.0 e -2306.215088
5320.0 5360.0 k -618.723694
5360.0 5410.0 @ -681.555176
5410.0 5685.0 n -3161.749023
5685.0 5880.0 ssil -2139.372803
5880.0 6060.0 ssil -1997.215576 VERWART
6060.0 6085.0 v -274.362579
6085.0 6100.0 @ -198.597717
6100.0 6115.0 r -200.672043
6115.0 6130.0 w -190.140411
6130.0 6145.0 ac -207.293030
6145.0 6160.0 r -175.510788
6160.0 6645.0 ssil -5318.159180
6645.0 6910.0 ssil -3200.498047 ERUDIET
6910.0 7025.0 e -1351.263550
7025.0 7085.0 r -845.664490
7085.0 7240.0 y -1864.468262
7240.0 7280.0 d -656.383850
7280.0 7425.0 i -1813.944946
7425.0 7555.0 t -1679.811401
7555.0 8495.0 ssil -10789.414062
8495.0 8825.0 ssil -3731.401611 EEN
8825.0 8935.0 @ -1539.061890
8935.0 9035.0 n -1196.416016
9035.0 9050.0 ssil -209.429718
9050.0 9065.0 ssil -195.668411 BIJ
9065.0 9145.0 b -1023.837341
9145.0 9510.0 ei -4364.865723
9510.0 10030.0 ssil -5846.471191
.
