#!MLF!#
"/net/aistaff/aki/_same-utterance/wav/09/Oost_Overijsel-Gelderland/9486-1463415318-1821400.rec"
0.0 120.0 ssil -1367.660645 TAKT
120.0 135.0 t -281.828491
135.0 150.0 k -250.715836
150.0 165.0 ssil -189.160736
165.0 180.0 ssil -195.207779 IK
180.0 310.0 ic -1590.673096
310.0 325.0 k -216.884659
325.0 345.0 ssil -240.916977
345.0 365.0 ssil -233.375412 REKEN
365.0 395.0 r -359.515594
395.0 535.0 e -1663.188965
535.0 580.0 g -632.747253
580.0 685.0 @ -1363.425171
685.0 700.0 ssil -212.889526
700.0 715.0 ssil -198.924484 VERWART
715.0 755.0 f -555.052368
755.0 775.0 @ -280.103027
775.0 820.0 r -549.915894
820.0 915.0 w -1204.517578
915.0 1100.0 ac -2472.687500
1100.0 1190.0 r -1168.622681
1190.0 1320.0 t -1726.176514
1320.0 1345.0 ssil -320.219818
1345.0 1390.0 ssil -605.250732 ERUDIET
1390.0 2405.0 @ -11593.977539
2405.0 2815.0 r -5219.296387
2815.0 3040.0 y -3026.766602
3040.0 3100.0 d -1044.607666
3100.0 3330.0 i -2843.547852
3330.0 3545.0 t -3010.531006
3545.0 3790.0 ssil -3135.492920
3790.0 4830.0 ssil -12441.808594 EEN
4830.0 5050.0 @ -2791.911621
5050.0 5170.0 n -1594.961548
5170.0 8725.0 ssil -43403.917969
8725.0 8860.0 ssil -2059.187500 BIJ
8860.0 8880.0 b -326.838562
8880.0 9110.0 ei -2775.172852
9110.0 10055.0 ssil -11917.571289
.
