#!MLF!#
"/net/aistaff/aki/_same-utterance/wav/09/Oost_Overijsel-Gelderland/9910-1464027741-1851398.rec"
0.0 325.0 ssil -2882.786621 TAKT
325.0 340.0 t -213.798416
340.0 365.0 k -302.866364
365.0 500.0 ssil -1563.913330
500.0 710.0 ssil -2486.261230 IK
710.0 825.0 ic -1556.317871
825.0 850.0 k -430.856445
850.0 865.0 ssil -239.870102
865.0 880.0 ssil -243.719452 REKEN
880.0 1025.0 r -2070.464355
1025.0 1205.0 e -2239.006104
1205.0 1255.0 k -785.657532
1255.0 1325.0 @ -991.928284
1325.0 1475.0 n -1863.824707
1475.0 1515.0 ssil -507.832855
1515.0 2569.9999 ssil -12145.110352 VERWART
2569.9999 2689.9999 f -1405.352905
2689.9999 2704.9999 @ -215.786072
2704.9999 2739.9999 r -452.224518
2739.9999 2824.9999 w -1034.609375
2824.9999 2914.9999 ac -1137.736938
2914.9999 3085.0 r -2401.087891
3085.0 3259.9999 t -2498.284912
3259.9999 5230.0 ssil -23892.541016
5230.0 6880.0 ssil -18737.203125 ERUDIET
6880.0 7025.0 e -1794.888062
7025.0 7125.0 r -1376.094116
7125.0 7215.0 y -1235.616699
7215.0 7315.0 d -1420.481201
7315.0 7495.0 i -2445.229004
7495.0 7675.0 t -2572.322510
7675.0 7715.0 ssil -558.643127
7715.0 8755.0 ssil -11602.191406 EEN
8755.0 8900.0 @ -2228.800049
8900.0 9100.0 ssil -3119.164307
9100.0 9525.0 ssil -4714.957031 BIJ
9525.0 9540.0 b -210.150879
9540.0 9555.0 ei -226.373077
9555.0 9985.0 ssil -4650.033691
.
