#!MLF!#
"/net/aistaff/aki/_same-utterance/wav/10/Limburg/10015-1465415631-2278640.rec"
0.0 335.0 ssil -3242.849609 ZACHT
335.0 390.0 s -785.432861
390.0 500.0 ac -1502.448364
500.0 550.0 x -744.587463
550.0 600.0 t -703.797913
600.0 615.0 ssil -209.275040
615.0 630.0 ssil -221.442032 KNORT
630.0 690.0 k -1014.141052
690.0 745.0 n -818.589111
745.0 825.0 oc -1020.947327
825.0 845.0 r -283.732788
845.0 905.0 t -854.310059
905.0 925.0 ssil -371.511597
925.0 940.0 ssil -235.128952 HET
940.0 955.0 h -209.426102
955.0 980.0 ec -366.017975
980.0 1020.0 t -544.506897
1020.0 1035.0 ssil -196.836670
1035.0 1050.0 ssil -191.788696 VARKEN
1050.0 1140.0 f -1110.129150
1140.0 1215.0 ac -911.893188
1215.0 1275.0 r -871.688049
1275.0 1300.0 k -373.437012
1300.0 1315.0 @ -236.971954
1315.0 1340.0 ssil -361.615021
1340.0 1360.0 ssil -305.855316 IN
1360.0 1415.0 ic -761.610474
1415.0 1510.0 n -1112.143921
1510.0 1525.0 ssil -226.170410
1525.0 1540.0 ssil -203.273956 DE
1540.0 1555.0 d -198.610870
1555.0 1570.0 ssil -180.830734
1570.0 1585.0 ssil -184.939346 WEI
1585.0 1620.0 w -429.215088
1620.0 1850.0 ei -2493.733398
1850.0 2105.0 ssil -3312.806885
2105.0 2205.0 ssil -1365.744263 EEN
2205.0 2265.0 n -753.355896
2265.0 2280.0 ssil -197.194138
2280.0 2295.0 ssil -177.499466 KARAKTERISTIEK
2295.0 2375.0 k -1101.800659
2375.0 2560.0 ac -2260.207520
2560.0 2615.0 r -659.374451
2615.0 2630.0 ac -210.663071
2630.0 2645.0 k -209.861191
2645.0 2670.0 t -347.505432
2670.0 2685.0 @ -216.396500
2685.0 2775.0 r -1212.074341
2775.0 2800.0 @ -356.485840
2800.0 2940.0 s -1883.830566
2940.0 3010.0 t -1055.595703
3010.0 3090.0 i -1076.972168
3090.0 3120.0 k -489.946686
3120.0 3145.0 ssil -332.435730
3145.0 3245.0 ssil -1402.944824 GELUID
3245.0 3280.0 x -565.235901
3280.0 3315.0 @ -493.022858
3315.0 3405.0 l -1249.928467
3405.0 3575.0 ui -1961.937866
3575.0 3590.0 t -259.509735
3590.0 3620.0 ssil -410.008972
.
