#!MLF!#
"/net/aistaff/aki/_same-utterance/wav/10/Limburg/12292-1468404647-2403416.rec"
0.0 825.0 ssil -9674.681641 ZACHT
825.0 950.0 z -1596.563232
950.0 1065.0 ac -1458.024658
1065.0 1155.0 x -1278.601807
1155.0 1225.0 t -1004.112000
1225.0 1260.0 ssil -433.254883
1260.0 1280.0 ssil -282.948822 KNORT
1280.0 1315.0 k -543.725647
1315.0 1380.0 n -912.527588
1380.0 1475.0 oc -1164.247192
1475.0 1500.0 r -335.345612
1500.0 1515.0 ssil -222.046112
1515.0 1535.0 ssil -268.500977 HET
1535.0 1550.0 h -201.810913
1550.0 1565.0 ec -245.477524
1565.0 1710.0 t -1876.999634
1710.0 1725.0 ssil -210.807587
1725.0 1740.0 ssil -200.516830 VARKEN
1740.0 1780.0 f -485.388306
1780.0 1925.0 ac -1640.118896
1925.0 1950.0 r -351.309326
1950.0 1965.0 k -221.086823
1965.0 1985.0 @ -271.678162
1985.0 2005.0 ssil -262.270538
2005.0 2025.0 ssil -290.645813 IN
2025.0 2125.0 ic -1224.451172
2125.0 2145.0 n -278.468536
2145.0 2160.0 ssil -199.011597
2160.0 2175.0 ssil -237.555771 DE
2175.0 2190.0 d -228.818787
2190.0 2245.0 @ -580.581970
2245.0 2260.0 ssil -202.134155
2260.0 2275.0 ssil -205.888107 WEI
2275.0 2310.0 w -394.147675
2310.0 2670.0 ei -4011.216309
2670.0 2935.0 ssil -3092.825195
2935.0 3335.0 ssil -4683.375000 EEN
3335.0 3415.0 n -1032.199585
3415.0 3465.0 ssil -676.662109
3465.0 3480.0 ssil -226.431351 KARAKTERISTIEK
3480.0 3550.0 k -1023.459106
3550.0 3715.0 ac -1842.005249
3715.0 3760.0 r -647.490601
3760.0 3785.0 ac -379.934052
3785.0 3805.0 k -294.251984
3805.0 3855.0 t -630.841675
3855.0 3890.0 @ -478.025299
3890.0 3930.0 r -531.325623
3930.0 3975.0 @ -548.837708
3975.0 4090.0 s -1536.445435
4090.0 4160.0 t -959.402832
4160.0 4250.0 i -1166.256104
4250.0 4275.0 k -374.606903
4275.0 4305.0 ssil -418.517853
4305.0 4320.0 ssil -203.134506 GELUID
4320.0 4400.0 gc -1076.567871
4400.0 4445.0 @ -604.667419
4445.0 4515.0 l -853.681274
4515.0 4785.0 ui -2761.765137
4785.0 4900.0 t -1611.712036
4900.0 5550.0 ssil -7233.000488
.
