#!MLF!#
"/net/aistaff/aki/_same-utterance/wav/10/Limburg/13066-1464208879-1942393.rec"
0.0 410.0 ssil -4242.995605 ZACHT
410.0 560.0 s -1929.033325
560.0 645.0 ac -1116.999146
645.0 730.0 x -1190.692017
730.0 780.0 t -749.152954
780.0 855.0 ssil -1219.722656
855.0 895.0 ssil -685.437622 KNORT
895.0 915.0 k -334.525238
915.0 935.0 n -297.267059
935.0 1015.0 oc -1082.883179
1015.0 1065.0 r -688.845947
1065.0 1080.0 ssil -211.538589
1080.0 1100.0 ssil -293.698517 HET
1100.0 1115.0 h -206.786713
1115.0 1170.0 ec -847.903564
1170.0 1225.0 t -786.668701
1225.0 1240.0 ssil -214.851807
1240.0 1255.0 ssil -199.681046 VARKEN
1255.0 1380.0 f -1484.948486
1380.0 1500.0 ac -1495.525513
1500.0 1530.0 r -453.886322
1530.0 1575.0 k -653.481567
1575.0 1590.0 @ -194.016464
1590.0 1615.0 ssil -350.318604
1615.0 1650.0 ssil -437.049500 IN
1650.0 1745.0 ic -1383.440796
1745.0 1830.0 n -1061.051880
1830.0 1845.0 ssil -210.245529
1845.0 1860.0 ssil -218.404922 DE
1860.0 1875.0 d -215.856979
1875.0 1905.0 @ -372.047272
1905.0 1920.0 ssil -203.605835
1920.0 1935.0 ssil -213.782410 WEI
1935.0 1965.0 w -391.940399
1965.0 2190.0 ei -2646.873291
2190.0 2645.0 ssil -5700.852539
2645.0 2725.0 ssil -1188.365845 EEN
2725.0 2830.0 n -1402.245728
2830.0 2845.0 ssil -187.877502
2845.0 2865.0 ssil -268.036469 KARAKTERISTIEK
2865.0 2925.0 k -889.614746
2925.0 3175.0 ac -2930.119385
3175.0 3190.0 r -215.503860
3190.0 3205.0 ac -240.182785
3205.0 3265.0 k -836.293762
3265.0 3305.0 t -504.320526
3305.0 3325.0 @ -233.650131
3325.0 3340.0 r -194.062363
3340.0 3365.0 @ -326.728088
3365.0 3505.0 s -1728.229858
3505.0 3550.0 t -617.387939
3550.0 3630.0 i -1132.220337
3630.0 3690.0 k -852.282898
3690.0 3705.0 ssil -177.517593
3705.0 3730.0 ssil -293.433716 GELUID
3730.0 3810.0 gc -1125.153442
3810.0 4025.0 @ -2816.853760
4025.0 4040.0 l -211.288773
4040.0 4060.0 ui -308.963470
4060.0 4230.0 t -2246.468994
4230.0 4620.0 ssil -5025.276855
.
