#!MLF!#
"/net/aistaff/aki/_same-utterance/wav/10/Limburg/13627-1464340764-2015985.rec"
0.0 1285.0 ssil -15249.207031 ZACHT
1285.0 1385.0 s -1434.047974
1385.0 1510.0 ac -1583.986694
1510.0 1640.0 x -1715.090088
1640.0 1775.0 ssil -1734.611572
1775.0 2070.0 ssil -3605.140869 KNORT
2070.0 2165.0 k -1357.825562
2165.0 2195.0 n -487.451782
2195.0 2290.0 oc -1188.602539
2290.0 2335.0 r -636.958008
2335.0 2350.0 ssil -226.353027
2350.0 2365.0 ssil -231.079330 HET
2365.0 2385.0 h -304.921112
2385.0 2445.0 ec -798.854431
2445.0 2475.0 t -403.663361
2475.0 2490.0 ssil -202.616150
2490.0 2535.0 ssil -570.524475 VARKEN
2535.0 2570.0 f -506.810547
2570.0 2660.0 ac -1049.106079
2660.0 2735.0 r -1005.465027
2735.0 2750.0 k -232.480835
2750.0 2790.0 @ -582.821594
2790.0 2815.0 ssil -364.181732
2815.0 2840.0 ssil -347.503479 IN
2840.0 2950.0 ic -1348.610229
2950.0 2965.0 n -214.701340
2965.0 2980.0 ssil -210.989822
2980.0 2995.0 ssil -197.774582 DE
2995.0 3050.0 d -711.289185
3050.0 3110.0 @ -699.651733
3110.0 3125.0 ssil -177.056061
3125.0 3140.0 ssil -180.240204 WEI
3140.0 3205.0 w -771.023621
3205.0 3505.0 ei -3446.482422
3505.0 3615.0 ssil -1196.777100
3615.0 4230.0 ssil -7135.225098 EEN
4230.0 4300.0 @ -886.358704
4300.0 4345.0 n -496.475464
4345.0 4360.0 ssil -215.463715
4360.0 4375.0 ssil -219.167801 KARAKTERISTIEK
4375.0 4435.0 k -920.368164
4435.0 4515.0 ac -936.448853
4515.0 4635.0 r -1413.798950
4635.0 4685.0 ac -639.666687
4685.0 4700.0 k -228.765198
4700.0 4725.0 t -362.280273
4725.0 4760.0 @ -466.078888
4760.0 4795.0 r -445.125366
4795.0 4810.0 @ -247.398865
4810.0 4915.0 s -1397.968506
4915.0 4950.0 t -502.739899
4950.0 5095.0 i -1867.253052
5095.0 5110.0 k -240.551804
5110.0 5140.0 ssil -404.789795
5140.0 5160.0 ssil -305.554382 GELUID
5160.0 5190.0 gc -448.377533
5190.0 5260.0 @ -913.083923
5260.0 5300.0 l -566.044983
5300.0 5545.0 ui -3062.196533
5545.0 5610.0 t -900.090698
5610.0 6105.0 ssil -5645.281738
.
