#!MLF!#
"/net/aistaff/aki/_same-utterance/wav/10/Limburg/13969-1464285524-1981432.rec"
0.0 445.0 ssil -4957.043945 ZACHT
445.0 625.0 z -2371.712158
625.0 735.0 ac -1337.238647
735.0 825.0 x -1208.176880
825.0 890.0 t -897.216187
890.0 905.0 ssil -214.682739
905.0 930.0 ssil -322.325623 KNORT
930.0 985.0 k -785.065735
985.0 1050.0 n -845.647339
1050.0 1170.0 oc -1320.467285
1170.0 1215.0 r -545.194214
1215.0 1230.0 ssil -212.665085
1230.0 1245.0 ssil -205.707947 HET
1245.0 1260.0 h -169.723999
1260.0 1300.0 ec -491.751831
1300.0 1365.0 t -849.415894
1365.0 1380.0 ssil -190.302811
1380.0 1395.0 ssil -178.781754 VARKEN
1395.0 1475.0 f -895.674561
1475.0 1590.0 ac -1194.270020
1590.0 1710.0 r -1697.334229
1710.0 1755.0 k -630.297363
1755.0 1830.0 @ -940.294983
1830.0 1845.0 ssil -228.582047
1845.0 1860.0 ssil -219.472198 IN
1860.0 1940.0 n -944.529663
1940.0 1955.0 ssil -206.908752
1955.0 1970.0 ssil -209.338837 DE
1970.0 1985.0 d -209.118423
1985.0 2060.0 @ -763.847229
2060.0 2075.0 ssil -168.884094
2075.0 2090.0 ssil -169.988983 WEI
2090.0 2120.0 w -304.291809
2120.0 2440.0 ei -3500.749756
2440.0 2710.0 ssil -3306.425781
2710.0 2790.0 ssil -988.054688 EEN
2790.0 2815.0 @ -360.685730
2815.0 2910.0 n -1164.250488
2910.0 2925.0 ssil -225.444580
2925.0 2940.0 ssil -209.812790 KARAKTERISTIEK
2940.0 3000.0 k -877.929749
3000.0 3250.0 ac -2901.364502
3250.0 3425.0 r -2292.054443
3425.0 3440.0 ac -216.947250
3440.0 3455.0 k -225.027740
3455.0 3500.0 t -592.346985
3500.0 3580.0 @ -848.533936
3580.0 3595.0 r -166.721817
3595.0 3660.0 @ -751.952454
3660.0 3785.0 s -1556.685791
3785.0 3825.0 t -520.404236
3825.0 3925.0 i -1295.782227
3925.0 3985.0 k -828.373535
3985.0 4000.0 ssil -227.545135
4000.0 4015.0 ssil -233.513428 GELUID
4015.0 4085.0 gc -1053.748047
4085.0 4190.0 @ -1330.589233
4190.0 4210.0 l -247.864822
4210.0 4405.0 ui -2138.552734
4405.0 4420.0 t -257.330597
4420.0 4435.0 ssil -212.110367
.
