#!MLF!#
"/net/aistaff/aki/_same-utterance/wav/10/Limburg/15101-1464944163-2217286.rec"
0.0 335.0 ssil -4318.553711 ZACHT
335.0 460.0 s -1688.520874
460.0 540.0 ac -979.583801
540.0 630.0 x -1239.378906
630.0 680.0 t -744.486755
680.0 695.0 ssil -215.482880
695.0 710.0 ssil -199.538712 KNORT
710.0 755.0 k -674.128418
755.0 810.0 n -831.561707
810.0 890.0 oc -1023.827881
890.0 955.0 r -975.365295
955.0 1000.0 ssil -592.123474
1000.0 1045.0 ssil -594.299683 HET
1045.0 1070.0 h -326.354584
1070.0 1125.0 ec -690.673035
1125.0 1175.0 t -671.192993
1175.0 1235.0 ssil -758.544556
1235.0 1260.0 ssil -394.491882 VARKEN
1260.0 1285.0 f -344.433441
1285.0 1430.0 ac -1429.693970
1430.0 1500.0 r -896.897949
1500.0 1565.0 k -1007.950928
1565.0 1605.0 @ -452.177216
1605.0 1740.0 n -1659.335693
1740.0 1755.0 ssil -209.263138
1755.0 1770.0 ssil -225.688309 IN
1770.0 1835.0 ic -780.150635
1835.0 1900.0 n -736.914307
1900.0 1915.0 ssil -226.559967
1915.0 1930.0 ssil -246.834610 DE
1930.0 1945.0 d -187.977463
1945.0 1990.0 @ -435.430054
1990.0 2005.0 ssil -176.775726
2005.0 2020.0 ssil -173.442886 WEI
2020.0 2145.0 w -1400.753296
2145.0 2240.0 ei -1121.920044
2240.0 2300.0 ssil -752.451477
2300.0 2695.0 ssil -4847.673828 EEN
2695.0 2745.0 @ -583.929932
2745.0 2805.0 n -769.075378
2805.0 2820.0 ssil -186.698441
2820.0 2835.0 ssil -227.631821 KARAKTERISTIEK
2835.0 2875.0 k -603.047974
2875.0 2930.0 ac -592.669495
2930.0 3030.0 r -1320.427612
3030.0 3220.0 ac -2433.485596
3220.0 3235.0 k -278.827026
3235.0 3270.0 t -529.027100
3270.0 3315.0 @ -472.801147
3315.0 3395.0 r -1033.294312
3395.0 3435.0 @ -525.432007
3435.0 3570.0 s -1625.153931
3570.0 3615.0 t -647.281372
3615.0 3720.0 i -1283.538208
3720.0 3755.0 k -548.042908
3755.0 3780.0 ssil -341.097443
3780.0 3800.0 ssil -265.432739 GELUID
3800.0 3900.0 gc -1377.228516
3900.0 3940.0 @ -530.654663
3940.0 4085.0 l -1890.896118
4085.0 4235.0 ui -2035.128052
4235.0 4275.0 t -574.089844
4275.0 4715.0 ssil -5283.245605
.
