#!MLF!#
"/net/aistaff/aki/_same-utterance/wav/10/Limburg/15588-1466157450-2330937.rec"
0.0 960.0 ssil -11640.780273 ZACHT
960.0 1100.0 s -1954.130249
1100.0 1225.0 ac -1415.737671
1225.0 1285.0 x -878.727173
1285.0 1330.0 t -654.568115
1330.0 1410.0 ssil -1143.392822
1410.0 1455.0 ssil -550.675476 KNORT
1455.0 1515.0 k -824.110535
1515.0 1565.0 n -675.836975
1565.0 1690.0 oc -1523.939209
1690.0 1705.0 r -203.564926
1705.0 1730.0 ssil -326.447327
1730.0 1805.0 ssil -1009.927490 HET
1805.0 1820.0 h -217.281616
1820.0 1870.0 ec -641.768311
1870.0 1935.0 t -912.925781
1935.0 1955.0 ssil -257.689087
1955.0 1975.0 ssil -227.204437 VARKEN
1975.0 2040.0 f -814.260071
2040.0 2230.0 ac -2172.947754
2230.0 2290.0 r -810.603638
2290.0 2330.0 k -600.070862
2330.0 2450.0 @ -1450.368530
2450.0 2465.0 ssil -235.125916
2465.0 2480.0 ssil -194.680389 IN
2480.0 2520.0 n -358.527191
2520.0 2535.0 ssil -175.879059
2535.0 2550.0 ssil -212.883652 DE
2550.0 2565.0 d -218.765411
2565.0 2650.0 @ -915.504578
2650.0 2665.0 ssil -208.421310
2665.0 2680.0 ssil -211.057114 WEI
2680.0 2695.0 w -226.748230
2695.0 3005.0 ei -3488.798828
3005.0 3065.0 ssil -801.671021
3065.0 3170.0 ssil -1506.574219 EEN
3170.0 3220.0 @ -711.552612
3220.0 3285.0 n -968.437256
3285.0 3305.0 ssil -296.908661
3305.0 3340.0 ssil -532.037415 KARAKTERISTIEK
3340.0 3385.0 k -666.242554
3385.0 3615.0 a -2500.808838
3615.0 4240.0 r -8192.096680
4240.0 4265.0 ac -327.154297
4265.0 4295.0 k -420.766724
4295.0 4390.0 t -1304.020142
4390.0 4505.0 @ -1258.155762
4505.0 4520.0 r -184.172791
4520.0 4610.0 @ -1093.585571
4610.0 4745.0 s -1815.473022
4745.0 4810.0 t -899.709473
4810.0 4945.0 i -1711.756348
4945.0 4965.0 k -312.194641
4965.0 4980.0 ssil -235.608658
4980.0 5010.0 ssil -449.741394 GELUID
5010.0 5105.0 gc -1231.892700
5105.0 5140.0 @ -470.839020
5140.0 5225.0 l -1135.667236
5225.0 5420.0 ui -2177.647949
5420.0 5680.0 t -3602.594482
5680.0 5990.0 ssil -4068.737305
.
