#!MLF!#
"/net/aistaff/aki/_same-utterance/wav/10/Limburg/15592-1465472048-2283392.rec"
0.0 610.0 ssil -7434.965820 ZACHT
610.0 705.0 z -1211.306396
705.0 815.0 ac -1439.415161
815.0 875.0 x -861.472046
875.0 905.0 t -467.122131
905.0 925.0 ssil -278.058197
925.0 965.0 ssil -518.216736 KNORT
965.0 1025.0 k -891.195496
1025.0 1070.0 n -601.104675
1070.0 1125.0 oc -674.636536
1125.0 1155.0 r -451.926575
1155.0 1175.0 ssil -282.387268
1175.0 1240.0 ssil -897.089783 HET
1240.0 1255.0 h -220.067734
1255.0 1270.0 ec -234.274551
1270.0 1360.0 t -1171.889893
1360.0 1375.0 ssil -191.264465
1375.0 1390.0 ssil -175.717178 VARKEN
1390.0 1435.0 f -513.603271
1435.0 1505.0 ac -911.144775
1505.0 1625.0 r -1743.493652
1625.0 1675.0 k -724.991760
1675.0 1705.0 @ -450.050018
1705.0 1735.0 n -372.623871
1735.0 1750.0 ssil -227.041306
1750.0 1765.0 ssil -206.240494 IN
1765.0 1835.0 ic -863.689026
1835.0 1900.0 n -772.711792
1900.0 1915.0 ssil -237.645279
1915.0 1930.0 ssil -216.989853 DE
1930.0 1945.0 d -229.245285
1945.0 1960.0 ssil -215.841278
1960.0 1975.0 ssil -205.599823 WEI
1975.0 2005.0 w -360.080048
2005.0 2270.0 ei -3050.496338
2270.0 2315.0 ssil -583.071716
2315.0 2710.0 ssil -5040.848145 EEN
2710.0 2745.0 @ -477.212799
2745.0 2795.0 n -627.029541
2795.0 2810.0 ssil -212.076431
2810.0 2825.0 ssil -207.205872 KARAKTERISTIEK
2825.0 2885.0 k -841.900146
2885.0 2905.0 a -281.761627
2905.0 2980.0 r -1016.191284
2980.0 3080.0 ac -1286.357178
3080.0 3115.0 k -569.179138
3115.0 3190.0 t -1073.621460
3190.0 3230.0 @ -578.945435
3230.0 3250.0 r -319.673157
3250.0 3275.0 @ -334.956055
3275.0 3395.0 s -1481.453491
3395.0 3445.0 t -744.399536
3445.0 3545.0 i -1289.451050
3545.0 3560.0 k -217.825790
3560.0 3585.0 ssil -334.853668
3585.0 3605.0 ssil -253.619781 GELUID
3605.0 3655.0 x -647.387756
3655.0 3700.0 @ -569.766907
3700.0 3780.0 l -978.535706
3780.0 3925.0 ui -1782.735107
3925.0 4065.0 t -1845.592651
4065.0 4340.0 ssil -3317.481689
.
