#!MLF!#
"/net/aistaff/aki/_same-utterance/wav/10/Limburg/15781-1465025977-2230215.rec"
0.0 575.0 ssil -6868.077148 ZACHT
575.0 700.0 z -1718.626831
700.0 835.0 ac -1725.199707
835.0 890.0 x -783.095703
890.0 945.0 ssil -881.223572
945.0 1000.0 ssil -812.527771 KNORT
1000.0 1055.0 k -879.816345
1055.0 1125.0 n -1023.352356
1125.0 1225.0 oc -1309.222778
1225.0 1255.0 r -415.589172
1255.0 1290.0 ssil -561.654602
1290.0 1330.0 ssil -590.401550 HET
1330.0 1350.0 h -296.604523
1350.0 1395.0 ec -545.536743
1395.0 1455.0 t -851.538574
1455.0 1475.0 ssil -239.031723
1475.0 1515.0 ssil -449.611389 VARKEN
1515.0 1550.0 v -474.122467
1550.0 1675.0 ac -1573.600952
1675.0 1765.0 r -1251.134155
1765.0 1795.0 k -457.163330
1795.0 1850.0 @ -681.459229
1850.0 1905.0 n -764.431274
1905.0 1920.0 ssil -228.443573
1920.0 1935.0 ssil -215.197220 IN
1935.0 2025.0 ic -1056.409180
2025.0 2105.0 n -891.870728
2105.0 2120.0 ssil -212.762833
2120.0 2135.0 ssil -250.465347 DE
2135.0 2155.0 d -276.294281
2155.0 2190.0 @ -400.550537
2190.0 2205.0 ssil -175.808167
2205.0 2220.0 ssil -187.086945 WEI
2220.0 2265.0 w -519.336792
2265.0 2550.0 ei -2901.546387
2550.0 2630.0 ssil -1055.041138
2630.0 3040.0 ssil -4958.611816 EEN
3040.0 3110.0 @ -956.973328
3110.0 3155.0 n -605.011963
3155.0 3170.0 ssil -196.878113
3170.0 3190.0 ssil -287.206665 KARAKTERISTIEK
3190.0 3235.0 k -643.807495
3235.0 3390.0 ac -1904.463745
3390.0 3450.0 r -855.096619
3450.0 3465.0 ac -221.902206
3465.0 3485.0 k -277.821777
3485.0 3515.0 t -421.215820
3515.0 3600.0 @ -999.039612
3600.0 3635.0 r -458.832153
3635.0 3685.0 @ -690.117554
3685.0 3805.0 s -1658.532837
3805.0 3860.0 t -806.229004
3860.0 4010.0 i -2073.662109
4010.0 4035.0 k -358.045685
4035.0 4050.0 ssil -198.861130
4050.0 4070.0 ssil -263.514648 GELUID
4070.0 4105.0 gc -500.315369
4105.0 4150.0 @ -639.410645
4150.0 4235.0 l -1045.778320
4235.0 4485.0 ui -2735.846191
4485.0 4595.0 t -1425.828369
4595.0 4805.0 ssil -2569.421631
.
