#!MLF!#
"/net/aistaff/aki/_same-utterance/wav/10/Limburg/16210-1464544785-2129241.rec"
0.0 610.0 ssil -7414.357422 ZACHT
610.0 715.0 s -1522.431030
715.0 845.0 ac -1783.228638
845.0 900.0 x -763.591980
900.0 985.0 t -1185.621094
985.0 1000.0 ssil -196.748001
1000.0 1035.0 ssil -386.998596 KNORT
1035.0 1130.0 k -1384.446533
1130.0 1160.0 n -425.527222
1160.0 1250.0 oc -1186.323364
1250.0 1265.0 r -223.423859
1265.0 1320.0 ssil -768.465698
1320.0 1355.0 ssil -533.111389 HET
1355.0 1370.0 h -249.191696
1370.0 1385.0 ec -255.350647
1385.0 1415.0 t -437.654602
1415.0 1430.0 ssil -217.683014
1430.0 1445.0 ssil -203.543793 VARKEN
1445.0 1530.0 f -1051.525757
1530.0 1655.0 ac -1487.519775
1655.0 1690.0 r -503.332001
1690.0 1705.0 k -239.009354
1705.0 1720.0 @ -245.528076
1720.0 1740.0 ssil -317.036102
1740.0 1785.0 ssil -714.051636 IN
1785.0 1855.0 ic -889.867920
1855.0 1870.0 n -210.199524
1870.0 1890.0 ssil -259.945953
1890.0 1905.0 ssil -204.362930 DE
1905.0 1970.0 d -832.904541
1970.0 2050.0 @ -929.487671
2050.0 2065.0 ssil -202.795670
2065.0 2080.0 ssil -216.417801 WEI
2080.0 2095.0 w -215.874542
2095.0 2300.0 ei -2367.021240
2300.0 2745.0 ssil -5220.765625
2745.0 2810.0 ssil -926.763733 EEN
2810.0 2855.0 n -570.072388
2855.0 2870.0 ssil -214.597397
2870.0 2885.0 ssil -209.323959 KARAKTERISTIEK
2885.0 2920.0 k -528.779968
2920.0 3055.0 ac -1698.527832
3055.0 3070.0 r -234.590073
3070.0 3110.0 ac -509.185638
3110.0 3125.0 k -224.998749
3125.0 3185.0 t -877.838806
3185.0 3200.0 @ -217.020432
3200.0 3230.0 r -413.752197
3230.0 3275.0 @ -588.959717
3275.0 3370.0 s -1200.825806
3370.0 3435.0 t -812.700134
3435.0 3535.0 i -1319.137329
3535.0 3560.0 k -381.416656
3560.0 3575.0 ssil -209.224152
3575.0 3590.0 ssil -200.562531 GELUID
3590.0 3635.0 gc -612.106628
3635.0 3655.0 @ -285.290314
3655.0 3720.0 l -805.710144
3720.0 3875.0 ui -1878.840942
3875.0 4005.0 t -1795.980835
4005.0 4225.0 ssil -2687.454102
.
