#!MLF!#
"/net/aistaff/aki/_same-utterance/wav/10/Limburg/17469-1474487354-2492133.rec"
0.0 885.0 ssil -10729.890625 ZACHT
885.0 1030.0 z -1737.523193
1030.0 1140.0 ac -1390.743042
1140.0 1215.0 x -980.250366
1215.0 1250.0 t -546.202393
1250.0 1395.0 ssil -2051.870117
1395.0 1455.0 ssil -771.854492 KNORT
1455.0 1510.0 k -817.621765
1510.0 1565.0 n -860.178589
1565.0 1655.0 oc -1235.940186
1655.0 1705.0 r -689.469238
1705.0 1730.0 ssil -350.311218
1730.0 1790.0 ssil -860.085510 HET
1790.0 1805.0 h -186.647293
1805.0 1910.0 ec -1329.722046
1910.0 1940.0 t -399.095062
1940.0 1955.0 ssil -184.053680
1955.0 1980.0 ssil -264.082123 VARKEN
1980.0 2050.0 f -837.137939
2050.0 2160.0 ac -1390.059204
2160.0 2260.0 r -1450.962524
2260.0 2300.0 k -559.032715
2300.0 2335.0 @ -478.898499
2335.0 2420.0 n -1045.168091
2420.0 2445.0 ssil -318.354736
2445.0 2460.0 ssil -216.673538 IN
2460.0 2525.0 n -846.011047
2525.0 2540.0 ssil -214.380966
2540.0 2555.0 ssil -211.915436 DE
2555.0 2610.0 d -743.873779
2610.0 2625.0 ssil -203.591599
2625.0 2640.0 ssil -177.217880 WEI
2640.0 2755.0 w -1171.230591
2755.0 3015.0 ei -2859.479980
3015.0 3070.0 ssil -701.198242
3070.0 3670.0 ssil -7070.791016 EEN
3670.0 3710.0 @ -568.379395
3710.0 3835.0 n -1661.919312
3835.0 3850.0 ssil -185.911652
3850.0 3865.0 ssil -225.265411 KARAKTERISTIEK
3865.0 3920.0 k -790.692688
3920.0 4160.0 ac -2868.873291
4160.0 4205.0 r -547.447754
4205.0 4255.0 ac -621.712891
4255.0 4280.0 k -379.482361
4280.0 4295.0 t -211.202682
4295.0 4315.0 @ -240.227341
4315.0 4350.0 r -422.879181
4350.0 4420.0 @ -864.252930
4420.0 4555.0 s -1746.118042
4555.0 4610.0 t -779.111877
4610.0 4730.0 i -1498.413086
4730.0 4770.0 k -631.136658
4770.0 4785.0 ssil -214.293564
4785.0 4810.0 ssil -329.031952 GELUID
4810.0 4915.0 gc -1388.790649
4915.0 4955.0 @ -451.555511
4955.0 5055.0 l -1213.820190
5055.0 5300.0 ui -3074.330322
5300.0 5315.0 t -240.861160
5315.0 5525.0 ssil -2802.452393
.
