#!MLF!#
"/net/aistaff/aki/_same-utterance/wav/10/Limburg/17777-1482061524-2543434.rec"
0.0 365.0 ssil -4304.273438 ZACHT
365.0 520.0 s -2061.443848
520.0 640.0 ac -1534.139404
640.0 795.0 x -2101.066406
795.0 920.0 t -1698.362183
920.0 965.0 ssil -582.645325
965.0 995.0 ssil -390.508850 KNORT
995.0 1060.0 k -988.306152
1060.0 1175.0 n -1401.114258
1175.0 1315.0 oc -1806.549805
1315.0 1385.0 r -1008.510132
1385.0 1480.0 t -1397.470703
1480.0 1495.0 ssil -220.085587
1495.0 1515.0 ssil -303.312897 HET
1515.0 1530.0 h -238.328644
1530.0 1655.0 ec -1553.703979
1655.0 1670.0 t -206.810379
1670.0 1710.0 ssil -520.706238
1710.0 1740.0 ssil -360.688171 VARKEN
1740.0 1810.0 f -832.977844
1810.0 1935.0 ac -1521.142700
1935.0 1985.0 r -675.477539
1985.0 2000.0 k -218.457932
2000.0 2015.0 @ -231.607285
2015.0 2070.0 ssil -726.756531
2070.0 2130.0 ssil -986.270203 IN
2130.0 2440.0 ic -3793.456055
2440.0 2500.0 n -650.883545
2500.0 2515.0 ssil -204.350708
2515.0 2530.0 ssil -223.998795 DE
2530.0 2550.0 d -276.445343
2550.0 2570.0 @ -226.279404
2570.0 2585.0 ssil -192.829865
2585.0 2600.0 ssil -191.405685 WEI
2600.0 2650.0 w -571.053101
2650.0 3105.0 ei -5558.093750
3105.0 3155.0 ssil -636.213318
3155.0 3170.0 ssil -238.950226 EEN
3170.0 3235.0 @ -727.389771
3235.0 3460.0 n -2683.791260
3460.0 3480.0 ssil -239.844406
3480.0 3520.0 ssil -494.586060 KARAKTERISTIEK
3520.0 3590.0 k -1053.306885
3590.0 3920.0 a -4418.835449
3920.0 3965.0 r -741.493347
3965.0 3995.0 ac -398.390076
3995.0 4010.0 k -231.053162
4010.0 4050.0 t -623.722046
4050.0 4100.0 @ -608.450745
4100.0 4170.0 r -826.608337
4170.0 4255.0 @ -963.294189
4255.0 4380.0 s -1642.538086
4380.0 4430.0 t -655.167053
4430.0 4595.0 i -2037.029419
4595.0 4615.0 k -325.117584
4615.0 4710.0 ssil -1278.943604
4710.0 4725.0 ssil -216.602905 GELUID
4725.0 4760.0 gc -535.804993
4760.0 4825.0 @ -825.950500
4825.0 4905.0 l -960.720581
4905.0 5120.0 ui -2519.060059
5120.0 5245.0 t -1610.263916
5245.0 5455.0 ssil -2745.809326
.
