#!MLF!#
"/net/aistaff/aki/_same-utterance/wav/10/Limburg/1987-1450049184-567701.rec"
0.0 775.0 ssil -9427.436523 ZACHT
775.0 975.0 s -2662.595703
975.0 1175.0 ac -2540.262939
1175.0 1195.0 x -266.351257
1195.0 1290.0 t -1346.064575
1290.0 1305.0 ssil -232.847580
1305.0 1365.0 ssil -755.201477 KNORT
1365.0 1445.0 k -1298.874756
1445.0 1485.0 n -551.901550
1485.0 1610.0 oc -1448.036377
1610.0 1625.0 r -213.045853
1625.0 1675.0 ssil -731.863220
1675.0 1715.0 ssil -621.625427 HET
1715.0 1735.0 h -298.942017
1735.0 1775.0 ec -510.990906
1775.0 1840.0 t -915.251770
1840.0 1865.0 ssil -307.261688
1865.0 1880.0 ssil -177.092346 VARKEN
1880.0 1980.0 f -1276.982056
1980.0 2135.0 ac -1715.809692
2135.0 2175.0 r -549.259155
2175.0 2190.0 k -237.012665
2190.0 2205.0 @ -215.692047
2205.0 2235.0 ssil -387.247437
2235.0 2275.0 ssil -631.961731 IN
2275.0 2385.0 ic -1450.513672
2385.0 2510.0 n -1431.547852
2510.0 2525.0 ssil -182.245239
2525.0 2540.0 ssil -202.901108 DE
2540.0 2555.0 d -204.804184
2555.0 2570.0 ssil -192.069046
2570.0 2585.0 ssil -202.219452 WEI
2585.0 2610.0 w -298.437012
2610.0 2910.0 ei -3232.795654
2910.0 2995.0 ssil -1008.907837
2995.0 3365.0 ssil -4435.605957 EEN
3365.0 3425.0 n -780.088623
3425.0 3455.0 ssil -399.422180
3455.0 3475.0 ssil -249.781387 KARAKTERISTIEK
3475.0 3550.0 k -1108.824097
3550.0 3755.0 ac -2127.880859
3755.0 3775.0 r -269.951324
3775.0 3850.0 ac -973.641785
3850.0 3870.0 k -287.308411
3870.0 3925.0 t -790.970093
3925.0 4005.0 @ -937.701050
4005.0 4020.0 r -186.513443
4020.0 4050.0 @ -378.692596
4050.0 4235.0 s -2331.204834
4235.0 4260.0 t -399.825714
4260.0 4420.0 i -2046.035034
4420.0 4435.0 k -233.210266
4435.0 4455.0 ssil -285.164581
4455.0 4470.0 ssil -219.125854 GELUID
4470.0 4560.0 gc -1248.831421
4560.0 4640.0 @ -987.557861
4640.0 4680.0 l -528.090881
4680.0 4930.0 ui -2904.956543
4930.0 4995.0 t -915.460876
4995.0 5270.0 ssil -3563.427734
.
