#!MLF!#
"/net/aistaff/aki/_same-utterance/wav/10/Limburg/2339-1449326298-277926.rec"
0.0 775.0 ssil -9197.399414 ZACHT
775.0 875.0 z -1310.611206
875.0 980.0 ac -1237.348389
980.0 1095.0 x -1541.802124
1095.0 1110.0 ssil -197.013184
1110.0 1165.0 ssil -695.927734 KNORT
1165.0 1230.0 k -939.628357
1230.0 1290.0 n -835.512390
1290.0 1365.0 oc -990.018494
1365.0 1410.0 r -630.837830
1410.0 1445.0 ssil -499.246826
1445.0 1460.0 ssil -228.925568 HET
1460.0 1505.0 h -568.291138
1505.0 1580.0 ec -988.071167
1580.0 1595.0 t -240.162186
1595.0 1620.0 ssil -329.022675
1620.0 1660.0 ssil -474.377563 VARKEN
1660.0 1735.0 v -984.861938
1735.0 1795.0 ac -672.866333
1795.0 1870.0 r -991.119202
1870.0 1890.0 k -309.201843
1890.0 1920.0 @ -409.836548
1920.0 1950.0 ssil -394.952637
1950.0 1975.0 ssil -341.672791 IN
1975.0 2135.0 ic -2017.746338
2135.0 2220.0 n -904.507629
2220.0 2235.0 ssil -222.017914
2235.0 2250.0 ssil -253.768677 DE
2250.0 2265.0 d -221.261642
2265.0 2330.0 @ -711.400818
2330.0 2345.0 ssil -188.746658
2345.0 2360.0 ssil -179.041595 WEI
2360.0 2395.0 w -394.393311
2395.0 2565.0 ei -1858.013550
2565.0 2580.0 ssil -211.177567
2580.0 2605.0 ssil -316.961975 EEN
2605.0 2675.0 @ -901.013306
2675.0 2750.0 ssil -893.204163
2750.0 2855.0 ssil -1263.093628 KARAKTERISTIEK
2855.0 2895.0 k -595.845032
2895.0 2910.0 ac -257.833649
2910.0 2925.0 r -238.283600
2925.0 2940.0 ac -236.178207
2940.0 3060.0 k -1748.719604
3060.0 3075.0 t -210.461685
3075.0 3105.0 @ -376.100067
3105.0 3125.0 r -232.267929
3125.0 3145.0 @ -236.433823
3145.0 3180.0 s -533.513489
3180.0 3195.0 t -234.578415
3195.0 3210.0 i -251.312393
3210.0 3305.0 k -1411.662354
3305.0 3335.0 ssil -398.781708
3335.0 3495.0 ssil -2039.589111 GELUID
3495.0 3555.0 gc -873.454834
3555.0 3585.0 l -432.549103
3585.0 3600.0 ui -257.547089
3600.0 3640.0 t -605.453308
3640.0 4155.0 ssil -6038.176758
.
