#!MLF!#
"/net/aistaff/aki/_same-utterance/wav/10/Limburg/4782-1451327234-805150.rec"
0.0 465.0 ssil -5618.764160 ZACHT
465.0 625.0 z -2079.925293
625.0 765.0 ac -1788.831909
765.0 860.0 x -1281.300903
860.0 955.0 t -1290.098877
955.0 1010.0 ssil -654.351501
1010.0 1070.0 ssil -694.224121 KNORT
1070.0 1130.0 k -932.933777
1130.0 1180.0 n -767.146423
1180.0 1265.0 oc -1158.754883
1265.0 1280.0 r -206.444229
1280.0 1295.0 ssil -205.552750
1295.0 1310.0 ssil -221.031601 HET
1310.0 1325.0 h -211.635773
1325.0 1340.0 ec -255.056976
1340.0 1385.0 t -608.753174
1385.0 1440.0 ssil -739.403931
1440.0 1535.0 ssil -1189.691772 VARKEN
1535.0 1605.0 f -853.170593
1605.0 1680.0 ac -889.983765
1680.0 1725.0 r -616.608521
1725.0 1740.0 k -230.141556
1740.0 1755.0 @ -212.714233
1755.0 1800.0 ssil -605.911438
1800.0 1835.0 ssil -512.760864 IN
1835.0 2005.0 ic -2139.972168
2005.0 2120.0 n -1441.213257
2120.0 2135.0 ssil -214.747467
2135.0 2150.0 ssil -199.381149 DE
2150.0 2170.0 d -257.682129
2170.0 2190.0 @ -229.950821
2190.0 2205.0 ssil -176.792450
2205.0 2220.0 ssil -199.182144 WEI
2220.0 2255.0 w -465.252319
2255.0 2590.0 ei -3979.551758
2590.0 2880.0 ssil -3253.766846
2880.0 3160.0 ssil -3236.315674 EEN
3160.0 3200.0 @ -469.519073
3200.0 3255.0 n -693.614319
3255.0 3280.0 ssil -305.905945
3280.0 3295.0 ssil -221.438751 KARAKTERISTIEK
3295.0 3340.0 k -647.203674
3340.0 3495.0 ac -1987.106323
3495.0 3515.0 r -291.460785
3515.0 3565.0 ac -707.625000
3565.0 3585.0 k -294.879272
3585.0 3625.0 t -557.214172
3625.0 3650.0 @ -320.559509
3650.0 3665.0 r -198.596237
3665.0 3760.0 @ -1151.787231
3760.0 3945.0 s -2362.533691
3945.0 3975.0 t -504.563965
3975.0 4085.0 i -1474.594849
4085.0 4110.0 k -369.927460
4110.0 4125.0 ssil -202.297012
4125.0 4140.0 ssil -201.203583 GELUID
4140.0 4200.0 gc -799.084900
4200.0 4250.0 @ -717.030640
4250.0 4325.0 l -933.447815
4325.0 4540.0 ui -2525.018555
4540.0 4670.0 t -1656.360229
4670.0 5320.0 ssil -7326.626953
.
