#!MLF!#
"/net/aistaff/aki/_same-utterance/wav/10/Limburg/4851-1452296887-837277.rec"
0.0 680.0 ssil -8020.662109 ZACHT
680.0 825.0 z -1851.066284
825.0 930.0 ac -1228.029175
930.0 1070.0 x -1998.216675
1070.0 1120.0 t -730.894043
1120.0 1140.0 ssil -294.233887
1140.0 1185.0 ssil -560.911560 KNORT
1185.0 1240.0 k -771.191345
1240.0 1305.0 n -885.194153
1305.0 1385.0 oc -1027.781616
1385.0 1400.0 r -245.008102
1400.0 1435.0 ssil -527.121033
1435.0 1510.0 ssil -1148.602051 HET
1510.0 1535.0 h -358.964966
1535.0 1550.0 ec -203.440643
1550.0 1610.0 t -822.465820
1610.0 1685.0 ssil -1050.649902
1685.0 1735.0 ssil -710.791077 VARKEN
1735.0 1840.0 f -1286.206787
1840.0 1940.0 ac -1130.938843
1940.0 2000.0 r -814.108948
2000.0 2015.0 k -220.403687
2015.0 2030.0 @ -214.678177
2030.0 2080.0 ssil -663.866333
2080.0 2100.0 ssil -307.883972 IN
2100.0 2265.0 ic -2028.143677
2265.0 2300.0 n -386.261841
2300.0 2315.0 ssil -206.645432
2315.0 2330.0 ssil -219.759766 DE
2330.0 2345.0 d -208.739288
2345.0 2385.0 @ -472.073944
2385.0 2400.0 ssil -189.652206
2400.0 2415.0 ssil -185.952469 WEI
2415.0 2470.0 w -634.082520
2470.0 2840.0 ei -3938.889648
2840.0 2940.0 ssil -1168.450928
2940.0 3185.0 ssil -2783.534180 EEN
3185.0 3240.0 n -719.741211
3240.0 3260.0 ssil -260.739197
3260.0 3280.0 ssil -242.318985 KARAKTERISTIEK
3280.0 3350.0 k -1005.817139
3350.0 3520.0 ac -2039.775269
3520.0 3535.0 r -223.762680
3535.0 3615.0 ac -1056.023560
3615.0 3630.0 k -234.935059
3630.0 3655.0 t -370.887421
3655.0 3685.0 @ -373.784576
3685.0 3720.0 r -490.140106
3720.0 3765.0 @ -597.435486
3765.0 3915.0 s -1927.707642
3915.0 3955.0 t -677.620667
3955.0 4065.0 i -1525.246460
4065.0 4080.0 k -241.813309
4080.0 4105.0 ssil -375.233643
4105.0 4125.0 ssil -300.332703 GELUID
4125.0 4175.0 x -699.461243
4175.0 4205.0 @ -414.275208
4205.0 4310.0 l -1240.990601
4310.0 4550.0 ui -2802.049316
4550.0 4625.0 t -983.519470
4625.0 4970.0 ssil -4000.644287
.
