#!MLF!#
"/net/aistaff/aki/_same-utterance/wav/10/Limburg/5203-1453481228-919597.rec"
0.0 515.0 ssil -5872.238281 ZACHT
515.0 645.0 z -1727.715332
645.0 765.0 ac -1538.800049
765.0 805.0 x -564.486450
805.0 900.0 ssil -1615.194214
900.0 915.0 ssil -212.303894 KNORT
915.0 1005.0 k -1401.672241
1005.0 1020.0 n -266.813293
1020.0 1095.0 oc -1094.493286
1095.0 1115.0 r -307.974213
1115.0 1140.0 ssil -343.397614
1140.0 1170.0 ssil -461.675446 HET
1170.0 1185.0 h -243.134399
1185.0 1220.0 ec -558.842773
1220.0 1270.0 t -762.168518
1270.0 1315.0 ssil -585.805664
1315.0 1340.0 ssil -344.513611 VARKEN
1340.0 1375.0 f -501.763306
1375.0 1490.0 ac -1595.242676
1490.0 1515.0 r -362.157501
1515.0 1530.0 k -219.153259
1530.0 1545.0 @ -233.890060
1545.0 1605.0 ssil -904.743652
1605.0 1630.0 ssil -361.785431 IN
1630.0 1730.0 ic -1492.767456
1730.0 1785.0 n -645.761658
1785.0 1800.0 ssil -225.817459
1800.0 1815.0 ssil -212.419113 DE
1815.0 1830.0 d -212.411652
1830.0 1880.0 @ -606.191162
1880.0 1895.0 ssil -204.530640
1895.0 1910.0 ssil -208.956055 WEI
1910.0 1925.0 w -194.583801
1925.0 2315.0 ei -4315.106934
2315.0 2335.0 ssil -256.699768
2335.0 2370.0 ssil -567.914490 EEN
2370.0 2430.0 n -766.332825
2430.0 2445.0 ssil -231.135605
2445.0 2460.0 ssil -247.764236 KARAKTERISTIEK
2460.0 2510.0 k -845.065247
2510.0 2595.0 ac -1029.266357
2595.0 2610.0 r -214.332565
2610.0 2740.0 ac -1656.167725
2740.0 2755.0 k -230.715240
2755.0 2800.0 t -664.367981
2800.0 2830.0 @ -385.346863
2830.0 2845.0 r -198.384354
2845.0 2905.0 @ -844.086304
2905.0 3000.0 s -1327.152466
3000.0 3070.0 t -966.140625
3070.0 3140.0 i -995.022888
3140.0 3165.0 k -429.218109
3165.0 3180.0 ssil -214.394867
3180.0 3195.0 ssil -200.899246 GELUID
3195.0 3250.0 gc -760.651733
3250.0 3320.0 l -867.899475
3320.0 3540.0 ui -2621.550781
3540.0 3610.0 t -1042.955566
3610.0 4435.0 ssil -10318.618164
.
