#!MLF!#
"/net/aistaff/aki/_same-utterance/wav/10/Limburg/5418-1454011229-992912.rec"
0.0 580.0 ssil -6880.398438 ZACHT
580.0 735.0 s -2010.950195
735.0 845.0 ac -1386.933228
845.0 975.0 x -1676.240723
975.0 1065.0 t -1289.135498
1065.0 1090.0 ssil -314.903656
1090.0 1110.0 ssil -254.941208 KNORT
1110.0 1155.0 k -632.400513
1155.0 1235.0 n -1157.892578
1235.0 1305.0 oc -886.604309
1305.0 1340.0 r -446.445557
1340.0 1365.0 ssil -395.337311
1365.0 1450.0 ssil -1211.196289 HET
1450.0 1465.0 h -202.948013
1465.0 1550.0 ec -1126.942871
1550.0 1570.0 t -283.637512
1570.0 1585.0 ssil -204.513214
1585.0 1615.0 ssil -377.586487 VARKEN
1615.0 1730.0 f -1351.871338
1730.0 1830.0 ac -1061.365723
1830.0 1915.0 r -1192.958130
1915.0 1930.0 k -212.686890
1930.0 1955.0 @ -307.281738
1955.0 2000.0 ssil -647.864868
2000.0 2020.0 ssil -283.416016 IN
2020.0 2175.0 ic -1917.516846
2175.0 2260.0 n -1013.699524
2260.0 2295.0 ssil -451.462646
2295.0 2310.0 ssil -193.582687 DE
2310.0 2330.0 d -264.893524
2330.0 2345.0 ssil -204.221100
2345.0 2360.0 ssil -208.544281 WEI
2360.0 2375.0 w -202.090836
2375.0 2670.0 ei -3301.790527
2670.0 2695.0 ssil -343.767487
2695.0 3270.0 ssil -6606.700684 EEN
3270.0 3300.0 @ -404.477936
3300.0 3350.0 n -638.156921
3350.0 3365.0 ssil -216.206116
3365.0 3380.0 ssil -236.523956 KARAKTERISTIEK
3380.0 3430.0 k -702.274658
3430.0 3615.0 a -2142.771484
3615.0 3655.0 r -531.717773
3655.0 3710.0 ac -748.861816
3710.0 3725.0 k -223.205917
3725.0 3775.0 t -710.117188
3775.0 3800.0 @ -340.851440
3800.0 3840.0 r -513.640747
3840.0 3900.0 @ -754.391846
3900.0 4035.0 s -1573.353760
4035.0 4075.0 t -524.499878
4075.0 4225.0 i -1958.499023
4225.0 4285.0 k -852.446594
4285.0 4305.0 ssil -246.932526
4305.0 4360.0 ssil -676.970642 GELUID
4360.0 4385.0 gc -370.987091
4385.0 4400.0 @ -212.678116
4400.0 4480.0 l -1030.971436
4480.0 4670.0 ui -2208.583252
4670.0 4835.0 t -2137.903320
4835.0 5900.0001 ssil -12742.453125
.
