#!MLF!#
"/net/aistaff/aki/_same-utterance/wav/10/Limburg/5476-1454011597-998120.rec"
0.0 585.0 ssil -6954.279785 ZACHT
585.0 670.0 z -1056.811157
670.0 795.0 ac -1402.754028
795.0 915.0 x -1659.684326
915.0 990.0 t -986.441162
990.0 1010.0 ssil -272.071930
1010.0 1050.0 ssil -505.948242 KNORT
1050.0 1105.0 k -766.550781
1105.0 1170.0 n -805.711365
1170.0 1270.0 oc -1348.983276
1270.0 1305.0 r -500.216339
1305.0 1380.0 t -1060.578003
1380.0 1400.0 ssil -290.448364
1400.0 1415.0 ssil -247.621841 HET
1415.0 1430.0 h -257.528107
1430.0 1445.0 ec -232.212936
1445.0 1490.0 t -632.941040
1490.0 1505.0 ssil -204.036255
1505.0 1525.0 ssil -274.565796 VARKEN
1525.0 1580.0 f -753.278503
1580.0 1665.0 ac -1007.795471
1665.0 1730.0 r -870.932556
1730.0 1745.0 k -224.869492
1745.0 1775.0 @ -398.208893
1775.0 1790.0 ssil -224.821274
1790.0 1825.0 ssil -516.712463 IN
1825.0 1950.0 ic -1515.619751
1950.0 2020.0 n -825.501099
2020.0 2035.0 ssil -191.147552
2035.0 2050.0 ssil -208.637329 DE
2050.0 2065.0 d -204.961761
2065.0 2135.0 @ -761.408264
2135.0 2150.0 ssil -171.360168
2150.0 2165.0 ssil -173.799805 WEI
2165.0 2180.0 w -171.896759
2180.0 2435.0 ei -2582.937500
2435.0 2620.0 ssil -2089.124512
2620.0 2975.0 ssil -4363.270508 EEN
2975.0 3015.0 @ -519.580444
3015.0 3055.0 ssil -555.675171
3055.0 3075.0 ssil -268.153534 KARAKTERISTIEK
3075.0 3130.0 k -782.013733
3130.0 3210.0 ac -963.053467
3210.0 3365.0 r -1973.043701
3365.0 3390.0 ac -329.927612
3390.0 3410.0 k -284.858704
3410.0 3465.0 t -740.623474
3465.0 3510.0 @ -528.389160
3510.0 3545.0 r -464.885193
3545.0 3575.0 @ -443.842194
3575.0 3700.0 s -1510.787964
3700.0 3745.0 t -585.848206
3745.0 3820.0 i -966.879517
3820.0 3835.0 k -212.694717
3835.0 3880.0 ssil -570.846741
3880.0 3910.0 ssil -381.209808 GELUID
3910.0 3975.0 gc -913.876770
3975.0 4015.0 @ -526.777283
4015.0 4070.0 l -655.033447
4070.0 4335.0 ui -2968.022217
4335.0 4420.0 t -1108.852905
4420.0 5110.0 ssil -8549.030273
.
