#!MLF!#
"/net/aistaff/aki/_same-utterance/wav/10/Limburg/5981-1463949318-1845540.rec"
0.0 915.0 ssil -10908.828125 ZACHT
915.0 1075.0 z -2063.912842
1075.0 1165.0 ac -1223.884277
1165.0 1300.0 x -2034.517334
1300.0 1370.0 t -1058.933472
1370.0 1385.0 ssil -198.494446
1385.0 1415.0 ssil -361.634491 KNORT
1415.0 1475.0 k -888.843079
1475.0 1530.0 n -722.763428
1530.0 1620.0 oc -1137.887329
1620.0 1635.0 r -239.113846
1635.0 1650.0 ssil -230.697830
1650.0 1750.0 ssil -1289.425293 HET
1750.0 1770.0 h -256.147766
1770.0 1860.0 ec -1273.503906
1860.0 1900.0 t -579.692383
1900.0 1915.0 ssil -200.085297
1915.0 1940.0 ssil -333.705872 VARKEN
1940.0 2000.0 f -783.340027
2000.0 2085.0 ac -1097.071655
2085.0 2145.0 r -881.623230
2145.0 2230.0 k -1219.576172
2230.0 2260.0 @ -393.969177
2260.0 2295.0 n -467.721710
2295.0 2310.0 ssil -213.502380
2310.0 2325.0 ssil -191.331207 IN
2325.0 2380.0 ic -556.067810
2380.0 2450.0 n -864.744995
2450.0 2465.0 ssil -244.668045
2465.0 2480.0 ssil -265.822357 DE
2480.0 2495.0 d -219.417175
2495.0 2510.0 @ -212.889923
2510.0 2525.0 ssil -224.300354
2525.0 2540.0 ssil -208.622162 WEI
2540.0 2600.0 w -764.131470
2600.0 2935.0 ei -3861.329834
2935.0 3105.0 ssil -2236.846924
3105.0 3135.0 ssil -445.012390 EEN
3135.0 3195.0 n -879.300110
3195.0 3210.0 ssil -190.521790
3210.0 3225.0 ssil -168.675201 KARAKTERISTIEK
3225.0 3295.0 k -981.408508
3295.0 3370.0 a -995.368530
3370.0 3500.0 r -1897.607666
3500.0 3550.0 ac -690.378174
3550.0 3620.0 k -947.979980
3620.0 3680.0 t -800.985779
3680.0 3695.0 @ -209.146759
3695.0 3710.0 r -200.648941
3710.0 3725.0 @ -223.126419
3725.0 3855.0 s -1579.695923
3855.0 3920.0 t -967.375061
3920.0 4040.0 i -1754.328979
4040.0 4120.0 k -1099.542358
4120.0 4135.0 ssil -208.819138
4135.0 4150.0 ssil -229.079956 GELUID
4150.0 4180.0 x -455.327911
4180.0 4205.0 @ -355.945923
4205.0 4300.0 l -1303.636108
4300.0 4440.0 ui -1652.581177
4440.0 4590.0 t -1978.851807
4590.0 5085.0 ssil -6036.579102
.
