#!MLF!#
"/net/aistaff/aki/_same-utterance/wav/10/Limburg/7543-1455206101-1422683.rec"
0.0 635.0 ssil -6649.499512 ZACHT
635.0 790.0 z -2168.203613
790.0 920.0 ac -1669.876709
920.0 1040.0 x -1656.624756
1040.0 1105.0 t -953.852783
1105.0 1130.0 ssil -390.834076
1130.0 1165.0 ssil -456.540100 KNORT
1165.0 1245.0 k -1160.255249
1245.0 1315.0 n -952.635803
1315.0 1435.0 oc -1695.541870
1435.0 1465.0 r -488.215576
1465.0 1530.0 ssil -1050.511597
1530.0 1565.0 ssil -526.452759 HET
1565.0 1595.0 h -416.805206
1595.0 1625.0 ec -436.356567
1625.0 1705.0 t -1133.412842
1705.0 1720.0 ssil -195.104584
1720.0 1735.0 ssil -183.772354 VARKEN
1735.0 1795.0 f -716.995789
1795.0 1950.0 ac -1939.649414
1950.0 2040.0 r -1288.014404
2040.0 2070.0 k -447.175995
2070.0 2100.0 @ -384.435028
2100.0 2180.0 n -1039.873291
2180.0 2195.0 ssil -201.578781
2195.0 2225.0 ssil -385.796661 IN
2225.0 2265.0 ic -489.417511
2265.0 2345.0 n -862.311279
2345.0 2360.0 ssil -232.100891
2360.0 2375.0 ssil -203.615829 DE
2375.0 2390.0 d -187.771240
2390.0 2425.0 @ -396.857239
2425.0 2440.0 ssil -180.061890
2440.0 2455.0 ssil -191.068466 WEI
2455.0 2480.0 w -266.194885
2480.0 2810.0 ei -3747.102783
2810.0 3285.0 ssil -5390.434570
3285.0 3315.0 ssil -447.110901 EEN
3315.0 3385.0 n -904.546387
3385.0 3405.0 ssil -338.485199
3405.0 3420.0 ssil -223.183563 KARAKTERISTIEK
3420.0 3505.0 k -1122.650269
3505.0 3750.0 ac -2973.407227
3750.0 3780.0 r -426.566620
3780.0 3870.0 ac -1116.607422
3870.0 3890.0 k -277.680969
3890.0 3940.0 t -680.888916
3940.0 3960.0 @ -245.564636
3960.0 4045.0 r -1183.061035
4045.0 4085.0 @ -560.610718
4085.0 4190.0 s -1345.453979
4190.0 4255.0 t -843.678650
4255.0 4400.0 i -1818.109619
4400.0 4475.0 k -1092.607178
4475.0 4515.0 ssil -578.883972
4515.0 4575.0 ssil -759.636475 GELUID
4575.0 4625.0 x -699.014954
4625.0 4700.0 @ -1087.570435
4700.0 4740.0 l -591.403931
4740.0 4980.0 ui -2661.368896
4980.0 5025.0 t -588.089722
5025.0 5525.0 ssil -5638.590820
.
