#!MLF!#
"/net/aistaff/aki/_same-utterance/wav/10/Limburg/8295-1457732729-1605295.rec"
0.0 370.0 ssil -4378.210938 ZACHT
370.0 505.0 s -1639.503540
505.0 655.0 ac -1960.629028
655.0 705.0 x -742.812805
705.0 810.0 t -1344.470093
810.0 840.0 ssil -376.487274
840.0 880.0 ssil -500.092407 KNORT
880.0 960.0 k -1182.398682
960.0 985.0 n -382.756104
985.0 1085.0 oc -1314.562744
1085.0 1145.0 r -863.705322
1145.0 1200.0 t -722.738647
1200.0 1215.0 ssil -213.315979
1215.0 1230.0 ssil -217.807007 HET
1230.0 1250.0 h -229.969757
1250.0 1295.0 ec -506.671387
1295.0 1355.0 t -810.643127
1355.0 1370.0 ssil -187.922882
1370.0 1385.0 ssil -182.776810 VARKEN
1385.0 1480.0 f -1148.461426
1480.0 1575.0 ac -1282.572510
1575.0 1655.0 r -1084.156250
1655.0 1675.0 k -294.787506
1675.0 1690.0 @ -223.662888
1690.0 1715.0 ssil -344.372162
1715.0 1740.0 ssil -359.797455 IN
1740.0 1910.0 ic -2079.380371
1910.0 1970.0 n -605.969971
1970.0 1985.0 ssil -186.327606
1985.0 2000.0 ssil -218.238968 DE
2000.0 2015.0 d -208.224792
2015.0 2050.0 @ -400.137634
2050.0 2065.0 ssil -191.147308
2065.0 2080.0 ssil -179.267212 WEI
2080.0 2170.0 w -1007.247803
2170.0 2430.0 ei -2998.085449
2430.0 2455.0 ssil -308.667175
2455.0 2840.0 ssil -4572.667969 EEN
2840.0 2935.0 @ -1089.446777
2935.0 3050.0 n -1372.328003
3050.0 3075.0 ssil -269.291595
3075.0 3100.0 ssil -298.278076 KARAKTERISTIEK
3100.0 3160.0 k -872.900879
3160.0 3270.0 ac -1284.072998
3270.0 3300.0 r -371.866028
3300.0 3475.0 ac -2153.646240
3475.0 3490.0 k -233.507156
3490.0 3535.0 t -585.830017
3535.0 3600.0 @ -746.737976
3600.0 3625.0 r -309.727783
3625.0 3690.0 @ -756.575195
3690.0 3810.0 s -1506.857422
3810.0 3865.0 t -761.322571
3865.0 3965.0 i -1356.593628
3965.0 4000.0 k -515.436829
4000.0 4015.0 ssil -228.483124
4015.0 4085.0 ssil -887.572021 GELUID
4085.0 4120.0 x -457.789520
4120.0 4145.0 @ -361.437408
4145.0 4225.0 l -940.882141
4225.0 4425.0 ui -2130.482178
4425.0 4610.0 t -2417.546631
4610.0 5110.0 ssil -6067.030273
.
