#!MLF!#
"/net/aistaff/aki/_same-utterance/wav/10/Limburg/8668-1458205686-1671910.rec"
0.0 510.0 ssil -5405.505371 ZACHT
510.0 670.0 s -1990.491821
670.0 760.0 ac -1129.209595
760.0 830.0 x -1011.135498
830.0 870.0 t -561.071289
870.0 885.0 ssil -225.493057
885.0 910.0 ssil -405.114838 KNORT
910.0 965.0 k -809.560364
965.0 1005.0 n -598.923279
1005.0 1065.0 oc -658.125549
1065.0 1085.0 r -296.141144
1085.0 1100.0 ssil -261.290619
1100.0 1115.0 ssil -267.625671 HET
1115.0 1130.0 h -281.649078
1130.0 1145.0 ec -255.159683
1145.0 1170.0 t -382.319214
1170.0 1185.0 ssil -218.033005
1185.0 1210.0 ssil -340.883698 VARKEN
1210.0 1310.0 f -1193.467896
1310.0 1415.0 ac -1072.532837
1415.0 1495.0 r -1219.836304
1495.0 1545.0 k -746.800842
1545.0 1600.0 @ -601.138062
1600.0 1615.0 ssil -193.474533
1615.0 1630.0 ssil -201.501953 IN
1630.0 1645.0 n -177.182251
1645.0 1660.0 ssil -188.623489
1660.0 1675.0 ssil -218.708344 DE
1675.0 1690.0 d -214.621643
1690.0 2015.0 @ -3492.538574
2015.0 2155.0 ssil -1772.684692
2155.0 2180.0 ssil -373.248779 WEI
2180.0 2235.0 w -741.402039
2235.0 2285.0 ei -674.801880
2285.0 2300.0 ssil -211.600250
2300.0 2315.0 ssil -207.554031 EEN
2315.0 2330.0 @ -209.504807
2330.0 2345.0 ssil -205.175247
2345.0 2360.0 ssil -235.958649 KARAKTERISTIEK
2360.0 2405.0 k -700.100647
2405.0 2505.0 a -1119.090088
2505.0 2585.0 r -1167.968018
2585.0 2605.0 ac -307.008850
2605.0 2620.0 k -260.526306
2620.0 2650.0 t -425.271820
2650.0 2695.0 @ -534.907227
2695.0 2735.0 r -482.821136
2735.0 2815.0 @ -832.205322
2815.0 2885.0 s -978.388123
2885.0 2950.0 t -966.627930
2950.0 2975.0 i -392.427277
2975.0 3085.0 k -1542.962524
3085.0 3100.0 ssil -233.054810
3100.0 3115.0 ssil -249.180115 GELUID
3115.0 3135.0 x -309.881409
3135.0 3165.0 @ -389.940765
3165.0 3210.0 l -555.628235
3210.0 3380.0 ui -1816.562256
3380.0 3445.0 t -927.237610
3445.0 4295.0 ssil -10712.531250
.
