#!MLF!#
"/net/aistaff/aki/_same-utterance/wav/10/Limburg/8788-1457956585-1641942.rec"
0.0 810.0 ssil -10076.958008 ZACHT
810.0 920.0 s -1400.358887
920.0 1005.0 ac -1106.758667
1005.0 1070.0 x -857.259888
1070.0 1140.0 ssil -1035.276855
1140.0 1175.0 ssil -534.200378 KNORT
1175.0 1215.0 k -578.042908
1215.0 1260.0 n -615.916992
1260.0 1345.0 oc -1058.095093
1345.0 1375.0 r -407.515656
1375.0 1395.0 ssil -284.910492
1395.0 1415.0 ssil -285.592773 HET
1415.0 1430.0 h -195.210144
1430.0 1450.0 ec -293.281158
1450.0 1505.0 t -743.923401
1505.0 1570.0 ssil -973.799988
1570.0 1615.0 ssil -703.748657 VARKEN
1615.0 1710.0 f -1215.355103
1710.0 1825.0 ac -1387.170776
1825.0 1945.0 r -1702.942505
1945.0 2000.0 k -832.027893
2000.0 2015.0 @ -195.581055
2015.0 2030.0 ssil -209.121460
2030.0 2045.0 ssil -208.504318 IN
2045.0 2190.0 ic -1985.493774
2190.0 2230.0 n -507.053650
2230.0 2245.0 ssil -219.045883
2245.0 2260.0 ssil -236.254547 DE
2260.0 2285.0 d -322.517242
2285.0 2355.0 @ -761.233337
2355.0 2370.0 ssil -193.638824
2370.0 2385.0 ssil -195.171799 WEI
2385.0 2400.0 w -198.751602
2400.0 2655.0 ei -3024.437012
2655.0 2730.0 ssil -1050.788696
2730.0 3050.0 ssil -3610.128906 EEN
3050.0 3125.0 n -979.579956
3125.0 3140.0 ssil -192.197449
3140.0 3155.0 ssil -190.899185 KARAKTERISTIEK
3155.0 3210.0 k -795.576416
3210.0 3370.0 ac -2038.609375
3370.0 3425.0 r -732.221069
3425.0 3445.0 ac -274.905426
3445.0 3460.0 k -237.958328
3460.0 3515.0 t -786.530396
3515.0 3540.0 @ -358.454651
3540.0 3555.0 r -226.750214
3555.0 3605.0 @ -719.926331
3605.0 3735.0 s -1656.459473
3735.0 3795.0 t -939.759521
3795.0 3900.0 i -1389.226807
3900.0 3950.0 k -692.419739
3950.0 4020.0 ssil -930.663269
4020.0 4080.0 ssil -769.340515 GELUID
4080.0 4205.0 gc -1716.094849
4205.0 4235.0 @ -404.540405
4235.0 4330.0 l -1224.482422
4330.0 4520.0 ui -2465.201172
4520.0 4615.0 t -1231.036011
4615.0 5505.0 ssil -10088.621094
.
