#!MLF!#
"/net/aistaff/aki/_same-utterance/wav/10/Limburg/9096-1459551500-1725763.rec"
0.0 615.0 ssil -7044.419434 ZACHT
615.0 735.0 s -1687.514771
735.0 910.0 ac -2159.677734
910.0 955.0 x -642.821838
955.0 1015.0 ssil -843.332703
1015.0 1060.0 ssil -692.083130 KNORT
1060.0 1185.0 k -1907.606812
1185.0 1230.0 n -691.335754
1230.0 1370.0 oc -1690.797852
1370.0 1405.0 r -494.050232
1405.0 1430.0 ssil -353.354095
1430.0 1500.0 ssil -948.053223 HET
1500.0 1550.0 h -600.470215
1550.0 1645.0 ec -1243.880859
1645.0 1660.0 t -245.164307
1660.0 1675.0 ssil -200.771500
1675.0 1690.0 ssil -188.196808 VARKEN
1690.0 1760.0 v -863.500061
1760.0 1860.0 ac -1151.602783
1860.0 1925.0 r -810.923401
1925.0 1940.0 k -226.095795
1940.0 1965.0 @ -347.688385
1965.0 1980.0 ssil -232.780945
1980.0 2000.0 ssil -310.217346 IN
2000.0 2120.0 ic -1516.115234
2120.0 2195.0 n -858.811829
2195.0 2210.0 ssil -221.536407
2210.0 2225.0 ssil -208.170944 DE
2225.0 2240.0 d -216.651535
2240.0 2255.0 ssil -209.132309
2255.0 2270.0 ssil -225.371933 WEI
2270.0 2345.0 w -850.197327
2345.0 2615.0 ei -3119.088379
2615.0 2685.0 ssil -849.324341
2685.0 2960.0 ssil -3248.253906 EEN
2960.0 3010.0 @ -742.382996
3010.0 3050.0 n -503.323547
3050.0 3065.0 ssil -242.130173
3065.0 3085.0 ssil -312.938690 KARAKTERISTIEK
3085.0 3150.0 k -961.747864
3150.0 3285.0 ac -1447.219238
3285.0 3435.0 r -1685.908447
3435.0 3475.0 ac -514.314941
3475.0 3495.0 k -328.315369
3495.0 3510.0 t -241.285126
3510.0 3525.0 @ -210.863678
3525.0 3560.0 r -511.118134
3560.0 3625.0 @ -831.948120
3625.0 3790.0 s -2227.050049
3790.0 3815.0 t -390.230255
3815.0 3950.0 i -1675.021973
3950.0 3965.0 k -217.006287
3965.0 3980.0 ssil -196.777527
3980.0 3995.0 ssil -201.835464 GELUID
3995.0 4105.0 x -1371.526001
4105.0 4140.0 @ -473.627258
4140.0 4235.0 l -1207.206909
4235.0 4455.0 ui -2929.597412
4455.0 4490.0 t -482.344177
4490.0 5575.0 ssil -13789.493164
.
