#!MLF!#
"/net/aistaff/aki/_same-utterance/wav/10/Limburg/9114-1459951174-1745140.rec"
0.0 560.0 ssil -6286.075195 ZACHT
560.0 695.0 z -1790.335815
695.0 835.0 ac -1852.136230
835.0 905.0 x -1016.159668
905.0 980.0 ssil -1120.501831
980.0 995.0 ssil -247.542755 KNORT
995.0 1035.0 k -634.657898
1035.0 1075.0 n -601.234436
1075.0 1185.0 oc -1431.419189
1185.0 1200.0 r -225.992615
1200.0 1215.0 ssil -218.970779
1215.0 1230.0 ssil -210.608200 HET
1230.0 1245.0 h -222.060196
1245.0 1270.0 ec -361.395264
1270.0 1305.0 t -493.803101
1305.0 1390.0 ssil -1234.991089
1390.0 1470.0 ssil -1032.987061 VARKEN
1470.0 1510.0 f -542.487061
1510.0 1675.0 ac -2089.266602
1675.0 1700.0 r -352.968475
1700.0 1715.0 k -226.384415
1715.0 1740.0 @ -362.515900
1740.0 1765.0 ssil -392.071045
1765.0 1785.0 ssil -296.057983 IN
1785.0 1925.0 ic -1700.222412
1925.0 2025.0 n -1135.872192
2025.0 2040.0 ssil -207.716370
2040.0 2055.0 ssil -200.270203 DE
2055.0 2070.0 d -187.161545
2070.0 2105.0 @ -374.697235
2105.0 2120.0 ssil -186.039383
2120.0 2135.0 ssil -185.610580 WEI
2135.0 2210.0 w -856.983398
2210.0 2595.0 ei -4444.245605
2595.0 2615.0 ssil -243.598526
2615.0 2735.0 ssil -1421.053345 EEN
2735.0 2780.0 @ -562.487122
2780.0 2845.0 n -785.425110
2845.0 2865.0 ssil -322.394348
2865.0 2895.0 ssil -397.835266 KARAKTERISTIEK
2895.0 2950.0 k -805.194885
2950.0 3020.0 ac -910.656738
3020.0 3040.0 r -271.859558
3040.0 3205.0 ac -2233.284180
3205.0 3220.0 k -249.595779
3220.0 3250.0 t -395.224091
3250.0 3295.0 @ -505.906372
3295.0 3310.0 r -186.094009
3310.0 3405.0 @ -1067.838379
3405.0 3505.0 s -1307.954590
3505.0 3550.0 t -625.128357
3550.0 3685.0 i -1849.633789
3685.0 3755.0 k -973.198364
3755.0 3770.0 ssil -208.129349
3770.0 3785.0 ssil -208.937180 GELUID
3785.0 3820.0 gc -455.018372
3820.0 3870.0 @ -674.686035
3870.0 3935.0 l -807.501404
3935.0 4125.0 ui -2090.016846
4125.0 4140.0 t -220.019730
4140.0 4225.0 ssil -1122.229614
.
