#!MLF!#
"/net/aistaff/aki/_same-utterance/wav/10/Limburg/9140-1459860110-1735300.rec"
0.0 385.0 ssil -4639.804688 ZACHT
385.0 490.0 z -1450.579468
490.0 570.0 ac -931.367065
570.0 640.0 x -935.965027
640.0 655.0 ssil -193.572647
655.0 735.0 ssil -1021.854065 KNORT
735.0 785.0 k -789.680908
785.0 805.0 n -291.892822
805.0 925.0 oc -1549.799194
925.0 940.0 r -217.007187
940.0 960.0 ssil -270.159943
960.0 1020.0 ssil -836.322327 HET
1020.0 1035.0 h -214.845505
1035.0 1050.0 ec -211.471054
1050.0 1125.0 t -1080.926880
1125.0 1140.0 ssil -188.796875
1140.0 1165.0 ssil -306.805908 VARKEN
1165.0 1200.0 v -467.405548
1200.0 1280.0 ac -957.080933
1280.0 1295.0 r -256.007050
1295.0 1320.0 k -367.149750
1320.0 1335.0 @ -214.467438
1335.0 1365.0 ssil -422.279510
1365.0 1410.0 ssil -734.988403 IN
1410.0 1505.0 ic -1266.912231
1505.0 1585.0 n -923.160339
1585.0 1600.0 ssil -213.288712
1600.0 1615.0 ssil -197.824875 DE
1615.0 1630.0 d -192.086472
1630.0 1645.0 ssil -184.453949
1645.0 1660.0 ssil -192.362274 WEI
1660.0 1705.0 w -474.955719
1705.0 1935.0 ei -2448.753662
1935.0 1975.0 ssil -536.143066
1975.0 2045.0 ssil -935.973083 EEN
2045.0 2120.0 @ -1049.558228
2120.0 2140.0 ssil -278.564301
2140.0 2160.0 ssil -265.207825 KARAKTERISTIEK
2160.0 2220.0 k -912.959900
2220.0 2395.0 ac -1967.265137
2395.0 2460.0 r -852.843872
2460.0 2475.0 ac -200.760651
2475.0 2490.0 k -226.339600
2490.0 2540.0 t -717.036865
2540.0 2565.0 @ -284.576202
2565.0 2610.0 r -598.288635
2610.0 2660.0 @ -621.789673
2660.0 2725.0 s -857.831604
2725.0 2805.0 t -1146.554443
2805.0 2895.0 i -1197.067993
2895.0 2930.0 k -558.163574
2930.0 2945.0 ssil -208.063080
2945.0 2970.0 ssil -336.802643 GELUID
2970.0 3030.0 gc -850.659973
3030.0 3045.0 @ -217.273758
3045.0 3125.0 l -1105.491699
3125.0 3295.0 ui -2203.485107
3295.0 3365.0 t -1015.720947
3365.0 3460.0 ssil -1235.514160
.
