#!MLF!#
"/net/aistaff/aki/_same-utterance/wav/10/Limburg/9164-1459876332-1739883.rec"
0.0 605.0 ssil -7738.830566 ZACHT
605.0 720.0 s -1556.031982
720.0 855.0 ac -1679.464844
855.0 950.0 x -1301.691772
950.0 1025.0 t -1040.880859
1025.0 1045.0 ssil -255.239258
1045.0 1090.0 ssil -532.606567 KNORT
1090.0 1165.0 k -1106.074585
1165.0 1195.0 n -444.621857
1195.0 1240.0 oc -532.522766
1240.0 1255.0 r -218.963135
1255.0 1280.0 t -347.252533
1280.0 1340.0 ssil -805.034241
1340.0 1370.0 ssil -429.507812 HET
1370.0 1385.0 h -196.618347
1385.0 1415.0 ec -375.519196
1415.0 1470.0 t -705.802063
1470.0 1490.0 ssil -253.321655
1490.0 1505.0 ssil -195.011932 VARKEN
1505.0 1580.0 f -928.099426
1580.0 1680.0 ac -1061.197510
1680.0 1705.0 r -341.541199
1705.0 1730.0 k -347.868958
1730.0 1745.0 @ -221.276901
1745.0 1775.0 ssil -447.871765
1775.0 1800.0 ssil -356.192230 IN
1800.0 1845.0 ic -632.532104
1845.0 1975.0 n -1602.373169
1975.0 1990.0 ssil -209.343536
1990.0 2005.0 ssil -201.076324 DE
2005.0 2020.0 d -208.645920
2020.0 2035.0 ssil -192.013977
2035.0 2050.0 ssil -188.251175 WEI
2050.0 2090.0 w -437.817169
2090.0 2320.0 ei -2650.304688
2320.0 2735.0 ssil -4752.903809
2735.0 2835.0 ssil -1178.750122 EEN
2835.0 2915.0 @ -1113.152954
2915.0 2930.0 ssil -213.420868
2930.0 2945.0 ssil -194.164398 KARAKTERISTIEK
2945.0 3050.0 k -1448.301880
3050.0 3065.0 ac -194.755264
3065.0 3150.0 r -1112.505493
3150.0 3275.0 ac -1525.839966
3275.0 3290.0 k -223.889755
3290.0 3355.0 t -895.923950
3355.0 3375.0 @ -270.091614
3375.0 3425.0 r -674.639526
3425.0 3450.0 @ -354.229736
3450.0 3565.0 s -1462.463013
3565.0 3620.0 t -828.975647
3620.0 3685.0 i -971.651001
3685.0 3750.0 k -947.523438
3750.0 3765.0 ssil -205.327026
3765.0 3780.0 ssil -216.121124 GELUID
3780.0 3815.0 gc -558.804260
3815.0 3840.0 @ -322.027863
3840.0 3900.0 l -737.042725
3900.0 4110.0 ui -2501.518555
4110.0 4210.0 t -1405.280151
4210.0 4550.0 ssil -3755.185791
.
