#!MLF!#
"/net/aistaff/aki/_same-utterance/wav/10/Limburg/9179-1459987440-1747417.rec"
0.0 430.0 ssil -4006.426758 ZACHT
430.0 545.0 s -1640.515747
545.0 640.0 ac -1085.639648
640.0 755.0 x -1591.139771
755.0 770.0 ssil -193.479996
770.0 795.0 ssil -271.046173 KNORT
795.0 850.0 k -873.905090
850.0 905.0 n -712.692322
905.0 980.0 oc -903.421570
980.0 1005.0 r -345.850189
1005.0 1030.0 ssil -351.648895
1030.0 1075.0 ssil -660.420410 HET
1075.0 1090.0 h -242.597977
1090.0 1110.0 ec -330.989410
1110.0 1165.0 t -734.828613
1165.0 1180.0 ssil -206.311783
1180.0 1195.0 ssil -194.424622 VARKEN
1195.0 1325.0 f -1649.630737
1325.0 1435.0 ac -1337.865601
1435.0 1495.0 r -923.738342
1495.0 1575.0 k -1120.275757
1575.0 1630.0 @ -648.619019
1630.0 1765.0 n -1627.099121
1765.0 1785.0 ssil -235.412918
1785.0 1825.0 ssil -504.446869 IN
1825.0 1910.0 ic -1015.810913
1910.0 1945.0 n -456.063568
1945.0 1960.0 ssil -211.052872
1960.0 1975.0 ssil -198.956497 DE
1975.0 2020.0 d -595.836975
2020.0 2065.0 @ -495.248779
2065.0 2080.0 ssil -184.016525
2080.0 2095.0 ssil -185.915573 WEI
2095.0 2150.0 w -625.327637
2150.0 2380.0 ei -2540.637207
2380.0 2460.0 ssil -1006.349243
2460.0 2610.0 ssil -1867.192505 EEN
2610.0 2745.0 @ -1744.224487
2745.0 2855.0 n -1228.266357
2855.0 2950.0 ssil -1262.189575
2950.0 3015.0 ssil -735.236389 KARAKTERISTIEK
3015.0 3070.0 k -854.417358
3070.0 3110.0 a -446.138947
3110.0 3125.0 r -167.160568
3125.0 3240.0 ac -1104.747437
3240.0 3295.0 k -664.294739
3295.0 3315.0 t -297.747864
3315.0 3330.0 @ -237.865585
3330.0 3430.0 r -1382.548340
3430.0 3490.0 @ -778.032715
3490.0 3605.0 s -1572.462158
3605.0 3650.0 t -699.903992
3650.0 3725.0 i -953.663818
3725.0 3790.0 k -822.527100
3790.0 3815.0 ssil -355.369293
3815.0 3830.0 ssil -246.244995 GELUID
3830.0 3885.0 gc -878.378906
3885.0 3975.0 l -1198.117432
3975.0 4135.0 ui -1867.249268
4135.0 4175.0 t -495.554382
4175.0 4690.0 ssil -6602.481934
.
