#!MLF!#
"/net/aistaff/aki/_same-utterance/wav/10/Limburg/9240-1460554319-1761329.rec"
0.0 550.0 ssil -4972.461426 ZACHT
550.0 615.0 z -801.591553
615.0 735.0 ac -1276.313477
735.0 795.0 x -768.163757
795.0 865.0 t -1001.284912
865.0 905.0 ssil -445.372223
905.0 930.0 ssil -340.152740 KNORT
930.0 980.0 k -719.835205
980.0 1050.0 n -880.649902
1050.0 1170.0 oc -1367.704468
1170.0 1190.0 r -285.035095
1190.0 1230.0 t -585.058228
1230.0 1250.0 ssil -292.095245
1250.0 1280.0 ssil -429.508362 HET
1280.0 1295.0 h -206.350891
1295.0 1315.0 ec -288.559387
1315.0 1360.0 t -635.566833
1360.0 1375.0 ssil -215.396927
1375.0 1390.0 ssil -204.557831 VARKEN
1390.0 1465.0 f -896.759949
1465.0 1600.0 ac -1300.822754
1600.0 1620.0 r -308.631561
1620.0 1655.0 k -549.690735
1655.0 1670.0 @ -218.266922
1670.0 1685.0 ssil -200.723068
1685.0 1715.0 ssil -405.851959 IN
1715.0 1825.0 ic -1301.966553
1825.0 1845.0 n -230.872131
1845.0 1860.0 ssil -185.131851
1860.0 1875.0 ssil -209.204742 DE
1875.0 1890.0 d -190.140427
1890.0 2025.0 @ -1316.611084
2025.0 2040.0 ssil -176.295242
2040.0 2055.0 ssil -182.575317 WEI
2055.0 2080.0 w -287.547913
2080.0 2275.0 ei -2059.128906
2275.0 2390.0 ssil -1295.555054
2390.0 2820.0 ssil -5064.541992 EEN
2820.0 2840.0 @ -275.348206
2840.0 2855.0 ssil -193.139450
2855.0 2870.0 ssil -209.778381 KARAKTERISTIEK
2870.0 2930.0 k -809.600220
2930.0 3115.0 ac -2040.333374
3115.0 3230.0 r -1361.372437
3230.0 3245.0 ac -237.330566
3245.0 3265.0 k -319.682068
3265.0 3305.0 t -548.994995
3305.0 3360.0 @ -645.408508
3360.0 3380.0 r -239.758575
3380.0 3400.0 @ -270.751190
3400.0 3600.0 s -2649.091309
3600.0 3635.0 t -562.172607
3635.0 3755.0 i -1571.846802
3755.0 3810.0 k -816.845886
3810.0 3850.0 ssil -541.781921
3850.0 3880.0 ssil -393.122681 GELUID
3880.0 3980.0 gc -1282.856812
3980.0 4030.0 @ -616.676270
4030.0 4115.0 l -982.275208
4115.0 4175.0 ui -641.967407
4175.0 4190.0 t -245.112015
4190.0 4205.0 ssil -192.256378
.
