#!MLF!#
"/net/aistaff/aki/_same-utterance/wav/09/Groningen_and_Drenthe/11665-1464188599-1920309.rec"
0.0 15.0 ssil -143.815079 TAKT
15.0 30.0 t -191.692657
30.0 320.0 @ -2480.596191
320.0 335.0 k -217.510315
335.0 350.0 ssil -176.431686
350.0 380.0 ssil -373.137054 IK
380.0 395.0 k -217.050934
395.0 415.0 ssil -254.995132
415.0 430.0 ssil -181.059158 REKEN
430.0 445.0 r -168.152191
445.0 460.0 e -199.689682
460.0 475.0 k -211.958252
475.0 735.0 ssil -3036.654541
735.0 755.0 ssil -273.361084 VERWART
755.0 910.0 f -1901.286987
910.0 1015.0 ec -1225.280396
1015.0 1030.0 r -201.771118
1030.0 1150.0 w -1460.182251
1150.0 1220.0 ac -819.113708
1220.0 1300.0 r -1133.858765
1300.0 1495.0 t -2649.040527
1495.0 3390.0 ssil -24263.441406
3390.0 4915.0 ssil -17599.039062 ERUDIET
4915.0 5075.0 e -1834.895020
5075.0 5090.0 r -201.855225
5090.0 5280.0 y -2266.326660
5280.0 5360.0 d -986.586365
5360.0 5530.0 i -2075.897705
5530.0 5675.0 t -1918.580811
5675.0 7010.0 ssil -15674.937500
7010.0 7100.0 ssil -1295.629761 EEN
7100.0 7285.0 @ -2334.930420
7285.0 7400.0 ssil -1726.584351
7400.0 7455.0 ssil -851.984009 BIJ
7455.0 7475.0 b -320.988892
7475.0 7715.0 ei -2824.310303
7715.0 9755.0 ssil -24718.808594
.
