#!MLF!#
"/net/aistaff/aki/_same-utterance/wav/09/Groningen_and_Drenthe/12233-1464367044-2050205.rec"
0.0 1065.0001 ssil -11873.713867 TAKT
1065.0001 1110.0001 t -665.834961
1110.0001 1610.0001 @ -7236.803711
1610.0001 1630.0001 k -312.635162
1630.0001 1740.0001 t -1511.024536
1740.0001 1950.0001 ssil -2542.582520
1950.0 2725.0 ssil -9079.120117 IK
2725.0 3425.0 ic -8857.208008
3425.0 3485.0 k -869.434326
3485.0 3765.0 ssil -3909.500732
3765.0 5190.0 ssil -17246.404297 REKEN
5190.0 5399.9999 r -2365.238525
5399.9999 5629.9999 e -2625.280762
5629.9999 5644.9999 g -196.576813
5644.9999 5684.9999 @ -522.080383
5684.9999 6154.9999 ssil -5748.254395
6155.0 6620.0 ssil -5044.353027 VERWART
6620.0 6770.0 f -2018.146362
6770.0 6920.0 ec -1507.935669
6920.0 6975.0 r -716.672485
6975.0 7045.0 w -929.904785
7045.0 7175.0 ac -1446.453491
7175.0 7345.0 r -2442.981934
7345.0 7500.0 t -2130.984375
7500.0 8580.0001 ssil -12191.407227
8580.0 8680.0 ssil -1416.269897 ERUDIET
8680.0 8725.0 @ -622.372803
8725.0 8860.0 r -1793.078247
8860.0 8875.0 @ -246.977798
8875.0 8930.0 d -830.576355
8930.0 8945.0 i -234.387024
8945.0 9105.0 t -2160.753418
9105.0 9175.0 ssil -879.409119
9175.0 9190.0 ssil -208.178452 EEN
9190.0 9205.0 @ -214.700333
9205.0 9315.0 ssil -1194.265747
9315.0 9940.0 ssil -6946.833008 BIJ
9940.0 9955.0 b -192.080276
9955.0 9970.0 ei -215.810791
9970.0 10030.0 ssil -704.493530
.
