#!MLF!#
"/net/aistaff/aki/_same-utterance/wav/09/Groningen_and_Drenthe/14112-1466319814-2340477.rec"
0.0 15.0 ssil -142.747253 TAKT
15.0 30.0 t -191.506821
30.0 330.0 @ -2379.695801
330.0 355.0 k -317.789581
355.0 620.0 ssil -2967.095703
620.0 965.0 ssil -4370.877441 IK
965.0 1065.0 ic -1209.005371
1065.0 1080.0 k -248.475800
1080.0 1095.0 ssil -224.920761
1095.0 1110.0 ssil -223.331619 REKEN
1110.0 1320.0 r -2794.939941
1320.0 1435.0 e -1545.971802
1435.0 1580.0 k -2200.731201
1580.0 3009.9999 ssil -17891.656250
3010.0 4700.0001 ssil -19684.128906 VERWART
4700.0001 4765.0001 f -868.242249
4765.0001 4860.0001 @ -1198.561646
4860.0001 4875.0001 r -194.138718
4875.0001 4940.0001 w -870.272583
4940.0001 5065.0001 ac -1809.436768
5065.0001 5080.0001 r -219.947525
5080.0001 5180.0001 t -1628.390381
5180.0001 5705.0 ssil -6060.713379
5705.0 6770.0001 ssil -11570.296875 ERUDIET
6770.0001 7255.0001 ic -6777.200684
7255.0001 7270.0001 r -207.984940
7270.0001 7285.0001 yc -234.340698
7285.0001 7310.0001 d -407.092224
7310.0001 7340.0001 i -461.822205
7340.0001 7355.0001 t -279.678925
7355.0001 7375.0001 ssil -302.986176
7375.0 7390.0 ssil -207.535339 EEN
7390.0 7570.0 n -2178.694824
7570.0 8455.0 ssil -9944.907227
8455.0 8890.0 ssil -5111.874512 BIJ
8890.0 8920.0 b -462.686646
8920.0 9225.0 ei -4065.208252
9225.0 9890.0 ssil -7470.588867
.
