#!MLF!#
"/net/aistaff/aki/_same-utterance/wav/09/Groningen_and_Drenthe/14576-1464469394-2108389.rec"
0.0 995.0 ssil -11401.238281 TAKT
995.0 1010.0 t -256.989838
1010.0 1685.0 @ -8445.232422
1685.0 1785.0 k -1136.865723
1785.0 2645.0 ssil -9843.232422
2645.0 3135.0 ssil -5697.735352 IK
3135.0 3455.0 ic -4239.015137
3455.0 3470.0 k -234.421402
3470.0 3485.0 ssil -198.835587
3485.0 3510.0 ssil -392.176788 REKEN
3510.0 3525.0 r -240.684708
3525.0 3615.0 e -1099.387817
3615.0 3710.0 g -1228.519043
3710.0 3740.0 ssil -477.699524
3740.0 4930.0001 ssil -13686.001953 VERWART
4930.0001 4970.0001 f -542.240540
4970.0001 5070.0001 @ -1269.109619
5070.0001 5110.0001 r -498.050598
5110.0001 5190.0001 w -927.171265
5190.0001 5260.0001 ac -673.582520
5260.0001 5355.0001 r -1264.417969
5355.0001 6960.0001 ssil -18576.046875
6960.0 8845.0 ssil -21905.574219 ERUDIET
8845.0 8975.0 ic -1864.212280
8975.0 9075.0 r -1520.240845
9075.0 9225.0 yc -1874.132202
9225.0 9240.0 d -236.346817
9240.0 9345.0 i -1316.460815
9345.0 9360.0 t -253.544418
9360.0 9375.0 ssil -207.762299
9375.0 9395.0 ssil -286.178833 EEN
9395.0 9475.0 @ -961.539673
9475.0 9630.0 n -1765.604126
9630.0 9645.0 ssil -173.931534
9645.0 9690.0 ssil -534.554932 BIJ
9690.0 9705.0 b -189.925842
9705.0 9720.0 ei -203.157593
9720.0 10080.0 ssil -3913.486572
.
