#!MLF!#
"/net/aistaff/aki/_same-utterance/wav/09/Groningen_and_Drenthe/17301-1472375859-2458566.rec"
0.0 1040.0 ssil -12862.871094 TAKT
1040.0 1065.0 t -362.738098
1065.0 1520.0 ac -5917.682129
1520.0 1540.0 k -301.878571
1540.0 1705.0 t -2101.381836
1705.0 1815.0 ssil -1372.484497
1815.0 2885.0001 ssil -11509.347656 IK
2885.0001 3030.0 ic -1889.300537
3030.0 3055.0 k -396.582642
3055.0 3070.0 ssil -215.356613
3070.0 3085.0 ssil -213.532547 REKEN
3085.0 3155.0 r -939.873413
3155.0 3325.0 e -2269.659180
3325.0 3380.0 k -860.625427
3380.0 3590.0 @ -2623.750732
3590.0 3645.0 n -658.050110
3645.0 4440.0 ssil -8853.842773
4440.0 4880.0 ssil -4674.708008 VERWART
4880.0 4895.0 v -241.654251
4895.0 4965.0 @ -794.057190
4965.0 5050.0 r -1072.256592
5050.0 5090.0 w -605.319702
5090.0 5145.0 ac -675.002014
5145.0 5555.0 r -5230.166504
5555.0 6320.0 ssil -8588.774414
6320.0 7050.0 ssil -7995.054688 ERUDIET
7050.0 7225.0 ic -2096.455078
7225.0 7250.0 r -342.884033
7250.0 7395.0 yc -1830.290771
7395.0 7420.0 d -401.530304
7420.0 7660.0 i -3164.069336
7660.0 7675.0 t -214.778122
7675.0 7690.0 ssil -206.801361
7690.0 7765.0 ssil -876.849182 EEN
7765.0 7785.0 @ -309.631226
7785.0 7820.0 ssil -489.479553
7820.0 9115.0 ssil -14782.078125 BIJ
9115.0 9130.0 b -240.290344
9130.0 9355.0 ei -2983.191650
9355.0 9939.9999 ssil -6584.209961
.
