#!MLF!#
"/net/aistaff/aki/_same-utterance/wav/09/Groningen_and_Drenthe/17402-1473109970-2483281.rec"
0.0 815.0 ssil -9602.527344 TAKT
815.0 870.0 t -800.340210
870.0 1045.0 ac -2333.885010
1045.0 1095.0 k -770.781738
1095.0 1230.0 t -1816.905029
1230.0 2925.0001 ssil -19623.779297
2925.0 3000.0 ssil -1039.392212 IK
3000.0 3175.0 ic -1903.925537
3175.0 3190.0 k -243.006775
3190.0 3205.0 ssil -219.210602
3205.0 3220.0 ssil -212.619217 REKEN
3220.0 3435.0 r -2676.549072
3435.0 3580.0 e -1572.866821
3580.0 3625.0 g -699.362732
3625.0 3930.0 ssil -3673.741943
3930.0 4685.0 ssil -8468.839844 VERWART
4685.0 4815.0 f -1583.215820
4815.0 4900.0 ec -989.822021
4900.0 4990.0 r -1113.161011
4990.0 5120.0 w -1469.155396
5120.0 5165.0 ac -528.770935
5165.0 5330.0 r -2279.197998
5330.0 5390.0 t -759.905334
5390.0 6010.0 ssil -7075.766602
6010.0 6645.0 ssil -7371.743652 ERUDIET
6645.0 6775.0 ic -1543.346924
6775.0 6880.0 r -1541.327026
6880.0 7040.0 yc -1810.342285
7040.0 7055.0 d -219.949112
7055.0 7165.0 i -1420.810913
7165.0 7220.0 t -775.250854
7220.0 7320.0 ssil -1284.207764
7320.0 8615.0 ssil -15059.827148 EEN
8615.0 8735.0 @ -1306.894897
8735.0 8835.0 n -1059.434448
8835.0 8850.0 ssil -194.371933
8850.0 8865.0 ssil -211.349503 BIJ
8865.0 8905.0 b -575.715515
8905.0 9275.0 ei -4015.737793
9275.0 10080.0 ssil -8972.489258
.
