#!MLF!#
"/net/aistaff/aki/_same-utterance/wav/09/Groningen_and_Drenthe/2499-1449341989-307812.rec"
0.0 70.0 ssil -710.810425 TAKT
70.0 85.0 t -216.145065
85.0 100.0 k -225.408325
100.0 310.0 ssil -2470.678223
310.0 525.0 ssil -2528.166504 IK
525.0 540.0 k -201.891068
540.0 720.0 ssil -2030.355835
720.0 890.0 ssil -2321.295166 REKEN
890.0 1070.0 r -2175.227295
1070.0 1165.0 e -1097.189697
1165.0 1195.0 g -371.332031
1195.0 1350.0 @ -1850.331909
1350.0 1410.0 ssil -790.600220
1410.0 2555.0 ssil -13585.208008 VERWART
2555.0 2580.0 v -329.891083
2580.0 2600.0 @ -255.133377
2600.0 2655.0 r -821.928955
2655.0 2670.0 w -260.340118
2670.0 2775.0 ac -1492.466553
2775.0 2875.0 r -1499.558594
2875.0 2940.0 t -829.947632
2940.0 4405.0 ssil -17316.017578
4405.0 4775.0 ssil -4233.250488 ERUDIET
4775.0 4810.0 @ -358.119324
4810.0 4835.0 r -362.155182
4835.0 5050.0 y -2740.572754
5050.0 5120.0 d -1002.357239
5120.0 5260.0 i -1853.181641
5260.0 5330.0 t -1030.149536
5330.0 6395.0001 ssil -12325.058594
6395.0 6760.0 ssil -4841.788574 EEN
6760.0 7080.0 @ -4982.382324
7080.0 7260.0 n -2310.624023
7260.0 8935.0 ssil -19829.001953
8935.0 9390.0 ssil -5841.383789 BIJ
9390.0 9405.0 b -208.923767
9405.0 9420.0 ei -195.424500
9420.0 9800.0 ssil -4116.042969
.
