#!MLF!#
"/net/aistaff/aki/_same-utterance/wav/09/Groningen_and_Drenthe/2963-1449519924-453956.rec"
0.0 100.0 ssil -1060.917114 TAKT
100.0 135.0 t -491.080414
135.0 165.0 k -404.479950
165.0 265.0 ssil -1213.484131
265.0 325.0 ssil -660.810791 IK
325.0 350.0 k -318.851471
350.0 410.0 ssil -726.125732
410.0 895.0 ssil -5429.623047 REKEN
895.0 910.0 r -264.175934
910.0 1015.0 e -1258.788330
1015.0 1060.0 g -694.841858
1060.0 1420.0 n -4454.602051
1420.0 1490.0 ssil -948.613281
1490.0 2635.0 ssil -12844.941406 VERWART
2635.0 2675.0 f -531.909424
2675.0 2700.0 @ -340.958862
2700.0 2785.0 r -935.559631
2785.0 2850.0 w -748.126770
2850.0 2865.0 ac -174.411041
2865.0 3070.0 r -2329.968262
3070.0 3145.0 ssil -952.397156
3145.0 4610.0 ssil -16544.300781 ERUDIET
4610.0 4705.0 e -1183.351196
4705.0 4770.0 r -936.671326
4770.0 4815.0 y -645.762085
4815.0 4845.0 d -426.658905
4845.0 5090.0 i -2729.804688
5090.0 5120.0 t -434.104065
5120.0 5135.0 ssil -213.351456
5135.0 5165.0 ssil -437.753723 EEN
5165.0 5300.0 n -1504.589722
5300.0 6895.0 ssil -18625.037109
6895.0 8790.0 ssil -21907.765625 BIJ
8790.0 8915.0 b -1664.271851
8915.0 9290.0 ei -4373.469727
9290.0 10030.0 ssil -8171.045410
.
