#!MLF!#
"/net/aistaff/aki/_same-utterance/wav/09/Groningen_and_Drenthe/298-1449771816-575184.rec"
0.0 315.0 ssil -2524.394043 TAKT
315.0 345.0 t -403.351562
345.0 360.0 k -214.315979
360.0 715.0 ssil -4519.880371
715.0 915.0 ssil -2714.896729 IK
915.0 1030.0 ic -1545.066284
1030.0 1100.0 k -1085.778687
1100.0 1815.0 ssil -10865.901367
1815.0 2280.0 ssil -5316.602051 REKEN
2280.0 2970.0 r -9088.273438
2970.0 3070.0 e -1488.456055
3070.0 3085.0 k -249.171143
3085.0 3195.0 @ -1619.311157
3195.0 3590.0 ssil -5971.042969
3590.0 4710.0 ssil -13720.781250 VERWART
4710.0 4795.0 f -1194.102417
4795.0 4845.0 @ -718.918762
4845.0 4965.0 r -1751.046997
4965.0 4990.0 w -386.687927
4990.0 5160.0 ac -2311.588135
5160.0 5175.0 r -241.458984
5175.0 5315.0 t -1984.030884
5315.0 5575.0 ssil -3069.402100
5575.0 5620.0 ssil -520.566040 ERUDIET
5620.0 5725.0 @ -1263.662598
5725.0 6760.0 r -13047.927734
6760.0 7070.0 @ -4334.686035
7070.0 7105.0 d -591.937500
7105.0 7275.0 i -2370.400879
7275.0 7290.0 t -230.150726
7290.0 7665.0 ssil -4386.939941
7665.0 7715.0 ssil -571.298950 EEN
7715.0 7740.0 @ -329.034241
7740.0 8205.0 n -5743.588867
8205.0 9140.0 ssil -12768.176758
9140.0 9390.0 ssil -2949.811035 BIJ
9390.0 9485.0 b -1191.983887
9485.0 9500.0 ei -194.081696
9500.0 9890.0 ssil -4670.785645
.
