#!MLF!#
"/net/aistaff/aki/_same-utterance/wav/09/Groningen_and_Drenthe/3054-1449441078-404764.rec"
0.0 120.0 ssil -1256.384277 TAKT
120.0 160.0 t -535.275452
160.0 180.0 @ -237.185944
180.0 195.0 k -208.614868
195.0 830.0 ssil -7285.877441
830.0 1010.0 ssil -2523.996826 IK
1010.0 1040.0 k -410.056000
1040.0 1125.0 ssil -1021.399658
1125.0 2800.0 ssil -19235.357422 REKEN
2800.0 2994.9999 r -2240.780029
2994.9999 3204.9999 e -2548.896484
3204.9999 3219.9999 g -195.734848
3219.9999 3344.9999 ssil -1368.259033
3345.0 4605.0 ssil -14069.113281 VERWART
4605.0 4710.0 f -1342.488770
4710.0 4730.0 @ -275.054321
4730.0 4825.0 r -1121.870972
4825.0 4875.0 w -634.921570
4875.0 4950.0 ac -735.103577
4950.0 5110.0 r -1901.093384
5110.0 5300.0 ssil -2308.015869
5300.0 6590.0 ssil -14338.589844 ERUDIET
6590.0 6725.0 ic -1772.999756
6725.0 6760.0 r -540.676331
6760.0 6790.0 yc -511.954254
6790.0 6830.0 d -575.054932
6830.0 7080.0 i -2965.480713
7080.0 7105.0 t -374.879822
7105.0 7120.0 ssil -216.181900
7120.0 7150.0 ssil -455.386993 EEN
7150.0 7335.0 n -2122.298584
7335.0 7425.0 ssil -1163.736450
7425.0 8660.0 ssil -13631.411133 BIJ
8660.0 8675.0 b -290.572449
8675.0 9120.0 ei -5971.336426
9120.0 10030.0 ssil -10302.805664
.
