#!MLF!#
"/net/aistaff/aki/_same-utterance/wav/09/Groningen_and_Drenthe/3282-1449505423-434401.rec"
0.0 25.0 ssil -334.708801 TAKT
25.0 40.0 t -208.942474
40.0 65.0 k -305.354706
65.0 635.0 ssil -6309.050293
635.0 740.0 ssil -1122.248535 IK
740.0 1340.0 ic -8303.183594
1340.0 1355.0 k -213.613663
1355.0 1450.0 ssil -1205.208740
1450.0 2715.0 ssil -14405.893555 REKEN
2715.0 2735.0 r -235.080994
2735.0 2750.0 e -217.931030
2750.0 2785.0 g -523.705750
2785.0 3020.0 @ -3349.367188
3020.0 3060.0 ssil -591.880859
3060.0 4670.0 ssil -18432.259766 VERWART
4670.0 4690.0 v -274.201599
4690.0 4745.0 ec -732.012451
4745.0 4850.0 r -1270.940308
4850.0 4865.0 w -188.731613
4865.0 5115.0 ac -3207.978760
5115.0 5130.0 r -217.893799
5130.0 5160.0 t -410.973541
5160.0 5225.0 ssil -820.199158
5225.0 6685.0 ssil -15979.003906 ERUDIET
6685.0 7160.0 ic -6530.783691
7160.0 7180.0 r -299.425720
7180.0 7490.0 yc -3898.727295
7490.0 7520.0 d -420.016418
7520.0 7535.0 i -179.776901
7535.0 7555.0 t -288.791107
7555.0 7600.0 ssil -605.395874
7600.0 8790.0001 ssil -13200.772461 EEN
8790.0001 8815.0001 @ -368.557617
8815.0001 8925.0001 n -1290.040161
8925.0001 8940.0001 ssil -204.838669
8940.0 8955.0 ssil -215.058533 BIJ
8955.0 8990.0 b -488.592010
8990.0 9415.0 ei -5186.793945
9415.0 10030.0 ssil -7085.544922
.
