#!MLF!#
"/net/aistaff/aki/_same-utterance/wav/09/Groningen_and_Drenthe/3526-1453504835-920499.rec"
0.0 335.0 ssil -2826.632568 TAKT
335.0 350.0 t -192.022049
350.0 365.0 k -200.379684
365.0 680.0 ssil -3794.583252
680.0 1125.0 ssil -5420.011230 IK
1125.0 1145.0 k -315.639404
1145.0 1480.0 ssil -4653.120605
1480.0 3305.0 ssil -21019.371094 REKEN
3305.0 3445.0 r -1886.838867
3445.0 3610.0001 e -1900.595215
3610.0001 3635.0001 g -326.696960
3635.0001 3710.0001 @ -881.920105
3710.0001 5195.0001 ssil -16977.462891
5195.0 5235.0 ssil -608.597168 VERWART
5235.0 5255.0 v -312.687347
5255.0 5325.0 @ -970.407043
5325.0 5655.0 r -4906.662598
5655.0 5760.0 w -1224.354980
5760.0 5775.0 ac -220.739288
5775.0 5790.0 r -207.890381
5790.0 5835.0 ssil -559.008118
5835.0 7005.0 ssil -12833.058594 ERUDIET
7005.0 7180.0 e -2170.079102
7180.0 7235.0 r -847.934814
7235.0 7364.9999 y -1587.638550
7364.9999 7480.0 d -1413.754028
7480.0 7630.0 i -1942.783203
7630.0 7700.0 t -1083.817871
7700.0 8950.0 ssil -14016.675781
8950.0 8980.0 ssil -476.098846 EEN
8980.0 9150.0 @ -2365.423096
9150.0 9270.0 ssil -1663.794067
9270.0 9380.0 ssil -1635.338989 BIJ
9380.0 9395.0 b -220.815308
9395.0 9410.0 ei -206.068787
9410.0 9890.0 ssil -5795.972168
.
