#!MLF!#
"/net/aistaff/aki/_same-utterance/wav/09/Groningen_and_Drenthe/4378-1450525564-722548.rec"
0.0 15.0 ssil -158.366989 TAKT
15.0 30.0 t -210.743713
30.0 290.0 @ -2357.882080
290.0 305.0 k -222.310669
305.0 355.0 ssil -625.693787
355.0 830.0 ssil -5410.820312 IK
830.0 1105.0 ic -4006.721680
1105.0 1120.0 k -264.972321
1120.0 1135.0 ssil -241.777115
1135.0 1155.0 ssil -355.306641 REKEN
1155.0 1170.0 r -248.061035
1170.0 1275.0 e -1336.187378
1275.0 1315.0 g -599.991943
1315.0 1340.0 @ -324.937622
1340.0 2860.0 ssil -18346.878906
2860.0 4669.9999 ssil -20770.615234 VERWART
4669.9999 4699.9999 f -434.594391
4699.9999 4789.9999 @ -1206.418335
4789.9999 4824.9999 r -440.628052
4824.9999 4874.9999 w -642.438416
4874.9999 4959.9999 ac -1135.980591
4959.9999 5104.9999 r -2038.480835
5104.9999 5219.9999 t -1485.021973
5219.9999 6174.9999 ssil -10799.521484
6175.0 6765.0 ssil -6443.387207 ERUDIET
6765.0 6870.0 ic -1518.258911
6870.0 6975.0 r -1751.187134
6975.0 7035.0 yc -821.022705
7035.0 7050.0 d -241.636322
7050.0 7170.0 i -1724.830322
7170.0 7225.0 t -851.425110
7225.0 7380.0 ssil -2354.329590
7380.0 8725.0 ssil -15352.898438 EEN
8725.0 8775.0 @ -780.369934
8775.0 8855.0 n -1059.420288
8855.0 8870.0 ssil -208.530807
8870.0 8885.0 ssil -223.279083 BIJ
8885.0 8915.0 b -530.426270
8915.0 9140.0 ei -3405.574951
9140.0 10030.0 ssil -10090.485352
.
