#!MLF!#
"/net/aistaff/aki/_same-utterance/wav/09/Groningen_and_Drenthe/4725-1451143827-786731.rec"
0.0 170.0 ssil -1750.347778 TAKT
170.0 185.0 t -238.767105
185.0 205.0 k -307.310608
205.0 220.0 ssil -197.447357
220.0 800.0 ssil -6262.453613 IK
800.0 825.0 k -295.851471
825.0 870.0 ssil -524.877563
870.0 935.0 ssil -727.693542 REKEN
935.0 950.0 r -199.762756
950.0 965.0 e -234.490952
965.0 990.0 k -365.931976
990.0 1125.0 @ -1791.534790
1125.0 1210.0 n -1163.995850
1210.0 1360.0 ssil -2107.354736
1360.0 2620.0 ssil -14580.389648 VERWART
2620.0 2765.0 f -1787.735352
2765.0 2895.0 ec -1655.044800
2895.0 2940.0 r -591.600952
2940.0 3015.0 w -848.293884
3015.0 3145.0 ac -1468.826782
3145.0 3390.0 r -3027.715820
3390.0 3435.0 t -669.498596
3435.0 3455.0 ssil -276.695404
3455.0 5110.0 ssil -18692.966797 ERUDIET
5110.0 5285.0 e -2131.933594
5285.0 5380.0 r -1245.184692
5380.0 5440.0 y -821.923096
5440.0 5470.0 d -488.288452
5470.0 5675.0 i -2958.993164
5675.0 5690.0 t -222.840546
5690.0 5850.0 ssil -2058.066650
5850.0 7060.0 ssil -14643.302734 EEN
7060.0 7415.0 @ -5112.055664
7415.0 7710.0 n -3349.859131
7710.0 7775.0 ssil -808.971619
7775.0 8885.0 ssil -12691.423828 BIJ
8885.0 9065.0 b -2436.021240
9065.0 9535.0 ei -5648.697754
9535.0 10030.0 ssil -5928.017090
.
