#!MLF!#
"/net/aistaff/aki/_same-utterance/wav/09/Groningen_and_Drenthe/4895-1451512640-828928.rec"
0.0 30.0 ssil -384.321533 TAKT
30.0 45.0 t -249.940887
45.0 65.0 k -300.873932
65.0 625.0 ssil -6013.888672
625.0 725.0 ssil -1108.379028 IK
725.0 745.0 k -255.434158
745.0 795.0 ssil -516.084656
795.0 920.0 ssil -1373.686279 REKEN
920.0 965.0 r -573.029358
965.0 980.0 e -190.151688
980.0 995.0 g -195.256866
995.0 1010.0 ssil -212.050659
1010.0 1025.0 ssil -219.977936 VERWART
1025.0 1055.0 f -415.178192
1055.0 1080.0 @ -336.940552
1080.0 1175.0 r -1141.248657
1175.0 1270.0 w -1119.648438
1270.0 1285.0 ac -199.909332
1285.0 1505.0 r -2800.613037
1505.0 1560.0 t -728.343506
1560.0 1765.0 ssil -2311.789795
1765.0 2710.0 ssil -10252.235352 ERUDIET
2710.0 2845.0 ic -1722.974121
2845.0 2860.0 r -212.504974
2860.0 2990.0 yc -1551.536743
2990.0 3075.0 d -1056.609375
3075.0 3280.0 i -2380.357422
3280.0 3320.0 t -579.156860
3320.0 4780.0 ssil -15676.539062
4780.0 4880.0 ssil -1223.930298 EEN
4880.0 5070.0 @ -2602.146240
5070.0 5245.0 ssil -2615.228516
5245.0 6995.0 ssil -19056.697266 BIJ
6995.0 7195.0 b -2351.150146
7195.0 7585.0 ei -4201.729980
7585.0 10029.9999 ssil -28804.216797
.
