#!MLF!#
"/net/aistaff/aki/_same-utterance/wav/09/Groningen_and_Drenthe/5153-1457516495-946417.rec"
0.0 90.0 ssil -948.185181 TAKT
90.0 105.0 t -233.840576
105.0 120.0 k -212.161758
120.0 300.0 ssil -2002.729126
300.0 790.0 ssil -5554.482422 IK
790.0 910.0 ic -1572.894165
910.0 925.0 k -223.716171
925.0 950.0 ssil -345.194397
950.0 965.0 ssil -206.234985 REKEN
965.0 1045.0 r -1099.565063
1045.0 1275.0 e -2851.866455
1275.0 1320.0 k -695.840210
1320.0 1385.0 @ -787.002502
1385.0 1530.0 n -1628.873169
1530.0 2330.0 ssil -8797.534180
2330.0 2510.0 ssil -2049.064941 VERWART
2510.0 2525.0 v -197.405624
2525.0 2575.0 @ -605.513489
2575.0 2600.0 r -310.131439
2600.0 2615.0 w -168.593567
2615.0 2645.0 ac -326.258392
2645.0 2660.0 r -171.494461
2660.0 2725.0 ssil -685.220947
2725.0 2775.0 ssil -712.807251 ERUDIET
2775.0 2915.0 e -1722.384521
2915.0 2980.0 r -930.702332
2980.0 3065.0 y -1092.988770
3065.0 3155.0 d -1125.921753
3155.0 3340.0 i -2211.396973
3340.0 3355.0 t -222.084793
3355.0 3510.0 ssil -1945.996460
3510.0 4805.0 ssil -14472.528320 EEN
4805.0 4850.0 @ -600.530334
4850.0 4955.0 n -1231.451782
4955.0 4970.0 ssil -196.543594
4970.0 4985.0 ssil -204.421494 BIJ
4985.0 5040.0 b -733.298706
5040.0 5430.0 ei -4965.335449
5430.0 10029.9999 ssil -53407.437500
.
