#!MLF!#
"/net/aistaff/aki/_same-utterance/wav/09/Groningen_and_Drenthe/7275-1456400367-1483996.rec"
0.0 815.0 ssil -10646.357422 TAKT
815.0 905.0 t -1196.634033
905.0 1045.0 ac -1906.407227
1045.0 1140.0 k -1353.944214
1140.0 1270.0 t -1792.314453
1270.0 1310.0 ssil -491.955170
1310.0 1490.0 ssil -2084.150635 IK
1490.0 1505.0 k -212.175491
1505.0 2100.0 ssil -6601.457520
2100.0 2840.0 ssil -8171.471191 REKEN
2840.0 3210.0 r -5163.583496
3210.0 3370.0 e -1817.250244
3370.0 3395.0 g -332.672028
3395.0 3420.0 @ -359.179108
3420.0 3870.0 ssil -5126.079102
3870.0 4125.0 ssil -2784.052979 VERWART
4125.0 4160.0 v -442.582855
4160.0 4175.0 @ -193.547409
4175.0 4190.0 r -191.820007
4190.0 4210.0 w -236.184570
4210.0 4225.0 ac -178.684540
4225.0 4240.0 r -167.865631
4240.0 5000.0 ssil -8173.029785
5000.0 5160.0 ssil -1729.711426 ERUDIET
5160.0 5325.0 ic -2371.178955
5325.0 5340.0 r -219.297958
5340.0 5420.0 yc -984.438904
5420.0 5490.0 d -1009.825989
5490.0 5630.0 i -1808.412720
5630.0 5760.0 t -1754.762573
5760.0 6955.0 ssil -13552.453125
6955.0 7045.0 ssil -1343.573120 EEN
7045.0 7355.0 @ -4430.221680
7355.0 7605.0 n -3298.671143
7605.0 8995.0 ssil -15945.368164
8995.0 9105.0 ssil -1733.425659 BIJ
9105.0 9120.0 b -259.203979
9120.0 9185.0 ei -837.621155
9185.0 9870.0 ssil -8227.221680
.
