#!MLF!#
"/net/aistaff/aki/_same-utterance/wav/09/Groningen_and_Drenthe/7440-1454957170-1392727.rec"
0.0 15.0 ssil -144.688553 TAKT
15.0 30.0 t -191.421005
30.0 320.0 @ -2402.521973
320.0 335.0 k -222.895294
335.0 1110.0 ssil -11079.353516
1110.0 2815.0 ssil -20969.634766 IK
2815.0 2835.0 k -349.920654
2835.0 3000.0 ssil -2307.835693
3000.0 4655.0 ssil -18936.283203 REKEN
4655.0 5045.0 r -4935.341309
5045.0 5295.0 e -3022.219482
5295.0 5315.0 g -258.480377
5315.0 5410.0 ssil -1077.110352
5410.0 5435.0 ssil -289.945770 VERWART
5435.0 5460.0 v -300.522400
5460.0 5475.0 @ -184.928680
5475.0 5490.0 r -203.647141
5490.0 5510.0 w -253.229706
5510.0 5530.0 ac -235.126434
5530.0 5545.0 r -181.471542
5545.0 5940.0 ssil -4386.337891
5940.0 6735.0 ssil -9046.055664 ERUDIET
6735.0 6910.0 e -2411.897217
6910.0 7110.0 r -2974.815674
7110.0 7430.0 y -3948.411133
7430.0 7475.0 d -553.585449
7475.0 7490.0 i -179.691147
7490.0 7545.0 t -689.057617
7545.0 7560.0 ssil -184.017334
7560.0 8845.0 ssil -14922.206055 EEN
8845.0 9025.0 @ -2444.201172
9025.0 9070.0 n -567.364624
9070.0 9085.0 ssil -261.659332
9085.0 9100.0 ssil -258.485046 BIJ
9100.0 9120.0 b -315.470428
9120.0 9235.0 ei -1433.982666
9235.0 9890.0 ssil -7728.032715
.
