#!MLF!#
"/net/aistaff/aki/_same-utterance/wav/09/Groningen_and_Drenthe/7470-1455010370-1400168.rec"
0.0 120.0 ssil -1250.165527 TAKT
120.0 135.0 t -253.646973
135.0 150.0 k -231.787964
150.0 480.0 ssil -3572.036133
480.0 965.0 ssil -5928.885742 IK
965.0 1115.0 ic -1936.813354
1115.0 1140.0 k -366.185699
1140.0 1180.0 ssil -508.921082
1180.0 1325.0 ssil -1906.415771 REKEN
1325.0 1395.0 r -1049.283813
1395.0 1665.0 e -3048.651611
1665.0 1725.0 k -920.849731
1725.0 1790.0 @ -809.662964
1790.0 1975.0 n -2088.636475
1975.0 3360.0 ssil -18027.542969
3360.0 4805.0001 ssil -16911.107422 VERWART
4805.0001 4820.0001 f -269.742889
4820.0001 5070.0001 ec -2779.099854
5070.0001 5190.0 r -1590.502930
5190.0 5205.0 w -201.141190
5205.0 5220.0 ac -210.709915
5220.0 5235.0 r -188.787582
5235.0 5345.0 ssil -1366.973389
5345.0 6680.0 ssil -15069.054688 ERUDIET
6680.0 6935.0 ic -3283.392822
6935.0 6950.0 r -192.618042
6950.0 6965.0 yc -191.437027
6965.0 6995.0 d -420.978210
6995.0 7195.0 i -2635.856934
7195.0 7260.0 t -845.044922
7260.0 7295.0 ssil -455.574707
7295.0 8724.9999 ssil -16340.811523 EEN
8724.9999 9099.9999 @ -5066.846680
9099.9999 9339.9999 ssil -3215.995850
9340.0 9455.0 ssil -1400.344238 BIJ
9455.0 9470.0 b -196.837921
9470.0 9485.0 ei -187.462097
9485.0 10030.0 ssil -5990.365234
.
