#!MLF!#
"/net/aistaff/aki/_same-utterance/wav/09/Groningen_and_Drenthe/7790-1456078723-1491888.rec"
0.0 15.0 ssil -160.453461 TAKT
15.0 30.0 t -211.603043
30.0 520.0 @ -4238.464844
520.0 540.0 k -314.499023
540.0 605.0 t -983.560974
605.0 945.0 ssil -4019.985596
945.0 1070.0 ssil -1548.990601 IK
1070.0 1190.0 ic -1433.746582
1190.0 1205.0 k -238.355743
1205.0 1220.0 ssil -227.140686
1220.0 1235.0 ssil -196.668182 REKEN
1235.0 1250.0 r -191.403687
1250.0 1315.0 e -856.207092
1315.0 1440.0 g -1820.561890
1440.0 1565.0 n -1605.986572
1565.0 1655.0 ssil -1308.367920
1655.0 2635.0 ssil -11714.064453 VERWART
2635.0 2745.0 f -1424.614624
2745.0 2785.0 @ -517.754395
2785.0 2840.0 r -718.309937
2840.0 2950.0 w -1288.372803
2950.0 3030.0 ac -1014.822998
3030.0 3175.0 r -2104.561035
3175.0 3250.0 t -1201.770020
3250.0 4905.0 ssil -19076.218750
4905.0 4930.0 ssil -447.514435 ERUDIET
4930.0 4950.0 @ -298.990448
4950.0 5190.0 r -2561.005859
5190.0 5330.0 y -1705.717163
5330.0 5345.0 d -209.586716
5345.0 5385.0 i -482.663788
5385.0 5415.0 t -402.384216
5415.0 5490.0 ssil -1003.058289
5490.0 6810.0001 ssil -15530.902344 EEN
6810.0001 7645.0 @ -11433.129883
7645.0 7880.0 n -2752.912842
7880.0 8720.0 ssil -9587.443359
8720.0 8825.0 ssil -1481.037231 BIJ
8825.0 8840.0 b -233.440628
8840.0 8865.0 ei -324.564514
8865.0 9820.0 ssil -11697.427734
.
