#!MLF!#
"/net/aistaff/aki/_same-utterance/wav/09/Groningen_and_Drenthe/8937-1459253920-1717810.rec"
0.0 1320.0001 ssil -14706.713867 TAKT
1320.0001 1350.0001 t -392.236633
1350.0001 1450.0001 @ -1240.189941
1450.0001 1465.0001 k -218.399323
1465.0001 1490.0001 ssil -291.991852
1490.0 1505.0 ssil -190.403183 IK
1505.0 1540.0 k -466.565430
1540.0 1555.0 ssil -240.186722
1555.0 1570.0 ssil -231.429398 REKEN
1570.0 1730.0 r -1850.742554
1730.0 1780.0 e -602.047791
1780.0 1795.0 g -189.149673
1795.0 1920.0 @ -1411.194336
1920.0 2810.0 ssil -9971.971680
2810.0 2895.0 ssil -1003.734009 VERWART
2895.0 2930.0 v -433.079346
2930.0 3000.0 @ -778.418457
3000.0 3015.0 r -182.696823
3015.0 3115.0 w -1160.071899
3115.0 3175.0 ac -672.205994
3175.0 3350.0 r -2250.174561
3350.0 3375.0 t -334.817017
3375.0 4934.9999 ssil -17621.292969
4935.0 6845.0 ssil -22131.554688 ERUDIET
6845.0 6970.0 e -1423.681519
6970.0 7015.0 r -605.851990
7015.0 7145.0 y -1372.875488
7145.0 7245.0 d -1239.245483
7245.0 7390.0 i -1720.677002
7390.0 7435.0 t -636.445068
7435.0 7455.0 ssil -259.621460
7455.0 8840.0 ssil -15540.793945 EEN
8840.0 8925.0 @ -1128.007935
8925.0 8985.0 n -837.873657
8985.0 9085.0 ssil -1492.182617
9085.0 9280.0 ssil -2553.206055 BIJ
9280.0 9295.0 b -204.567963
9295.0 9650.0 ei -4460.211914
9650.0 10055.0 ssil -4654.797363
.
