#!MLF!#
"/net/aistaff/aki/_same-utterance/wav/09/Groningen_and_Drenthe/9363-1462390956-1799750.rec"
0.0 15.0 ssil -151.631271 TAKT
15.0 30.0 t -200.558624
30.0 660.0 @ -5170.363770
660.0 680.0 k -273.719116
680.0 1110.0 ssil -5253.639160
1110.0 1455.0 ssil -4380.884277 IK
1455.0 1705.0 ic -3301.366211
1705.0 1745.0 k -557.983154
1745.0 1965.0 ssil -2828.985596
1965.0 2695.0 ssil -8527.367188 REKEN
2695.0 2720.0 r -357.204376
2720.0 2735.0 e -213.224213
2735.0 2780.0 g -727.912231
2780.0 2960.0 @ -2313.883301
2960.0 3730.0 n -9460.721680
3730.0 4255.0 ssil -5662.081055
4255.0 4670.0 ssil -4580.616699 VERWART
4670.0 4815.0 f -1808.973267
4815.0 4840.0 ec -318.191589
4840.0 4940.0 r -1312.611084
4940.0 5035.0 w -1110.642334
5035.0 5210.0 ac -2421.978760
5210.0 5230.0 r -284.206451
5230.0 5320.0 ssil -1464.824951
5320.0 7080.0 ssil -19687.492188 ERUDIET
7080.0 7235.0 e -1871.967651
7235.0 7290.0 r -864.007629
7290.0 7405.0 y -1419.315063
7405.0 7475.0 d -958.306946
7475.0 7640.0 i -1922.782349
7640.0 7735.0 t -1259.481812
7735.0 8540.0 ssil -8778.064453
8540.0 8825.0 ssil -3283.239014 EEN
8825.0 8975.0 @ -1958.872192
8975.0 9715.0 ssil -8858.462891
9715.0 9785.0 ssil -1079.159424 BIJ
9785.0 9820.0 b -464.178284
9820.0 9835.0 ei -202.222336
9835.0 9890.0 ssil -630.448914
.
