#!MLF!#
"/net/aistaff/aki/_same-utterance/wav/03/Oost_Overijsel-Gelderland/12145-1464348586-1955715.rec"
0.0 975.0 ssil -10918.447266 JEANNETTE
975.0 1145.0 z -2148.833008
1145.0 1200.0 @ -663.552124
1200.0 1275.0 n -959.136108
1275.0 1410.0 ec -1752.929443
1410.0 1455.0 t -693.572876
1455.0 1470.0 ssil -194.953598
1470.0 1500.0 ssil -406.320618 LACHT
1500.0 1630.0 l -1754.847534
1630.0 1720.0 ac -1140.916382
1720.0 1885.0 x -2159.759521
1885.0 1970.0 t -1066.834229
1970.0 2180.0 ssil -2489.282715
2180.0 2250.0 ssil -836.189880 NADAT
2250.0 2270.0 n -313.721344
2270.0 2360.0 @ -1179.221558
2360.0 2405.0 d -685.348999
2405.0 2480.0 ac -1005.098083
2480.0 2495.0 t -212.678680
2495.0 2510.0 ssil -219.956161
2510.0 2525.0 ssil -201.765106 ZE
2525.0 2620.0 s -1152.373047
2620.0 2675.0 @ -698.927795
2675.0 2690.0 ssil -210.776657
2690.0 2705.0 ssil -208.904190 DOOR
2705.0 2725.0 d -265.235840
2725.0 2870.0 o -1663.004883
2870.0 2885.0 ssil -223.809052
2885.0 2900.0 ssil -231.046432 EEN
2900.0 3065.0 n -2011.345459
3065.0 3080.0 ssil -173.403229
3080.0 3100.0 ssil -269.102570 ONBEKENDE
3100.0 3195.0 oc -1358.294312
3195.0 3280.0 n -958.137390
3280.0 3320.0 b -620.336670
3320.0 3400.0 @ -1170.920654
3400.0 3450.0 k -795.359802
3450.0 3505.0 ec -690.828186
3505.0 3570.0 n -826.479187
3570.0 3585.0 d -232.502701
3585.0 3665.0 @ -967.628845
3665.0 3680.0 ssil -189.627869
3680.0 3695.0 ssil -201.769302 PERSOON
3695.0 3725.0 p -453.408600
3725.0 3760.0 @ -502.883301
3760.0 3805.0 r -539.067322
3805.0 3930.0 s -1530.309082
3930.0 4090.0 o -1850.880615
4090.0 4240.0 n -1748.342041
4240.0 4320.0 ssil -925.271851
4320.0 4335.0 ssil -253.909103 IS
4335.0 4380.0 ic -647.367737
4380.0 4450.0 s -912.853760
4450.0 4465.0 ssil -205.197479
4465.0 4490.0 ssil -344.247131 GEKUST
4490.0 4525.0 x -474.629883
4525.0 4630.0 @ -1275.471313
4630.0 4695.0 k -889.065735
4695.0 4750.0 u -709.573914
4750.0 4880.0 s -1810.532471
4880.0 4970.0 t -1143.291748
4970.0 5710.0 ssil -8508.978516
.
