#!MLF!#
"/net/aistaff/aki/_same-utterance/wav/03/Oost_Overijsel-Gelderland/13285-1464899638-2212151.rec"
0.0 370.0 ssil -4835.433105 JEANNETTE
370.0 500.0 z -1646.525146
500.0 550.0 @ -607.228882
550.0 635.0 n -973.740051
635.0 745.0 ec -1263.578125
745.0 840.0 t -1391.312622
840.0 860.0 ssil -271.290924
860.0 875.0 ssil -211.100266 LACHT
875.0 950.0 l -920.662109
950.0 1100.0 ac -1756.815918
1100.0 1160.0 x -809.895508
1160.0 1285.0 t -1598.080078
1285.0 1390.0 ssil -1254.773315
1390.0 1445.0 ssil -773.564026 NADAT
1445.0 1525.0 n -903.026001
1525.0 1650.0 a -1485.488403
1650.0 1695.0 d -584.088501
1695.0 1800.0 ac -1232.055298
1800.0 1820.0 t -317.219421
1820.0 1835.0 ssil -196.178986
1835.0 1850.0 ssil -203.157562 ZE
1850.0 1930.0 s -1027.606079
1930.0 1950.0 @ -271.657776
1950.0 1965.0 ssil -196.587296
1965.0 1980.0 ssil -190.538635 DOOR
1980.0 2050.0 d -890.366272
2050.0 2195.0 o -1564.910278
2195.0 2210.0 ssil -206.142838
2210.0 2225.0 ssil -174.149551 EEN
2225.0 2240.0 n -167.322845
2240.0 2255.0 ssil -204.343765
2255.0 2270.0 ssil -211.043045 ONBEKENDE
2270.0 2360.0 oc -1101.183716
2360.0 2445.0 n -957.593323
2445.0 2515.0 @ -928.901062
2515.0 2575.0 k -846.282227
2575.0 2645.0 ec -894.183044
2645.0 2695.0 n -609.124146
2695.0 2710.0 d -235.194687
2710.0 2740.0 @ -374.085022
2740.0 2755.0 ssil -205.691620
2755.0 2770.0 ssil -201.629333 PERSOON
2770.0 2830.0 p -827.592102
2830.0 2955.0 s -1525.563477
2955.0 3060.0 o -1260.321899
3060.0 3140.0 n -1060.323242
3140.0 3155.0 ssil -217.778473
3155.0 3170.0 ssil -214.880783 IS
3170.0 3240.0 ic -840.873291
3240.0 3290.0 s -631.460327
3290.0 3305.0 ssil -186.107376
3305.0 3320.0 ssil -189.022003 GEKUST
3320.0 3390.0 x -851.706299
3390.0 3605.0 @ -2781.467285
3605.0 3620.0 k -224.126190
3620.0 3635.0 u -238.373917
3635.0 3805.0 s -2263.980469
3805.0 3840.0 t -518.139160
3840.0 4250.0 ssil -4875.149902
.
