#!MLF!#
"/net/aistaff/aki/_same-utterance/wav/03/Oost_Overijsel-Gelderland/13550-1465927214-2315910.rec"
0.0 790.0 ssil -9643.664062 JEANNETTE
790.0 990.0 z -2512.799072
990.0 1055.0 @ -796.064636
1055.0 1125.0 n -839.171631
1125.0 1210.0 ec -1024.691406
1210.0 1350.0 t -2014.161499
1350.0 1365.0 ssil -189.371338
1365.0 1380.0 ssil -195.657928 LACHT
1380.0 1645.0 l -3463.075195
1645.0 1730.0 ac -1209.013550
1730.0 1885.0 x -2118.195557
1885.0 1935.0 t -671.680542
1935.0 1950.0 ssil -196.398346
1950.0 1975.0 ssil -325.958862 NADAT
1975.0 2000.0 n -351.595612
2000.0 2085.0 @ -1148.923462
2085.0 2115.0 d -413.403046
2115.0 2200.0 ac -1096.540405
2200.0 2215.0 t -212.013474
2215.0 2230.0 ssil -211.523804
2230.0 2245.0 ssil -225.943558 ZE
2245.0 2340.0 s -1197.943359
2340.0 2360.0 ssil -295.630585
2360.0 2390.0 ssil -457.353455 DOOR
2390.0 2445.0 d -771.694702
2445.0 2650.0 o -2391.974365
2650.0 2665.0 ssil -216.515747
2665.0 2680.0 ssil -196.837952 EEN
2680.0 2750.0 n -924.493103
2750.0 2770.0 ssil -331.223175
2770.0 2795.0 ssil -407.490479 ONBEKENDE
2795.0 2890.0 oc -1053.226929
2890.0 2940.0 n -525.518005
2940.0 3015.0 b -889.940247
3015.0 3075.0 @ -902.401062
3075.0 3165.0 k -1272.180420
3165.0 3195.0 ec -412.663879
3195.0 3260.0 n -753.137573
3260.0 3275.0 d -213.111450
3275.0 3300.0 @ -342.035004
3300.0 3350.0 ssil -652.315125
3350.0 3370.0 ssil -228.688004 PERSOON
3370.0 3445.0 p -1049.790771
3445.0 3485.0 @ -537.225525
3485.0 3520.0 r -594.629578
3520.0 3645.0 s -1689.243408
3645.0 3780.0 o -1582.690796
3780.0 3820.0 n -562.700195
3820.0 3835.0 ssil -206.243774
3835.0 3850.0 ssil -204.984177 IS
3850.0 3880.0 ic -393.435822
3880.0 3975.0 s -1403.812256
3975.0 4050.0 ssil -1087.943970
4050.0 4070.0 ssil -259.769348 GEKUST
4070.0 4200.0 gc -1632.681396
4200.0 4305.0 @ -1210.322266
4305.0 4425.0 k -1621.048218
4425.0 4440.0 u -261.942413
4440.0 4480.0 s -603.359192
4480.0 4600.0 ssil -1474.170776
.
