#!MLF!#
"/net/aistaff/aki/_same-utterance/wav/03/Oost_Overijsel-Gelderland/13884-1465541975-2289734.rec"
0.0 520.0 ssil -5605.624023 JEANNETTE
520.0 645.0 sc -1767.145752
645.0 665.0 @ -282.979370
665.0 745.0 n -943.753174
745.0 850.0 ec -1404.390747
850.0 910.0 t -825.695129
910.0 925.0 ssil -203.226196
925.0 945.0 ssil -279.089722 LACHT
945.0 1065.0 l -1537.341187
1065.0 1170.0 ac -1342.218872
1170.0 1265.0 x -1205.276245
1265.0 1375.0 t -1473.235840
1375.0 1415.0 ssil -527.808594
1415.0 1515.0 ssil -1380.891479 NADAT
1515.0 1605.0 n -1188.895630
1605.0 1720.0 ac -1430.195923
1720.0 1750.0 d -415.392731
1750.0 1830.0 ac -988.581299
1830.0 1845.0 t -226.845612
1845.0 1860.0 ssil -217.992661
1860.0 1875.0 ssil -222.239075 ZE
1875.0 1960.0 s -1046.859619
1960.0 1995.0 @ -454.612671
1995.0 2015.0 ssil -267.609222
2015.0 2030.0 ssil -223.161835 DOOR
2030.0 2075.0 d -588.970093
2075.0 2210.0 o -1510.019775
2210.0 2230.0 r -269.041138
2230.0 2245.0 ssil -219.162094
2245.0 2260.0 ssil -247.474167 EEN
2260.0 2295.0 @ -474.126831
2295.0 2310.0 ssil -228.834656
2310.0 2325.0 ssil -225.551498 ONBEKENDE
2325.0 2425.0 oc -1216.461304
2425.0 2500.0 n -897.013000
2500.0 2525.0 b -389.695984
2525.0 2615.0 @ -1289.299683
2615.0 2670.0 k -764.795898
2670.0 2750.0 ec -1030.803467
2750.0 2800.0 n -651.690063
2800.0 2815.0 d -217.604553
2815.0 2890.0 @ -975.369324
2890.0 2905.0 ssil -187.572586
2905.0 2920.0 ssil -213.959549 PERSOON
2920.0 2950.0 p -438.894165
2950.0 2975.0 @ -335.363281
2975.0 3115.0 s -1743.655273
3115.0 3315.0 o -2073.568115
3315.0 3445.0 n -1705.050171
3445.0 3460.0 ssil -200.976227
3460.0 3485.0 ssil -376.665619 IS
3485.0 3585.0 ic -1246.578125
3585.0 3670.0 s -1132.130127
3670.0 3685.0 ssil -190.243011
3685.0 3705.0 ssil -250.630539 GEKUST
3705.0 3865.0 gc -2147.364258
3865.0 3985.0 @ -1513.832886
3985.0 4000.0 k -211.030746
4000.0 4015.0 u -248.263184
4015.0 4205.0 s -2375.062988
4205.0 4265.0 t -866.747070
4265.0 4295.0 ssil -442.662567
.
