#!MLF!#
"/net/aistaff/aki/_same-utterance/wav/03/Oost_Overijsel-Gelderland/14949-1464355452-2033969.rec"
0.0 1015.0 ssil -12281.500977 JEANNETTE
1015.0 1135.0 sc -1537.192871
1135.0 1220.0 @ -1081.568115
1220.0 1335.0 n -1535.934937
1335.0 1445.0 ec -1435.477051
1445.0 1465.0 t -309.912994
1465.0 1500.0 ssil -508.973175
1500.0 1550.0 ssil -755.755676 LACHT
1550.0 1640.0 l -1204.798462
1640.0 1790.0 ac -1963.451294
1790.0 2005.0 x -2964.167480
2005.0 2080.0 ssil -871.996582
2080.0 2230.0 ssil -1737.134277 NADAT
2230.0 2460.0 n -3197.058350
2460.0 2540.0 @ -1041.233887
2540.0 2555.0 d -240.821579
2555.0 2600.0 ac -627.608887
2600.0 2615.0 t -249.586502
2615.0 2630.0 ssil -234.134476
2630.0 2645.0 ssil -222.392548 ZE
2645.0 2720.0 z -1081.336548
2720.0 2735.0 ssil -214.106628
2735.0 2750.0 ssil -199.213333 DOOR
2750.0 2810.0 d -754.475952
2810.0 2990.0 o -2036.833740
2990.0 3005.0 ssil -185.847824
3005.0 3020.0 ssil -188.877380 EEN
3020.0 3140.0 n -1467.782959
3140.0 3155.0 ssil -200.151413
3155.0 3170.0 ssil -203.174149 ONBEKENDE
3170.0 3255.0 oc -1157.892578
3255.0 3360.0 n -1215.712646
3360.0 3450.0 @ -1273.790771
3450.0 3500.0 k -734.115723
3500.0 3550.0 ec -683.277893
3550.0 3645.0 n -1098.119263
3645.0 3675.0 d -396.346832
3675.0 3740.0 @ -858.349060
3740.0 3765.0 ssil -309.368347
3765.0 3785.0 ssil -259.128723 PERSOON
3785.0 3815.0 p -403.688446
3815.0 3870.0 @ -699.702332
3870.0 4025.0 s -2064.621094
4025.0 4160.0 o -1576.893188
4160.0 4240.0 n -1029.553711
4240.0 4255.0 ssil -238.144516
4255.0 4270.0 ssil -230.728226 IS
4270.0 4295.0 ic -349.139832
4295.0 4380.0 s -1071.292236
4380.0 4395.0 ssil -183.501465
4395.0 4420.0 ssil -346.918030 GEKUST
4420.0 4445.0 gc -331.124390
4445.0 4575.0 @ -1578.198242
4575.0 4650.0 k -1145.168945
4650.0 4735.0 u -1167.550659
4735.0 4880.0 s -2029.038452
4880.0 5410.0 ssil -6239.557129
.
