#!MLF!#
"/net/aistaff/aki/_same-utterance/wav/03/Oost_Overijsel-Gelderland/15271-1464426861-2082322.rec"
0.0 490.0 ssil -5948.904785 JEANNETTE
490.0 595.0 sc -1316.927734
595.0 660.0 @ -879.400024
660.0 740.0 n -932.651978
740.0 835.0 ec -1004.299194
835.0 955.0 t -1624.627563
955.0 970.0 ssil -238.018158
970.0 985.0 ssil -195.638916 LACHT
985.0 1085.0 l -1116.322021
1085.0 1195.0 ac -1371.130005
1195.0 1245.0 x -694.492310
1245.0 1360.0 ssil -1679.539429
1360.0 1475.0 ssil -1463.936768 NADAT
1475.0 1510.0 n -512.725098
1510.0 1565.0 @ -668.888916
1565.0 1630.0 d -913.644287
1630.0 1680.0 ac -618.829224
1680.0 1720.0 t -617.951721
1720.0 1735.0 ssil -232.156464
1735.0 1750.0 ssil -215.391235 ZE
1750.0 1855.0 s -1295.098389
1855.0 1880.0 @ -318.547699
1880.0 1895.0 ssil -214.521713
1895.0 1910.0 ssil -216.178238 DOOR
1910.0 1950.0 d -571.575989
1950.0 2090.0 o -1399.465576
2090.0 2105.0 ssil -217.973190
2105.0 2120.0 ssil -218.605576 EEN
2120.0 2135.0 @ -193.994919
2135.0 2150.0 ssil -192.037766
2150.0 2165.0 ssil -193.809952 ONBEKENDE
2165.0 2240.0 oc -873.444153
2240.0 2355.0 n -1383.034424
2355.0 2375.0 b -274.013092
2375.0 2400.0 @ -292.143768
2400.0 2460.0 k -861.536987
2460.0 2505.0 ec -531.593384
2505.0 2570.0 n -797.201050
2570.0 2590.0 d -271.933777
2590.0 2605.0 @ -193.399933
2605.0 2620.0 ssil -205.072922
2620.0 2635.0 ssil -242.462982 PERSOON
2635.0 2660.0 p -397.012360
2660.0 2680.0 @ -297.279846
2680.0 2810.0 s -1707.514526
2810.0 2930.0 o -1349.023315
2930.0 2970.0 n -522.863953
2970.0 2985.0 ssil -203.286728
2985.0 3000.0 ssil -204.170715 IS
3000.0 3020.0 ic -328.145660
3020.0 3145.0 s -1830.497314
3145.0 3185.0 ssil -581.636108
3185.0 3205.0 ssil -269.526367 GEKUST
3205.0 3250.0 x -580.603088
3250.0 3270.0 @ -244.511215
3270.0 3345.0 k -1064.384033
3345.0 3415.0 u -846.580627
3415.0 3615.0 s -2436.284912
3615.0 3690.0 t -1062.239258
3690.0 4135.0 ssil -5065.286621
.
