#!MLF!#
"/net/aistaff/aki/_same-utterance/wav/03/Oost_Overijsel-Gelderland/1621-1449234103-194453.rec"
0.0 485.0 ssil -5841.025879 JEANNETTE
485.0 585.0 sc -1443.474609
585.0 625.0 @ -484.868988
625.0 690.0 n -834.893799
690.0 770.0 ec -864.801941
770.0 785.0 t -249.096786
785.0 800.0 ssil -218.186264
800.0 815.0 ssil -244.666840 LACHT
815.0 915.0 l -1329.855225
915.0 1015.0 ac -1371.840088
1015.0 1080.0 x -876.414062
1080.0 1095.0 ssil -228.647675
1095.0 1125.0 ssil -412.625000 NADAT
1125.0 1160.0 n -547.186768
1160.0 1265.0 @ -1308.872070
1265.0 1295.0 d -418.946106
1295.0 1370.0 ac -914.884033
1370.0 1385.0 t -221.563889
1385.0 1405.0 ssil -322.972015
1405.0 1425.0 ssil -298.394867 ZE
1425.0 1480.0 z -703.109741
1480.0 1495.0 ssil -262.820831
1495.0 1510.0 ssil -229.876297 DOOR
1510.0 1560.0 d -667.778320
1560.0 1660.0 o -1179.783447
1660.0 1675.0 ssil -230.039963
1675.0 1690.0 ssil -211.860214 EEN
1690.0 1710.0 n -274.168640
1710.0 1725.0 ssil -237.108658
1725.0 1740.0 ssil -243.567947 ONBEKENDE
1740.0 1800.0 oc -762.529175
1800.0 1870.0 n -806.580139
1870.0 1895.0 b -375.080963
1895.0 1970.0 @ -1168.395752
1970.0 2010.0 k -637.971924
2010.0 2075.0 ec -768.023926
2075.0 2120.0 n -552.462585
2120.0 2135.0 d -194.405304
2135.0 2170.0 @ -446.376312
2170.0 2185.0 ssil -217.270126
2185.0 2205.0 ssil -294.844727 PERSOON
2205.0 2240.0 p -530.089233
2240.0 2290.0 r -668.860901
2290.0 2425.0 s -1731.505615
2425.0 2515.0 o -1063.427979
2515.0 2565.0 n -620.753906
2565.0 2580.0 ssil -235.478058
2580.0 2595.0 ssil -225.612473 IS
2595.0 2620.0 ic -365.709442
2620.0 2760.0 s -1855.915649
2760.0 2840.0 ssil -1113.967407
2840.0 2860.0 ssil -375.563507 GEKUST
2860.0 2885.0 x -404.298004
2885.0 2950.0 @ -680.309143
2950.0 2965.0 k -232.724014
2965.0 2980.0 u -253.827789
2980.0 3190.0 s -2564.350342
3190.0 3205.0 ssil -202.572754
.
