#!MLF!#
"/net/aistaff/aki/_same-utterance/wav/03/Oost_Overijsel-Gelderland/16300-1464112699-1875750.rec"
0.0 310.0 ssil -2712.856445 JEANNETTE
310.0 465.0 sc -1913.351318
465.0 520.0 @ -704.373108
520.0 605.0 n -962.366028
605.0 780.0 ec -1982.068115
780.0 880.0 t -1356.774780
880.0 895.0 ssil -224.950226
895.0 940.0 ssil -619.607727 LACHT
940.0 1070.0 l -1564.880127
1070.0 1185.0 ac -1360.792847
1185.0 1325.0 x -1809.614746
1325.0 1405.0 t -1058.843140
1405.0 1435.0 ssil -359.516327
1435.0 1460.0 ssil -336.464111 NADAT
1460.0 1545.0 n -1140.716553
1545.0 1645.0 a -1159.938354
1645.0 1685.0 d -583.962036
1685.0 1785.0 ac -1350.960693
1785.0 1800.0 t -228.009155
1800.0 1815.0 ssil -202.102814
1815.0 1865.0 ssil -689.187195 ZE
1865.0 1950.0 s -1148.902832
1950.0 1985.0 @ -424.391693
1985.0 2000.0 ssil -212.783279
2000.0 2015.0 ssil -187.854523 DOOR
2015.0 2075.0 d -813.440552
2075.0 2290.0 o -2420.849609
2290.0 2340.0 r -672.285950
2340.0 2355.0 ssil -209.633255
2355.0 2370.0 ssil -208.547882 EEN
2370.0 2385.0 @ -191.096268
2385.0 2400.0 ssil -188.218826
2400.0 2415.0 ssil -213.438797 ONBEKENDE
2415.0 2520.0 oc -1212.974609
2520.0 2625.0 n -1206.335083
2625.0 2735.0 @ -1417.820679
2735.0 2790.0 k -793.781433
2790.0 2865.0 ec -936.225830
2865.0 2925.0 n -724.935486
2925.0 2940.0 d -220.106323
2940.0 3005.0 @ -818.797058
3005.0 3030.0 ssil -280.239288
3030.0 3045.0 ssil -168.347580 PERSOON
3045.0 3095.0 p -666.013489
3095.0 3140.0 @ -573.391785
3140.0 3280.0 s -2021.726074
3280.0 3435.0 o -1607.609131
3435.0 3505.0 n -903.328369
3505.0 3520.0 ssil -194.535080
3520.0 3550.0 ssil -391.059387 IS
3550.0 3640.0 ic -1101.820557
3640.0 3725.0 s -1142.755493
3725.0 3820.0 ssil -1248.662354
3820.0 3890.0 ssil -960.567993 GEKUST
3890.0 3935.0 gc -699.832703
3935.0 4015.0 @ -843.194580
4015.0 4030.0 k -228.272278
4030.0 4045.0 u -248.184860
4045.0 4310.0 s -3443.559570
4310.0 4805.0 ssil -6087.312500
.
