#!MLF!#
"/net/aistaff/aki/_same-utterance/wav/03/Oost_Overijsel-Gelderland/16318-1464120809-1886627.rec"
0.0 660.0 ssil -7013.314941 JEANNETTE
660.0 800.0 sc -1676.280762
800.0 860.0 @ -742.025818
860.0 920.0 n -721.830872
920.0 1020.0 ec -1185.433350
1020.0 1095.0 t -999.952698
1095.0 1110.0 ssil -214.679871
1110.0 1130.0 ssil -284.563446 LACHT
1130.0 1205.0 l -1153.790771
1205.0 1335.0 ac -1659.986206
1335.0 1435.0 x -1381.850098
1435.0 1525.0 t -1198.353638
1525.0 1560.0 ssil -525.034851
1560.0 1655.0 ssil -1249.303101 NADAT
1655.0 1695.0 n -553.292908
1695.0 1795.0 a -1263.973877
1795.0 1835.0 d -594.854858
1835.0 1920.0 ac -1090.634399
1920.0 1935.0 t -220.679703
1935.0 1950.0 ssil -217.951080
1950.0 1965.0 ssil -225.381302 ZE
1965.0 2055.0 s -1128.420288
2055.0 2080.0 @ -330.472534
2080.0 2095.0 ssil -229.886215
2095.0 2110.0 ssil -226.408829 DOOR
2110.0 2155.0 d -711.312866
2155.0 2330.0 o -2155.352539
2330.0 2345.0 ssil -209.577927
2345.0 2360.0 ssil -219.856430 EEN
2360.0 2400.0 @ -567.837402
2400.0 2430.0 ssil -393.831390
2430.0 2470.0 ssil -528.574219 ONBEKENDE
2470.0 2575.0 oc -1432.218628
2575.0 2655.0 n -945.142273
2655.0 2685.0 b -483.473450
2685.0 2760.0 @ -1069.307739
2760.0 2815.0 k -842.256897
2815.0 2900.0 ec -1032.060547
2900.0 2965.0 n -810.876343
2965.0 2980.0 d -193.938416
2980.0 2995.0 @ -189.351105
2995.0 3010.0 ssil -189.305435
3010.0 3025.0 ssil -205.133728 PERSOON
3025.0 3050.0 p -351.442108
3050.0 3080.0 @ -412.053040
3080.0 3255.0 s -2310.308838
3255.0 3410.0 o -1914.163818
3410.0 3445.0 n -469.917664
3445.0 3460.0 ssil -252.072250
3460.0 3475.0 ssil -244.775482 IS
3475.0 3520.0 ic -642.469055
3520.0 3635.0 s -1544.524902
3635.0 3710.0 ssil -1073.322754
3710.0 3820.0 ssil -1433.693970 GEKUST
3820.0 3850.0 x -431.088806
3850.0 3925.0 @ -806.957825
3925.0 3940.0 k -240.216446
3940.0 3955.0 u -260.232635
3955.0 4100.0 s -1810.284790
4100.0 4205.0 t -1448.063599
4205.0 4480.0 ssil -3055.090332
.
