#!MLF!#
"/net/aistaff/aki/_same-utterance/wav/03/Oost_Overijsel-Gelderland/16497-1464630663-2155706.rec"
0.0 440.0 ssil -4292.060547 JEANNETTE
440.0 620.0 sc -2141.154053
620.0 635.0 @ -210.296570
635.0 730.0 n -1078.112549
730.0 865.0 ec -1972.809814
865.0 920.0 t -808.334961
920.0 945.0 ssil -340.070129
945.0 970.0 ssil -347.336761 LACHT
970.0 1085.0 l -1495.997437
1085.0 1190.0 ac -1373.413452
1190.0 1325.0 x -1769.212524
1325.0 1390.0 t -850.624084
1390.0 1580.0 ssil -2277.230957
1580.0 1690.0 ssil -1296.595215 NADAT
1690.0 1735.0 n -707.996826
1735.0 1860.0 a -1541.116699
1860.0 1895.0 d -506.657593
1895.0 1975.0 ac -1120.620972
1975.0 1990.0 t -233.933533
1990.0 2015.0 ssil -347.650391
2015.0 2055.0 ssil -509.601166 ZE
2055.0 2140.0 s -1138.775269
2140.0 2155.0 ssil -257.205139
2155.0 2170.0 ssil -209.671860 DOOR
2170.0 2270.0 d -1300.973145
2270.0 2455.0 o -2164.887451
2455.0 2470.0 ssil -205.974716
2470.0 2485.0 ssil -203.376617 EEN
2485.0 2500.0 @ -180.623398
2500.0 2515.0 ssil -202.816666
2515.0 2550.0 ssil -487.250488 ONBEKENDE
2550.0 2690.0 oc -1860.035645
2690.0 2770.0 n -884.074890
2770.0 2795.0 b -385.703979
2795.0 2880.0 @ -1271.485107
2880.0 2935.0 k -820.787292
2935.0 3020.0 ec -1133.860596
3020.0 3095.0 n -804.328003
3095.0 3110.0 d -202.954773
3110.0 3155.0 @ -579.824646
3155.0 3170.0 ssil -200.430862
3170.0 3210.0 ssil -467.577820 PERSOON
3210.0 3255.0 p -583.818542
3255.0 3280.0 @ -334.957855
3280.0 3425.0 s -1942.001099
3425.0 3590.0 o -1788.958374
3590.0 3630.0 n -508.022736
3630.0 3680.0 ssil -665.953064
3680.0 3910.0 ssil -2651.822510 IS
3910.0 3945.0 ic -526.395081
3945.0 4035.0 s -1167.155518
4035.0 4105.0 ssil -935.907776
4105.0 4245.0 ssil -1655.893311 GEKUST
4245.0 4270.0 x -361.218811
4270.0 4390.0 @ -1611.911133
4390.0 4420.0 k -438.280396
4420.0 4435.0 u -265.257324
4435.0 4670.0 s -2973.423584
4670.0 4735.0 ssil -763.113831
.
