#!MLF!#
"/net/aistaff/aki/_same-utterance/wav/03/Oost_Overijsel-Gelderland/16505-1464543234-2125053.rec"
0.0 635.0 ssil -5430.080566 JEANNETTE
635.0 700.0 z -879.956116
700.0 730.0 @ -381.271210
730.0 815.0 n -1033.209717
815.0 930.0 ec -1599.786987
930.0 980.0 t -653.366699
980.0 995.0 ssil -206.719101
995.0 1010.0 ssil -210.594116 LACHT
1010.0 1105.0 l -1176.338867
1105.0 1175.0 ac -859.984863
1175.0 1225.0 x -717.752258
1225.0 1270.0 t -611.373779
1270.0 1285.0 ssil -204.818314
1285.0 1310.0 ssil -356.024323 NADAT
1310.0 1325.0 n -244.753601
1325.0 1485.0 a -2203.481445
1485.0 1615.0 d -1912.027466
1615.0 1790.0 ac -2074.407471
1790.0 1805.0 t -230.367249
1805.0 1820.0 ssil -209.993011
1820.0 1835.0 ssil -214.119431 ZE
1835.0 1910.0 s -987.896362
1910.0 1925.0 ssil -212.133636
1925.0 1940.0 ssil -207.189575 DOOR
1940.0 2000.0 d -861.157104
2000.0 2150.0 o -1701.281372
2150.0 2165.0 ssil -218.489471
2165.0 2180.0 ssil -212.108871 EEN
2180.0 2195.0 @ -214.507523
2195.0 2210.0 ssil -210.288162
2210.0 2225.0 ssil -245.501022 ONBEKENDE
2225.0 2320.0 oc -1216.139526
2320.0 2410.0 n -1097.382080
2410.0 2485.0 @ -1001.386108
2485.0 2545.0 k -947.388000
2545.0 2615.0 ec -997.617798
2615.0 2650.0 n -423.131927
2650.0 2665.0 d -206.197983
2665.0 2745.0 @ -949.200684
2745.0 2760.0 ssil -181.478119
2760.0 2775.0 ssil -206.349197 PERSOON
2775.0 2805.0 p -426.562408
2805.0 2830.0 r -339.999939
2830.0 2955.0 s -1816.336792
2955.0 3085.0 o -1673.394043
3085.0 3125.0 n -478.839752
3125.0 3140.0 ssil -188.173889
3140.0 3155.0 ssil -201.491959 IS
3155.0 3175.0 ic -326.700684
3175.0 3325.0 s -2164.031982
3325.0 3355.0 ssil -396.223572
3355.0 3440.0 ssil -1197.106812 GEKUST
3440.0 3465.0 x -398.391663
3465.0 3545.0 @ -905.638672
3545.0 3565.0 k -294.977417
3565.0 3580.0 u -279.096161
3580.0 3760.0 s -2428.524902
3760.0 3855.0 ssil -1113.252197
.
