#!MLF!#
"/net/aistaff/aki/_same-utterance/wav/03/Oost_Overijsel-Gelderland/1654-1449405519-351894.rec"
0.0 565.0 ssil -6615.109375 JEANNETTE
565.0 675.0 sc -1331.002808
675.0 720.0 @ -542.528198
720.0 775.0 n -732.070801
775.0 895.0 ec -1479.479004
895.0 945.0 t -748.321411
945.0 960.0 ssil -209.105927
960.0 985.0 ssil -360.496918 LACHT
985.0 1110.0 l -1692.957397
1110.0 1220.0 ac -1259.690796
1220.0 1325.0 x -1483.678101
1325.0 1505.0 t -2286.508057
1505.0 1700.0 ssil -2210.906006
1700.0 1820.0 ssil -1500.172485 NADAT
1820.0 1860.0 n -624.637268
1860.0 1965.0 a -1230.549561
1965.0 1990.0 d -328.592194
1990.0 2035.0 ac -568.962952
2035.0 2050.0 t -230.504791
2050.0 2075.0 ssil -349.961334
2075.0 2090.0 ssil -223.542847 ZE
2090.0 2150.0 s -826.503235
2150.0 2180.0 @ -386.229431
2180.0 2195.0 ssil -214.362747
2195.0 2210.0 ssil -206.912262 DOOR
2210.0 2265.0 d -772.666077
2265.0 2380.0 o -1121.757446
2380.0 2395.0 ssil -207.875916
2395.0 2410.0 ssil -216.201935 EEN
2410.0 2425.0 @ -232.601959
2425.0 2445.0 ssil -299.596313
2445.0 2460.0 ssil -244.565826 ONBEKENDE
2460.0 2575.0 oc -1330.781128
2575.0 2660.0 n -1080.139893
2660.0 2680.0 b -325.525513
2680.0 2745.0 @ -1025.849976
2745.0 2795.0 k -761.270325
2795.0 2865.0 ec -912.417542
2865.0 2910.0 n -655.277344
2910.0 2925.0 d -217.197525
2925.0 2960.0 @ -444.391357
2960.0 2980.0 ssil -276.165100
2980.0 3015.0 ssil -469.731659 PERSOON
3015.0 3045.0 p -430.419464
3045.0 3095.0 r -634.948975
3095.0 3225.0 s -1641.842407
3225.0 3345.0 o -1331.728149
3345.0 3425.0 n -1156.802246
3425.0 3555.0 ssil -1942.965576
3555.0 3660.0 ssil -1480.376343 IS
3660.0 3765.0 ic -1283.434814
3765.0 4060.0 s -3952.275146
4060.0 4350.0 ssil -3327.531250
4350.0 4380.0 ssil -351.243713 GEKUST
4380.0 4415.0 gc -452.528717
4415.0 4755.0 @ -4229.884766
4755.0 4780.0 k -368.627136
4780.0 4795.0 u -228.709793
4795.0 4810.0 s -232.815170
4810.0 5645.0 ssil -9299.269531
.
