#!MLF!#
"/net/aistaff/aki/_same-utterance/wav/03/Oost_Overijsel-Gelderland/16621-1465152632-2243338.rec"
0.0 120.0 ssil -1534.289673 JEANNETTE
120.0 215.0 sc -1250.919434
215.0 250.0 @ -434.143951
250.0 330.0 n -978.352539
330.0 420.0 ec -1165.567993
420.0 435.0 t -228.648834
435.0 470.0 ssil -545.964905
470.0 490.0 ssil -277.568909 LACHT
490.0 630.0 l -1759.084717
630.0 720.0 ac -1101.443726
720.0 905.0 x -2371.648926
905.0 920.0 ssil -205.360641
920.0 970.0 ssil -663.080078 NADAT
970.0 985.0 n -216.406219
985.0 1085.0 a -1122.324097
1085.0 1100.0 d -212.064240
1100.0 1185.0 ac -1079.870361
1185.0 1205.0 t -299.022369
1205.0 1220.0 ssil -197.662323
1220.0 1235.0 ssil -191.887360 ZE
1235.0 1295.0 s -834.936768
1295.0 1310.0 ssil -223.840378
1310.0 1325.0 ssil -201.061813 DOOR
1325.0 1355.0 d -379.988312
1355.0 1485.0 o -1427.776733
1485.0 1500.0 ssil -211.937393
1500.0 1515.0 ssil -215.803329 EEN
1515.0 1545.0 n -380.743408
1545.0 1560.0 ssil -206.670090
1560.0 1575.0 ssil -226.063950 ONBEKENDE
1575.0 1625.0 oc -592.168274
1625.0 1695.0 n -813.412048
1695.0 1775.0 @ -1284.902222
1775.0 1820.0 k -630.793640
1820.0 1875.0 ec -681.687500
1875.0 1935.0 n -742.453430
1935.0 1950.0 d -212.917175
1950.0 2005.0 @ -707.504883
2005.0 2020.0 ssil -182.662323
2020.0 2035.0 ssil -213.152863 PERSOON
2035.0 2075.0 p -594.005127
2075.0 2115.0 r -566.440247
2115.0 2210.0 s -1346.855713
2210.0 2295.0 o -1094.021606
2295.0 2340.0 n -646.027527
2340.0 2355.0 ssil -245.632584
2355.0 2370.0 ssil -210.703445 IS
2370.0 2390.0 ic -277.948639
2390.0 2455.0 s -813.631653
2455.0 2470.0 ssil -203.093719
2470.0 2485.0 ssil -206.813629 GEKUST
2485.0 2540.0 x -755.751953
2540.0 2600.0 @ -846.761353
2600.0 2685.0 k -1162.120239
2685.0 2765.0 u -1060.931396
2765.0 2960.0 s -2480.206055
2960.0 3045.0 t -1204.305786
3045.0 3275.0 ssil -2603.632324
.
