#!MLF!#
"/net/aistaff/aki/_same-utterance/wav/03/Oost_Overijsel-Gelderland/17226-1472584392-2478043.rec"
0.0 630.0 ssil -7343.489258 JEANNETTE
630.0 775.0 sc -1753.883545
775.0 825.0 @ -671.812134
825.0 885.0 n -783.793152
885.0 990.0 ec -1489.913940
990.0 1050.0 t -847.721069
1050.0 1080.0 ssil -398.339661
1080.0 1105.0 ssil -382.141724 LACHT
1105.0 1175.0 l -938.902649
1175.0 1275.0 ac -1336.179810
1275.0 1490.0 x -2709.786377
1490.0 1600.0 t -1511.752808
1600.0 1620.0 ssil -264.250916
1620.0 2320.0 ssil -8078.118652 NADAT
2320.0 2355.0 n -485.422821
2355.0 2430.0 a -880.650269
2430.0 2515.0 d -1266.291504
2515.0 2620.0 ac -1446.708252
2620.0 2650.0 t -446.243896
2650.0 2665.0 ssil -225.399261
2665.0 2680.0 ssil -215.143738 ZE
2680.0 2810.0 s -1644.106812
2810.0 3065.0 @ -2865.325684
3065.0 3160.0 ssil -1109.311646
3160.0 3605.0 ssil -4768.372070 DOOR
3605.0 3645.0 d -642.174988
3645.0 3795.0 o -1941.747192
3795.0 3810.0 ssil -229.045731
3810.0 3825.0 ssil -199.105453 EEN
3825.0 3875.0 n -592.033569
3875.0 3900.0 ssil -314.751312
3900.0 3940.0 ssil -541.488281 ONBEKENDE
3940.0 4050.0 oc -1551.792969
4050.0 4065.0 n -190.231781
4065.0 4170.0 b -1275.879028
4170.0 4275.0 @ -1499.539185
4275.0 4330.0 k -877.789368
4330.0 4370.0 ec -573.076294
4370.0 4425.0 n -613.689514
4425.0 4455.0 d -468.640900
4455.0 4535.0 @ -1095.582886
4535.0 4550.0 ssil -186.249161
4550.0 4565.0 ssil -205.933395 PERSOON
4565.0 4595.0 p -458.002563
4595.0 4700.0 r -1452.956299
4700.0 4855.0 s -2006.371948
4855.0 5015.0 o -1776.570312
5015.0 5170.0 n -1716.299805
5170.0 5675.0 ssil -5745.942383
5675.0 5700.0 ssil -401.204620 IS
5700.0 5785.0 ic -1174.096313
5785.0 5925.0 s -1775.945801
5925.0 5940.0 ssil -225.151169
5940.0 5955.0 ssil -205.015442 GEKUST
5955.0 6000.0 x -626.185181
6000.0 6125.0 @ -1513.118652
6125.0 6175.0 k -711.425476
6175.0 6235.0 u -825.334534
6235.0 6495.0 s -3341.613525
6495.0 6580.0 t -1246.758667
6580.0 6945.0 ssil -4155.302734
.
