#!MLF!#
"/net/aistaff/aki/_same-utterance/wav/03/Oost_Overijsel-Gelderland/2982-1449736988-559524.rec"
0.0 730.0 ssil -8383.375000 JEANNETTE
730.0 850.0 sc -1538.740845
850.0 885.0 @ -412.346527
885.0 965.0 n -953.989746
965.0 1135.0 ec -2192.250000
1135.0 1150.0 t -253.153137
1150.0 1170.0 ssil -278.932861
1170.0 1185.0 ssil -202.686737 LACHT
1185.0 1220.0 l -456.057922
1220.0 1420.0 ac -2548.645020
1420.0 1450.0 x -448.184204
1450.0 1530.0 ssil -1091.739136
1530.0 1720.0 ssil -2359.950439 NADAT
1720.0 1760.0 n -501.878326
1760.0 1915.0 a -1670.794922
1915.0 1940.0 d -325.295288
1940.0 2000.0 ac -736.520752
2000.0 2075.0 t -1057.180786
2075.0 2090.0 ssil -206.862488
2090.0 2105.0 ssil -200.442688 ZE
2105.0 2125.0 z -256.658417
2125.0 2145.0 @ -253.520020
2145.0 2165.0 ssil -247.519760
2165.0 2180.0 ssil -202.835373 DOOR
2180.0 2205.0 d -318.222473
2205.0 2300.0 o -1007.544373
2300.0 2390.0 r -1121.026733
2390.0 2405.0 ssil -189.939636
2405.0 2420.0 ssil -192.364258 EEN
2420.0 2455.0 @ -434.893036
2455.0 2470.0 ssil -177.071533
2470.0 2485.0 ssil -205.625641 ONBEKENDE
2485.0 2595.0 oc -1297.121094
2595.0 2650.0 n -596.765930
2650.0 2690.0 b -575.711487
2690.0 2760.0 @ -919.495911
2760.0 2805.0 k -675.916443
2805.0 2860.0 ec -614.153320
2860.0 2915.0 n -570.444031
2915.0 2930.0 d -192.742249
2930.0 2980.0 @ -632.115601
2980.0 2995.0 ssil -194.264511
2995.0 3025.0 ssil -420.856384 PERSOON
3025.0 3055.0 p -433.229492
3055.0 3080.0 @ -376.464020
3080.0 3220.0 s -1784.158691
3220.0 3375.0 o -1693.912964
3375.0 3410.0 n -438.625641
3410.0 3425.0 ssil -181.650009
3425.0 3440.0 ssil -187.852936 IS
3440.0 3520.0 ic -990.296936
3520.0 3555.0 s -454.630035
3555.0 3715.0 ssil -2036.624634
3715.0 3790.0 ssil -927.129639 GEKUST
3790.0 3830.0 gc -641.873779
3830.0 3925.0 @ -1072.080200
3925.0 3940.0 k -230.409653
3940.0 3955.0 u -256.863007
3955.0 4085.0 s -1717.130737
4085.0 4715.0 ssil -7571.605957
.
