#!MLF!#
"/net/aistaff/aki/_same-utterance/wav/03/Oost_Overijsel-Gelderland/3377-1449533449-466390.rec"
0.0 575.0 ssil -6908.826660 JEANNETTE
575.0 685.0 sc -1463.014160
685.0 735.0 @ -669.444946
735.0 815.0 n -1004.867737
815.0 910.0 ec -1222.901611
910.0 990.0 t -1171.417236
990.0 1005.0 ssil -209.825623
1005.0 1025.0 ssil -283.167908 LACHT
1025.0 1075.0 l -717.852966
1075.0 1180.0 ac -1464.911987
1180.0 1305.0 x -1697.282227
1305.0 1430.0 t -1572.711060
1430.0 1605.0 ssil -2273.207031
1605.0 1625.0 ssil -342.165222 NADAT
1625.0 1665.0 n -614.483459
1665.0 1720.0 a -728.243408
1720.0 1780.0 d -827.187988
1780.0 1805.0 ac -350.340485
1805.0 1820.0 t -241.106964
1820.0 1840.0 ssil -287.605255
1840.0 1855.0 ssil -234.918381 ZE
1855.0 1960.0 s -1408.446411
1960.0 1975.0 @ -236.266434
1975.0 1990.0 ssil -253.214340
1990.0 2005.0 ssil -246.539963 DOOR
2005.0 2060.0 d -845.787964
2060.0 2160.0 o -1377.518188
2160.0 2175.0 ssil -243.682068
2175.0 2190.0 ssil -197.169312 EEN
2190.0 2295.0 n -1492.508301
2295.0 2380.0 ssil -1088.417725
2380.0 2395.0 ssil -244.986664 ONBEKENDE
2395.0 2465.0 oc -966.162842
2465.0 2570.0 n -999.984619
2570.0 2605.0 b -470.081329
2605.0 2640.0 @ -545.065796
2640.0 2720.0 k -1175.380981
2720.0 2760.0 ec -562.826904
2760.0 2825.0 n -772.039490
2825.0 2840.0 d -235.281601
2840.0 2860.0 @ -283.730713
2860.0 2875.0 ssil -196.220795
2875.0 2890.0 ssil -201.327530 PERSOON
2890.0 2980.0 p -1139.978394
2980.0 3015.0 r -580.144714
3015.0 3155.0 s -1947.162109
3155.0 3300.0 o -1783.994751
3300.0 3340.0 n -554.990784
3340.0 3355.0 ssil -211.367050
3355.0 3370.0 ssil -226.051956 IS
3370.0 3410.0 ic -618.241455
3410.0 3475.0 s -876.550354
3475.0 3490.0 ssil -254.560013
3490.0 3505.0 ssil -257.162781 GEKUST
3505.0 3565.0 x -814.136108
3565.0 3590.0 @ -361.727692
3590.0 3770.0 k -2530.778076
3770.0 3840.0 u -1039.452515
3840.0 3985.0 s -1961.035522
3985.0 4080.0 t -1250.125366
4080.0 4365.0 ssil -3730.356689
.
