#!MLF!#
"/net/aistaff/aki/_same-utterance/wav/03/Oost_Overijsel-Gelderland/3477-1449595180-480446.rec"
0.0 695.0 ssil -8252.373047 JEANNETTE
695.0 745.0 sc -737.890564
745.0 825.0 @ -1179.299927
825.0 880.0 n -787.609741
880.0 985.0 ec -1581.093750
985.0 1020.0 t -491.396851
1020.0 1035.0 ssil -211.869781
1035.0 1055.0 ssil -276.601898 LACHT
1055.0 1125.0 l -1011.555115
1125.0 1305.0 ac -2243.965088
1305.0 1385.0 x -1064.667358
1385.0 1525.0 ssil -1868.715576
1525.0 2060.0 ssil -6402.086914 NADAT
2060.0 2125.0 n -792.565002
2125.0 2205.0 a -1071.212646
2205.0 2270.0 d -875.743103
2270.0 2350.0 ac -1023.248657
2350.0 2370.0 t -257.554169
2370.0 2385.0 ssil -204.338562
2385.0 2405.0 ssil -278.953491 ZE
2405.0 2495.0 z -1105.656128
2495.0 2510.0 @ -187.761810
2510.0 2545.0 ssil -426.582062
2545.0 2575.0 ssil -373.350769 DOOR
2575.0 2600.0 d -327.705353
2600.0 2700.0 o -1199.193115
2700.0 2755.0 r -703.345764
2755.0 2820.0 ssil -784.310913
2820.0 2950.0 ssil -1536.137939 EEN
2950.0 3020.0 @ -913.543762
3020.0 3035.0 ssil -208.432861
3035.0 3050.0 ssil -194.133911 ONBEKENDE
3050.0 3065.0 oc -240.206070
3065.0 3095.0 n -488.463165
3095.0 3200.0 @ -1622.098389
3200.0 3240.0 k -615.589539
3240.0 3315.0 ec -1027.709229
3315.0 3355.0 n -519.651794
3355.0 3370.0 d -206.246384
3370.0 3385.0 @ -195.372467
3385.0 3400.0 ssil -185.234451
3400.0 3425.0 ssil -295.212952 PERSOON
3425.0 3440.0 p -199.201782
3440.0 3490.0 @ -596.607422
3490.0 3615.0 s -1695.856323
3615.0 3745.0 o -1604.639404
3745.0 3760.0 n -227.630814
3760.0 3775.0 ssil -225.104050
3775.0 3790.0 ssil -222.244675 IS
3790.0 3825.0 ic -480.015289
3825.0 3940.0 s -1595.657715
3940.0 4050.0 ssil -1464.706665
4050.0 4100.0 ssil -663.225769 GEKUST
4100.0 4135.0 gc -523.223328
4135.0 4230.0 @ -1273.157104
4230.0 4245.0 k -224.536865
4245.0 4260.0 u -230.357529
4260.0 4370.0 s -1367.221924
4370.0 5130.0 ssil -8955.784180
.
