#!MLF!#
"/net/aistaff/aki/_same-utterance/wav/03/Oost_Overijsel-Gelderland/3823-1452344804-876532.rec"
0.0 360.0 ssil -4525.807129 JEANNETTE
360.0 480.0 sc -1513.587769
480.0 520.0 @ -521.811951
520.0 575.0 n -802.678589
575.0 705.0 ec -1853.568604
705.0 765.0 t -894.765259
765.0 785.0 ssil -278.969177
785.0 800.0 ssil -212.076859 LACHT
800.0 930.0 l -1696.530762
930.0 1045.0 ac -1483.245850
1045.0 1155.0 x -1546.771973
1155.0 1230.0 t -1038.614380
1230.0 1245.0 ssil -209.468155
1245.0 1275.0 ssil -477.442413 NADAT
1275.0 1340.0 n -914.493835
1340.0 1450.0 a -1506.197754
1450.0 1485.0 d -535.338745
1485.0 1595.0 ac -1492.955688
1595.0 1635.0 t -614.007202
1635.0 1650.0 ssil -238.271210
1650.0 1665.0 ssil -223.154129 ZE
1665.0 1715.0 z -649.302673
1715.0 1735.0 @ -261.014099
1735.0 1760.0 ssil -332.341125
1760.0 1795.0 ssil -578.602234 DOOR
1795.0 1830.0 d -471.635773
1830.0 1985.0 o -1852.428101
1985.0 2105.0 r -1573.966431
2105.0 2120.0 ssil -225.121017
2120.0 2135.0 ssil -255.195206 EEN
2135.0 2165.0 @ -420.608887
2165.0 2180.0 ssil -210.359634
2180.0 2195.0 ssil -264.661804 ONBEKENDE
2195.0 2295.0 oc -1280.365356
2295.0 2385.0 n -1079.069580
2385.0 2420.0 b -487.774292
2420.0 2535.0 @ -1669.441650
2535.0 2590.0 k -837.039185
2590.0 2640.0 ec -720.538635
2640.0 2700.0 n -804.188354
2700.0 2715.0 d -205.181885
2715.0 2850.0 @ -1845.302246
2850.0 2865.0 ssil -228.904343
2865.0 2880.0 ssil -225.392532 PERSOON
2880.0 2895.0 p -232.171844
2895.0 2950.0 r -783.024292
2950.0 3110.0 s -2108.047607
3110.0 3300.0 o -2441.346680
3300.0 3315.0 n -235.631927
3315.0 3330.0 ssil -240.273102
3330.0 3345.0 ssil -270.556976 IS
3345.0 3395.0 ic -727.391174
3395.0 3480.0 s -1157.496826
3480.0 3495.0 ssil -218.209595
3495.0 3510.0 ssil -215.344666 GEKUST
3510.0 3600.0 gc -1116.793213
3600.0 3720.0 @ -1457.239990
3720.0 3780.0 k -875.093018
3780.0 3895.0 u -1499.171509
3895.0 4230.0 s -4293.165039
4230.0 4260.0 t -400.424652
4260.0 4275.0 ssil -203.132278
.
