#!MLF!#
"/net/aistaff/aki/_same-utterance/wav/03/Oost_Overijsel-Gelderland/3964-1449927432-609635.rec"
0.0 1225.0 ssil -13673.429688 JEANNETTE
1225.0 1400.0 z -2105.731445
1400.0 1440.0 @ -480.253021
1440.0 1500.0 n -755.806946
1500.0 1615.0 ec -1410.209961
1615.0 1630.0 t -272.493286
1630.0 1645.0 ssil -221.125381
1645.0 1660.0 ssil -194.963699 LACHT
1660.0 1760.0 l -1177.126099
1760.0 1855.0 ac -1126.214966
1855.0 1965.0 x -1544.770386
1965.0 2075.0 t -1433.090454
2075.0 2090.0 ssil -217.075317
2090.0 2115.0 ssil -327.167297 NADAT
2115.0 2200.0 n -957.869812
2200.0 2310.0 a -1273.465332
2310.0 2335.0 d -363.753601
2335.0 2415.0 ac -1014.873169
2415.0 2435.0 t -279.829865
2435.0 2450.0 ssil -201.655487
2450.0 2465.0 ssil -211.408279 ZE
2465.0 2510.0 z -602.482483
2510.0 2525.0 ssil -208.950058
2525.0 2540.0 ssil -189.118393 DOOR
2540.0 2620.0 d -943.991333
2620.0 2795.0 o -1770.690063
2795.0 2810.0 ssil -216.902817
2810.0 2825.0 ssil -216.751236 EEN
2825.0 2840.0 n -192.658218
2840.0 2855.0 ssil -199.466568
2855.0 2870.0 ssil -208.319122 ONBEKENDE
2870.0 2980.0 oc -1290.005371
2980.0 3075.0 n -1033.409790
3075.0 3175.0 @ -1343.869019
3175.0 3215.0 k -562.658447
3215.0 3260.0 ec -558.499512
3260.0 3345.0 n -947.017517
3345.0 3360.0 d -215.573441
3360.0 3385.0 @ -325.443268
3385.0 3400.0 ssil -182.498764
3400.0 3450.0 ssil -562.109436 PERSOON
3450.0 3490.0 p -510.056274
3490.0 3530.0 @ -551.992249
3530.0 3630.0 s -1343.064819
3630.0 3790.0 o -1780.690918
3790.0 3865.0 n -867.463684
3865.0 3880.0 ssil -214.110733
3880.0 3900.0 ssil -311.731079 IS
3900.0 3915.0 ic -239.899261
3915.0 3940.0 s -317.487000
3940.0 3955.0 ssil -196.042664
3955.0 3970.0 ssil -180.748581 GEKUST
3970.0 4000.0 gc -394.627289
4000.0 4100.0 @ -1186.696045
4100.0 4165.0 k -911.136597
4165.0 4255.0 u -1180.140503
4255.0 4415.0 s -2139.591064
4415.0 4490.0 t -986.652588
4490.0 4925.0 ssil -5139.046387
.
