#!MLF!#
"/net/aistaff/aki/_same-utterance/wav/03/Oost_Overijsel-Gelderland/4012-1450112019-621807.rec"
0.0 480.0 ssil -5710.234863 JEANNETTE
480.0 575.0 z -1150.763550
575.0 645.0 @ -823.034607
645.0 690.0 n -639.093384
690.0 770.0 ec -882.000183
770.0 785.0 t -231.976929
785.0 800.0 ssil -226.493622
800.0 830.0 ssil -517.648804 LACHT
830.0 905.0 l -1007.303711
905.0 1000.0 ac -1352.993408
1000.0 1150.0 x -2005.228516
1150.0 1255.0 t -1319.586670
1255.0 1470.0 ssil -2809.051758
1470.0 1520.0 ssil -609.092224 NADAT
1520.0 1560.0 n -528.522217
1560.0 1610.0 @ -662.578735
1610.0 1640.0 d -438.768524
1640.0 1735.0 ac -1166.468506
1735.0 1750.0 t -223.786499
1750.0 1765.0 ssil -195.112076
1765.0 1780.0 ssil -199.464874 ZE
1780.0 1820.0 z -511.671204
1820.0 1845.0 @ -343.523163
1845.0 1860.0 ssil -220.797012
1860.0 1875.0 ssil -224.026047 DOOR
1875.0 1920.0 d -617.970154
1920.0 1995.0 o -844.203918
1995.0 2010.0 ssil -217.834869
2010.0 2025.0 ssil -199.162720 EEN
2025.0 2055.0 @ -381.363831
2055.0 2110.0 n -753.936890
2110.0 2130.0 ssil -315.635712
2130.0 2155.0 ssil -382.689941 ONBEKENDE
2155.0 2235.0 oc -1100.693359
2235.0 2390.0 n -1899.943481
2390.0 2420.0 @ -441.197510
2420.0 2470.0 k -745.564087
2470.0 2515.0 ec -557.934143
2515.0 2575.0 n -805.516479
2575.0 2590.0 d -211.130737
2590.0 2605.0 @ -193.250748
2605.0 2620.0 ssil -206.680588
2620.0 2635.0 ssil -217.660919 PERSOON
2635.0 2650.0 p -212.171143
2650.0 2670.0 @ -251.762070
2670.0 2795.0 s -1620.747437
2795.0 2890.0 o -1091.168945
2890.0 2910.0 n -274.544495
2910.0 2925.0 ssil -228.023636
2925.0 2940.0 ssil -219.045929 IS
2940.0 2975.0 ic -451.530334
2975.0 3050.0 s -1016.434998
3050.0 3100.0 ssil -679.671204
3100.0 3170.0 ssil -927.841003 GEKUST
3170.0 3225.0 x -712.242371
3225.0 3280.0 @ -631.196960
3280.0 3295.0 k -227.201721
3295.0 3310.0 u -247.116150
3310.0 3490.0 s -2264.290039
3490.0 3550.0 t -866.483032
3550.0 3690.0 ssil -1916.031982
.
