#!MLF!#
"/net/aistaff/aki/_same-utterance/wav/03/Oost_Overijsel-Gelderland/4028-1450004808-636616.rec"
0.0 1059.9999 ssil -12895.030273 JEANNETTE
1059.9999 1159.9999 sc -1306.759766
1159.9999 1209.9999 @ -621.008362
1209.9999 1294.9999 n -992.445801
1294.9999 1394.9999 ec -1307.423218
1394.9999 1454.9999 t -826.644592
1454.9999 1499.9999 ssil -630.839294
1500.0 1515.0 ssil -220.054337 LACHT
1515.0 1590.0 l -933.163940
1590.0 1690.0 ac -1299.080444
1690.0 1785.0 x -1218.568970
1785.0 1890.0 t -1433.730713
1890.0 1990.0 ssil -1336.478882
1990.0 2020.0 ssil -453.030365 NADAT
2020.0 2050.0 n -430.139191
2050.0 2130.0 @ -1017.628845
2130.0 2180.0 d -781.919373
2180.0 2235.0 ac -761.986633
2235.0 2250.0 t -252.534012
2250.0 2265.0 ssil -229.230896
2265.0 2280.0 ssil -226.970764 ZE
2280.0 2390.0 s -1450.823120
2390.0 2405.0 ssil -216.902100
2405.0 2420.0 ssil -208.626266 DOOR
2420.0 2495.0 d -924.771912
2495.0 2655.0 o -1907.300903
2655.0 2670.0 ssil -228.286072
2670.0 2685.0 ssil -240.939468 EEN
2685.0 2750.0 n -857.630615
2750.0 2765.0 ssil -244.381927
2765.0 2780.0 ssil -234.017731 ONBEKENDE
2780.0 2880.0 oc -1308.225098
2880.0 2900.0 n -252.231155
2900.0 2980.0 b -1113.681396
2980.0 3055.0 @ -1112.467529
3055.0 3105.0 k -756.477539
3105.0 3145.0 ec -471.163910
3145.0 3210.0 n -781.766174
3210.0 3230.0 d -288.574493
3230.0 3320.0 @ -1121.579956
3320.0 3335.0 ssil -212.136795
3335.0 3350.0 ssil -226.816452 PERSOON
3350.0 3370.0 p -297.104553
3370.0 3400.0 @ -412.425354
3400.0 3540.0 s -1784.871582
3540.0 3665.0 o -1488.110962
3665.0 3770.0 n -1301.755615
3770.0 3785.0 ssil -205.462311
3785.0 3800.0 ssil -206.181259 IS
3800.0 3875.0 ic -949.146545
3875.0 3955.0 s -1099.391724
3955.0 3970.0 ssil -225.549759
3970.0 3985.0 ssil -209.241928 GEKUST
3985.0 4040.0 gc -708.367676
4040.0 4115.0 @ -1018.787354
4115.0 4185.0 k -967.560730
4185.0 4280.0 u -1311.520752
4280.0 4420.0 s -1926.807983
4420.0 4525.0 t -1507.971924
4525.0 4925.0 ssil -4866.853027
.
