#!MLF!#
"/net/aistaff/aki/_same-utterance/wav/03/Oost_Overijsel-Gelderland/4424-1455798697-1471466.rec"
0.0 715.0 ssil -8811.513672 JEANNETTE
715.0 870.0 sc -2105.270020
870.0 920.0 @ -572.244934
920.0 995.0 n -895.386658
995.0 1070.0 ec -890.170227
1070.0 1165.0 t -1359.749512
1165.0 1190.0 ssil -314.617950
1190.0 1205.0 ssil -194.588348 LACHT
1205.0 1345.0 l -1826.806274
1345.0 1430.0 ac -1151.805542
1430.0 1580.0 x -2004.378418
1580.0 1620.0 t -580.918701
1620.0 1645.0 ssil -395.934662
1645.0 1740.0 ssil -1295.245239 NADAT
1740.0 1815.0 n -1009.441101
1815.0 1940.0 a -1554.618774
1940.0 1980.0 d -576.070435
1980.0 2080.0 ac -1348.740356
2080.0 2100.0 t -280.756531
2100.0 2115.0 ssil -200.386276
2115.0 2130.0 ssil -186.262283 ZE
2130.0 2230.0 s -1291.883911
2230.0 2270.0 @ -478.050140
2270.0 2285.0 ssil -211.985229
2285.0 2300.0 ssil -205.836517 DOOR
2300.0 2375.0 d -1011.420166
2375.0 2530.0 o -1765.628052
2530.0 2570.0 r -537.005005
2570.0 2590.0 ssil -287.430939
2590.0 2610.0 ssil -301.055450 EEN
2610.0 2640.0 @ -477.516693
2640.0 2655.0 ssil -207.639328
2655.0 2670.0 ssil -205.766098 ONBEKENDE
2670.0 2785.0 oc -1512.078735
2785.0 2915.0 n -1684.830444
2915.0 2945.0 b -397.745056
2945.0 3055.0 @ -1397.846313
3055.0 3130.0 k -1140.840088
3130.0 3220.0 ec -1152.309326
3220.0 3305.0 n -1079.723267
3305.0 3330.0 d -350.670532
3330.0 3430.0 @ -1235.893799
3430.0 3445.0 ssil -185.352020
3445.0 3460.0 ssil -216.481949 PERSOON
3460.0 3500.0 p -537.248352
3500.0 3585.0 r -1114.274292
3585.0 3700.0 s -1425.399414
3700.0 3840.0 o -1681.214966
3840.0 3885.0 n -560.725891
3885.0 3900.0 ssil -198.525833
3900.0 3915.0 ssil -190.613342 IS
3915.0 3955.0 ic -484.825623
3955.0 4035.0 s -1092.065796
4035.0 4050.0 ssil -224.000824
4050.0 4065.0 ssil -225.514709 GEKUST
4065.0 4105.0 x -549.425110
4105.0 4215.0 @ -1430.440186
4215.0 4350.0 k -1943.698608
4350.0 4375.0 u -388.319427
4375.0 4535.0 s -1975.733887
4535.0 4610.0 t -941.278076
4610.0 4990.0 ssil -4405.963379
.
