#!MLF!#
"/net/aistaff/aki/_same-utterance/wav/03/Oost_Overijsel-Gelderland/4844-1451414879-820532.rec"
0.0 460.0 ssil -5762.463867 JEANNETTE
460.0 575.0 sc -1432.311768
575.0 605.0 @ -356.642975
605.0 650.0 n -596.664795
650.0 730.0 ec -929.714233
730.0 755.0 t -408.233093
755.0 780.0 ssil -451.453888
780.0 795.0 ssil -255.827499 LACHT
795.0 915.0 l -1579.180176
915.0 995.0 ac -988.985046
995.0 1115.0 x -1552.290527
1115.0 1155.0 ssil -541.169617
1155.0 1190.0 ssil -470.647095 NADAT
1190.0 1240.0 n -646.158936
1240.0 1330.0 a -1013.768311
1330.0 1350.0 d -268.942169
1350.0 1420.0 ac -875.964294
1420.0 1440.0 t -287.995117
1440.0 1460.0 ssil -269.924347
1460.0 1475.0 ssil -207.412933 ZE
1475.0 1545.0 s -849.097412
1545.0 1560.0 ssil -190.092926
1560.0 1575.0 ssil -186.888794 DOOR
1575.0 1650.0 d -988.386963
1650.0 1710.0 o -721.953979
1710.0 1860.0 r -1853.861694
1860.0 1875.0 ssil -231.409760
1875.0 1890.0 ssil -220.099838 EEN
1890.0 1905.0 @ -206.689255
1905.0 1920.0 ssil -216.942322
1920.0 1945.0 ssil -356.640411 ONBEKENDE
1945.0 2050.0 oc -1419.203125
2050.0 2145.0 n -1468.466309
2145.0 2235.0 @ -1319.595215
2235.0 2280.0 k -626.327881
2280.0 2350.0 ec -822.403931
2350.0 2430.0 n -1016.394592
2430.0 2445.0 d -214.244522
2445.0 2495.0 @ -622.311401
2495.0 2510.0 ssil -238.670700
2510.0 2525.0 ssil -254.173584 PERSOON
2525.0 2575.0 p -703.311890
2575.0 2595.0 @ -277.275543
2595.0 2730.0 s -1734.232300
2730.0 2870.0 o -1568.074341
2870.0 2885.0 n -231.944626
2885.0 2900.0 ssil -221.277451
2900.0 2915.0 ssil -206.609665 IS
2915.0 2960.0 ic -543.982605
2960.0 3025.0 s -831.257629
3025.0 3040.0 ssil -197.742599
3040.0 3055.0 ssil -215.909668 GEKUST
3055.0 3090.0 x -475.079437
3090.0 3170.0 @ -1043.939819
3170.0 3270.0 k -1445.635498
3270.0 3335.0 u -943.407410
3335.0 3555.0 s -2689.377686
3555.0 4225.0 ssil -7715.200195
.
