#!MLF!#
"/net/aistaff/aki/_same-utterance/wav/03/Oost_Overijsel-Gelderland/4937-1451768648-840420.rec"
0.0 635.0 ssil -7866.981934 JEANNETTE
635.0 780.0 sc -1720.067261
780.0 795.0 @ -225.684723
795.0 870.0 n -905.795471
870.0 950.0 ec -1063.742310
950.0 1010.0 t -846.555603
1010.0 1025.0 ssil -201.516083
1025.0 1040.0 ssil -195.725189 LACHT
1040.0 1150.0 l -1424.889038
1150.0 1275.0 ac -1469.222046
1275.0 1390.0 x -1490.891479
1390.0 1505.0 t -1500.079956
1505.0 1725.0 ssil -2631.913086
1725.0 1795.0 ssil -806.873779 NADAT
1795.0 1850.0 n -691.459778
1850.0 1965.0 ac -1379.712891
1965.0 2005.0 d -545.901794
2005.0 2100.0 ac -1253.112183
2100.0 2160.0 t -774.336853
2160.0 2175.0 ssil -181.054916
2175.0 2190.0 ssil -172.116806 ZE
2190.0 2230.0 z -542.443604
2230.0 2245.0 ssil -199.730484
2245.0 2260.0 ssil -192.457611 DOOR
2260.0 2325.0 d -889.683716
2325.0 2340.0 o -203.901993
2340.0 2455.0 r -1183.514404
2455.0 2470.0 ssil -231.423187
2470.0 2485.0 ssil -211.644577 EEN
2485.0 2540.0 n -734.183228
2540.0 2570.0 ssil -414.162781
2570.0 2590.0 ssil -290.484283 ONBEKENDE
2590.0 2675.0 oc -994.448303
2675.0 2730.0 n -615.807007
2730.0 2775.0 b -643.722107
2775.0 2860.0 @ -1056.062256
2860.0 2915.0 k -716.558533
2915.0 2980.0 ec -715.586487
2980.0 3050.0 n -833.356262
3050.0 3075.0 d -334.223755
3075.0 3120.0 @ -544.100403
3120.0 3135.0 ssil -186.053253
3135.0 3150.0 ssil -195.410782 PERSOON
3150.0 3180.0 p -394.836334
3180.0 3225.0 @ -562.833679
3225.0 3350.0 s -1588.507568
3350.0 3465.0 o -1144.044678
3465.0 3520.0 n -686.737305
3520.0 3535.0 ssil -215.816299
3535.0 3550.0 ssil -191.939560 IS
3550.0 3595.0 ic -549.311035
3595.0 3670.0 s -1002.134277
3670.0 3700.0 ssil -409.592896
3700.0 3740.0 ssil -548.687317 GEKUST
3740.0 3805.0 gc -900.009766
3805.0 3865.0 @ -703.497925
3865.0 3880.0 k -237.662552
3880.0 3895.0 u -242.622360
3895.0 4035.0 s -1697.933594
4035.0 4095.0 t -773.228638
4095.0 4340.0 ssil -3043.947021
.
