#!MLF!#
"/net/aistaff/aki/_same-utterance/wav/03/Oost_Overijsel-Gelderland/5559-1454009606-978911.rec"
0.0 685.0 ssil -7988.672852 JEANNETTE
685.0 775.0 z -1222.133545
775.0 835.0 @ -879.288391
835.0 885.0 n -605.465149
885.0 975.0 ec -1248.552979
975.0 1000.0 t -500.394165
1000.0 1015.0 ssil -253.679352
1015.0 1030.0 ssil -252.949677 LACHT
1030.0 1140.0 l -1457.174316
1140.0 1260.0 ac -1570.934326
1260.0 1315.0 x -793.471375
1315.0 1395.0 ssil -1037.723267
1395.0 1455.0 ssil -837.005493 NADAT
1455.0 1520.0 n -1013.910156
1520.0 1600.0 a -1056.351318
1600.0 1645.0 d -703.253784
1645.0 1705.0 ac -800.612366
1705.0 1760.0 t -785.833313
1760.0 1775.0 ssil -207.808746
1775.0 1790.0 ssil -207.713272 ZE
1790.0 1820.0 z -406.615295
1820.0 1845.0 @ -335.988159
1845.0 1860.0 ssil -224.771637
1860.0 1875.0 ssil -220.631180 DOOR
1875.0 1935.0 d -911.817810
1935.0 1965.0 o -378.467041
1965.0 2040.0 r -835.613708
2040.0 2055.0 ssil -216.955322
2055.0 2070.0 ssil -214.963516 EEN
2070.0 2085.0 @ -206.600906
2085.0 2100.0 ssil -232.722885
2100.0 2115.0 ssil -207.102997 ONBEKENDE
2115.0 2245.0 oc -1650.765503
2245.0 2280.0 n -472.996246
2280.0 2325.0 b -800.296143
2325.0 2370.0 @ -665.891907
2370.0 2430.0 k -994.132751
2430.0 2515.0 ec -1113.975464
2515.0 2550.0 n -452.729767
2550.0 2565.0 d -237.873627
2565.0 2590.0 @ -398.677643
2590.0 2605.0 ssil -208.177048
2605.0 2645.0 ssil -480.483459 PERSOON
2645.0 2680.0 p -494.304688
2680.0 2720.0 r -625.468140
2720.0 2845.0 s -1906.069824
2845.0 2935.0 o -1143.282104
2935.0 2965.0 n -399.135895
2965.0 2980.0 ssil -187.422501
2980.0 2995.0 ssil -210.418579 IS
2995.0 3020.0 ic -342.420532
3020.0 3090.0 s -872.436279
3090.0 3105.0 ssil -212.597290
3105.0 3125.0 ssil -260.646576 GEKUST
3125.0 3155.0 gc -424.902924
3155.0 3245.0 @ -1268.388916
3245.0 3320.0 k -1073.448608
3320.0 3390.0 u -987.848450
3390.0 3540.0 s -1985.892822
3540.0 3610.0 t -952.204956
3610.0 4320.0 ssil -8031.864746
.
