#!MLF!#
"/net/aistaff/aki/_same-utterance/wav/03/Oost_Overijsel-Gelderland/5857-1457598832-1570684.rec"
0.0 615.0 ssil -7592.503418 JEANNETTE
615.0 710.0 z -1394.665039
710.0 790.0 @ -1099.276978
790.0 835.0 n -615.304443
835.0 975.0 ec -1794.196777
975.0 990.0 t -237.897324
990.0 1005.0 ssil -241.049332
1005.0 1020.0 ssil -201.690399 LACHT
1020.0 1075.0 l -825.626892
1075.0 1190.0 ac -1483.286255
1190.0 1305.0 x -1665.102051
1305.0 1410.0 t -1464.995605
1410.0 1555.0 ssil -1813.499512
1555.0 1625.0 ssil -961.618835 NADAT
1625.0 1670.0 n -762.887939
1670.0 1725.0 a -695.753479
1725.0 1745.0 d -307.405914
1745.0 1835.0 ac -1418.473755
1835.0 1850.0 t -241.192505
1850.0 1865.0 ssil -218.225723
1865.0 1880.0 ssil -226.645111 ZE
1880.0 1940.0 s -818.371582
1940.0 1955.0 ssil -213.437653
1955.0 1970.0 ssil -202.393539 DOOR
1970.0 2025.0 d -834.133911
2025.0 2125.0 o -1264.708130
2125.0 2245.0 r -1744.404785
2245.0 2260.0 ssil -263.634216
2260.0 2275.0 ssil -245.234009 EEN
2275.0 2290.0 @ -225.824600
2290.0 2305.0 ssil -227.454559
2305.0 2320.0 ssil -231.963577 ONBEKENDE
2320.0 2400.0 oc -1126.078613
2400.0 2505.0 n -1428.998413
2505.0 2610.0 @ -1560.333130
2610.0 2650.0 k -652.928284
2650.0 2715.0 ec -829.195923
2715.0 2795.0 n -1135.160889
2795.0 2810.0 d -241.690430
2810.0 2870.0 @ -777.395264
2870.0 2885.0 ssil -170.908340
2885.0 2900.0 ssil -193.115753 PERSOON
2900.0 2930.0 p -464.631744
2930.0 3010.0 r -1104.303955
3010.0 3155.0 s -1897.590698
3155.0 3305.0 o -1934.548218
3305.0 3340.0 n -482.292511
3340.0 3355.0 ssil -243.000656
3355.0 3370.0 ssil -256.991058 IS
3370.0 3435.0 ic -911.114197
3435.0 3530.0 s -1216.963623
3530.0 3545.0 ssil -198.923828
3545.0 3560.0 ssil -218.243195 GEKUST
3560.0 3600.0 x -593.929749
3600.0 3635.0 @ -473.270325
3635.0 3735.0 k -1348.436890
3735.0 3835.0 u -1326.016846
3835.0 4110.0 s -3440.987549
4110.0 4760.0 ssil -7938.153320
.
