#!MLF!#
"/net/aistaff/aki/_same-utterance/wav/03/Oost_Overijsel-Gelderland/6216-1461175160-1570269.rec"
0.0 2170.0001 ssil -25359.615234 JEANNETTE
2170.0001 2280.0001 sc -1448.578613
2280.0001 2325.0001 @ -531.826538
2325.0001 2395.0001 n -878.693481
2395.0001 2535.0001 ec -1952.742310
2535.0001 2595.0001 t -831.007385
2595.0001 2610.0001 ssil -211.513138
2610.0 2625.0 ssil -219.366638 LACHT
2625.0 2730.0 l -1221.673218
2730.0 2840.0 ac -1253.408691
2840.0 3055.0 x -2837.388428
3055.0 3105.0 t -699.946777
3105.0 3180.0 ssil -944.057861
3180.0 3585.0 ssil -4942.700684 NADAT
3585.0 3630.0 n -569.974792
3630.0 3720.0 @ -1048.817261
3720.0 3780.0 d -822.205444
3780.0 3845.0 ac -813.647095
3845.0 3860.0 t -221.368439
3860.0 3875.0 ssil -194.477829
3875.0 3890.0 ssil -211.821411 ZE
3890.0 4005.0 s -1461.268433
4005.0 4040.0 @ -419.958984
4040.0 4055.0 ssil -173.157318
4055.0 4070.0 ssil -197.678314 DOOR
4070.0 4115.0 d -603.500977
4115.0 4205.0 o -953.119995
4205.0 4305.0 r -1211.893555
4305.0 4320.0 ssil -213.962067
4320.0 4335.0 ssil -202.296494 EEN
4335.0 4375.0 @ -510.367737
4375.0 4390.0 ssil -229.383759
4390.0 4405.0 ssil -226.210312 ONBEKENDE
4405.0 4535.0 oc -1708.260986
4535.0 4550.0 n -183.334137
4550.0 4620.0 b -830.673096
4620.0 4725.0 @ -1458.431519
4725.0 4780.0 k -857.378357
4780.0 4855.0 ec -996.681946
4855.0 4930.0 n -881.756897
4930.0 4950.0 d -298.000366
4950.0 5035.0 @ -1101.634399
5035.0 5050.0 ssil -192.392136
5050.0 5065.0 ssil -198.201096 PERSOON
5065.0 5090.0 p -351.753693
5090.0 5135.0 r -676.380371
5135.0 5270.0 s -1844.417114
5270.0 5350.0 o -885.363403
5350.0 5425.0 n -845.131653
5425.0 5440.0 ssil -179.627975
5440.0 5455.0 ssil -176.119507 IS
5455.0 5485.0 ic -369.924652
5485.0 5520.0 s -489.733704
5520.0 5535.0 ssil -209.188950
5535.0 5555.0 ssil -276.772522 GEKUST
5555.0 5640.0 gc -1145.282837
5640.0 5755.0 @ -1425.998535
5755.0 5825.0 k -948.592529
5825.0 5890.0 u -832.884521
5890.0 6095.0 s -2704.485596
6095.0 6155.0 t -818.294067
6155.0 6500.0 ssil -4074.235107
.
