#!MLF!#
"/net/aistaff/aki/_same-utterance/wav/03/Oost_Overijsel-Gelderland/6458-1454757616-1367067.rec"
0.0 390.0 ssil -3261.701416 JEANNETTE
390.0 565.0 sc -2215.846924
565.0 630.0 @ -745.020813
630.0 700.0 n -899.976685
700.0 825.0 ec -1592.197754
825.0 855.0 t -487.463654
855.0 870.0 ssil -216.225815
870.0 885.0 ssil -203.214996 LACHT
885.0 1035.0 l -1835.723267
1035.0 1175.0 ac -1565.725708
1175.0 1290.0 x -1484.396118
1290.0 1360.0 ssil -941.434265
1360.0 1495.0 ssil -1905.040771 NADAT
1495.0 1540.0 n -570.685303
1540.0 1665.0 a -1391.080322
1665.0 1700.0 d -454.828339
1700.0 1795.0 ac -1263.168823
1795.0 1815.0 t -291.522400
1815.0 1830.0 ssil -230.114716
1830.0 1845.0 ssil -212.678452 ZE
1845.0 1910.0 s -805.436646
1910.0 1935.0 @ -290.527222
1935.0 1950.0 ssil -184.449692
1950.0 1965.0 ssil -181.812515 DOOR
1965.0 2020.0 d -759.334717
2020.0 2225.0 o -2295.307129
2225.0 2240.0 ssil -214.881989
2240.0 2255.0 ssil -196.096832 EEN
2255.0 2270.0 n -179.181015
2270.0 2305.0 ssil -410.451721
2305.0 2325.0 ssil -246.598999 ONBEKENDE
2325.0 2470.0 oc -1837.279907
2470.0 2525.0 n -788.067749
2525.0 2615.0 @ -1350.764893
2615.0 2665.0 k -758.365051
2665.0 2730.0 ec -826.085022
2730.0 2785.0 n -661.505981
2785.0 2800.0 d -201.074768
2800.0 2815.0 @ -217.601166
2815.0 2830.0 ssil -203.848175
2830.0 2845.0 ssil -218.508469 PERSOON
2845.0 2890.0 p -705.831299
2890.0 2930.0 r -555.749451
2930.0 3055.0 s -1683.018433
3055.0 3175.0 o -1227.697998
3175.0 3230.0 n -620.476135
3230.0 3245.0 ssil -226.820999
3245.0 3260.0 ssil -193.235123 IS
3260.0 3320.0 ic -836.799927
3320.0 3380.0 s -891.097412
3380.0 3395.0 ssil -214.396805
3395.0 3415.0 ssil -318.322296 GEKUST
3415.0 3475.0 gc -812.055481
3475.0 3505.0 @ -395.748260
3505.0 3620.0 k -1546.814209
3620.0 3700.0 u -1129.164062
3700.0 3925.0 s -2793.347412
3925.0 4715.0 ssil -9108.674805
.
