#!MLF!#
"/net/aistaff/aki/_same-utterance/wav/03/Oost_Overijsel-Gelderland/6968-1454519169-1294401.rec"
0.0 625.0 ssil -6685.251465 JEANNETTE
625.0 790.0 sc -2075.053711
790.0 830.0 @ -516.468628
830.0 850.0 n -239.251282
850.0 990.0 ec -1901.539429
990.0 1095.0 t -1418.258911
1095.0 1200.0 ssil -1313.683472
1200.0 1380.0 ssil -2232.802246 LACHT
1380.0 1525.0 l -1840.082886
1525.0 1585.0 ac -804.035522
1585.0 1695.0 x -1448.803223
1695.0 1845.0 t -1930.400635
1845.0 1890.0 ssil -595.444031
1890.0 1935.0 ssil -540.886963 NADAT
1935.0 1955.0 n -279.286285
1955.0 2055.0 @ -1251.027954
2055.0 2070.0 d -225.705460
2070.0 2150.0 ac -1161.785889
2150.0 2165.0 t -238.717941
2165.0 2180.0 ssil -224.429901
2180.0 2195.0 ssil -211.564896 ZE
2195.0 2280.0 s -1071.948853
2280.0 2310.0 ssil -409.178741
2310.0 2325.0 ssil -192.053009 DOOR
2325.0 2385.0 d -807.818787
2385.0 2540.0 o -1880.471680
2540.0 2650.0 r -1441.693115
2650.0 2665.0 ssil -194.238983
2665.0 2680.0 ssil -188.225067 EEN
2680.0 2695.0 @ -198.362366
2695.0 2710.0 ssil -237.482758
2710.0 2725.0 ssil -219.691589 ONBEKENDE
2725.0 2785.0 oc -760.601379
2785.0 2855.0 n -801.605042
2855.0 2875.0 b -310.342255
2875.0 2930.0 @ -811.405518
2930.0 3000.0 k -1046.393066
3000.0 3055.0 ec -744.957397
3055.0 3105.0 n -657.646973
3105.0 3120.0 d -218.921555
3120.0 3155.0 @ -452.844299
3155.0 3170.0 ssil -188.246994
3170.0 3185.0 ssil -189.223160 PERSOON
3185.0 3210.0 p -356.239868
3210.0 3265.0 r -819.002319
3265.0 3375.0 s -1499.704102
3375.0 3470.0 o -1167.655518
3470.0 3500.0 n -403.155121
3500.0 3515.0 ssil -215.237640
3515.0 3530.0 ssil -207.698410 IS
3530.0 3560.0 ic -418.066956
3560.0 3615.0 s -722.504639
3615.0 3695.0 ssil -1175.506714
3695.0 3790.0 ssil -1296.174316 GEKUST
3790.0 3825.0 x -501.887604
3825.0 3900.0 @ -908.411621
3900.0 3915.0 k -247.165054
3915.0 3930.0 u -230.739426
3930.0 4050.0 s -1590.887939
4050.0 4115.0 t -832.718201
4115.0 4575.0 ssil -5635.411621
.
