#!MLF!#
"/net/aistaff/aki/_same-utterance/wav/03/Oost_Overijsel-Gelderland/828-1449171206-125849.rec"
0.0 645.0 ssil -8256.384766 JEANNETTE
645.0 780.0 z -1729.821411
780.0 840.0 @ -750.049500
840.0 900.0 n -767.926208
900.0 980.0 ec -980.094177
980.0 995.0 t -261.990448
995.0 1020.0 ssil -413.522705
1020.0 1040.0 ssil -319.169617 LACHT
1040.0 1140.0 l -1375.574097
1140.0 1260.0 ac -1598.292480
1260.0 1365.0 x -1479.203857
1365.0 1485.0 t -1540.793335
1485.0 1500.0 ssil -195.628036
1500.0 1635.0 ssil -1760.969116 NADAT
1635.0 1775.0 n -1604.348267
1775.0 1915.0 a -1514.242432
1915.0 1940.0 d -339.114166
1940.0 2035.0 ac -1180.689453
2035.0 2070.0 t -544.988464
2070.0 2085.0 ssil -212.824585
2085.0 2100.0 ssil -201.877991 ZE
2100.0 2160.0 s -737.644531
2160.0 2180.0 @ -238.791153
2180.0 2195.0 ssil -198.830154
2195.0 2210.0 ssil -189.944702 DOOR
2210.0 2280.0 d -959.911194
2280.0 2460.0 o -2014.226440
2460.0 2475.0 ssil -230.990738
2475.0 2490.0 ssil -246.557098 EEN
2490.0 2530.0 @ -521.796204
2530.0 2620.0 n -1158.547241
2620.0 2635.0 ssil -224.549301
2635.0 2650.0 ssil -214.568253 ONBEKENDE
2650.0 2740.0 oc -1178.727417
2740.0 2855.0 n -1515.362549
2855.0 2870.0 b -249.035233
2870.0 2960.0 @ -1406.772705
2960.0 3000.0 k -660.033081
3000.0 3055.0 ec -720.970947
3055.0 3110.0 n -730.070679
3110.0 3130.0 d -281.364410
3130.0 3170.0 @ -496.006287
3170.0 3190.0 ssil -255.973480
3190.0 3235.0 ssil -599.029785 PERSOON
3235.0 3255.0 p -285.135742
3255.0 3300.0 @ -597.432312
3300.0 3430.0 s -1604.776123
3430.0 3570.0 o -1505.838135
3570.0 3585.0 n -202.803299
3585.0 3600.0 ssil -220.972412
3600.0 3615.0 ssil -199.012619 IS
3615.0 3665.0 ic -553.785278
3665.0 3685.0 s -268.233063
3685.0 3700.0 ssil -206.252151
3700.0 3715.0 ssil -205.032227 GEKUST
3715.0 3805.0 x -1195.800781
3805.0 3900.0 @ -1124.701050
3900.0 4005.0 k -1565.428955
4005.0 4045.0 u -584.884033
4045.0 4210.0 s -2121.361572
4210.0 4250.0 t -530.796875
4250.0 4735.0 ssil -5984.615234
.
