#!MLF!#
"/net/aistaff/aki/_same-utterance/wav/03/Oost_Overijsel-Gelderland/8466-1460188098-1753039.rec"
0.0 15.0 ssil -167.545120 JEANNETTE
15.0 30.0 z -228.173828
30.0 45.0 @ -167.156067
45.0 300.0 n -2324.053467
300.0 315.0 ec -181.237473
315.0 330.0 t -197.690628
330.0 855.0 ssil -6168.584961
855.0 950.0 ssil -1325.153442 LACHT
950.0 1155.0 l -2907.899170
1155.0 1190.0 ac -405.389954
1190.0 1205.0 x -238.838669
1205.0 1230.0 ssil -315.412720
1230.0 1275.0 ssil -595.421875 NADAT
1275.0 1290.0 n -203.414154
1290.0 1410.0 @ -1418.243530
1410.0 1460.0 d -746.138916
1460.0 1750.0 ac -3651.947021
1750.0 2000.0 t -3313.572998
2000.0 2445.0 ssil -5432.489746
2445.0 2545.0 ssil -1330.527466 ZE
2545.0 2590.0 z -556.188904
2590.0 2800.0 @ -2331.305664
2800.0 2820.0 ssil -261.824738
2820.0 2845.0 ssil -319.102173 DOOR
2845.0 2910.0 d -915.754517
2910.0 2925.0 o -204.865204
2925.0 3030.0 r -1212.932373
3030.0 3070.0 ssil -511.168182
3070.0 3090.0 ssil -278.166412 EEN
3090.0 3170.0 @ -914.785339
3170.0 3215.0 n -518.345154
3215.0 3230.0 ssil -202.547928
3230.0 3245.0 ssil -212.267517 ONBEKENDE
3245.0 3355.0 oc -1266.881470
3355.0 3370.0 n -177.698700
3370.0 3465.0 b -1084.324463
3465.0 3545.0 @ -1099.591919
3545.0 3645.0 k -1373.971191
3645.0 3715.0 ec -1011.487488
3715.0 3785.0 n -943.111267
3785.0 3805.0 d -334.380127
3805.0 3820.0 @ -237.536621
3820.0 3835.0 ssil -188.643936
3835.0 3850.0 ssil -206.945587 PERSOON
3850.0 3910.0 p -791.546692
3910.0 3985.0 r -1056.189453
3985.0 4080.0 s -1363.280029
4080.0 4255.0 o -2177.950928
4255.0 4280.0 n -415.094421
4280.0 4295.0 ssil -264.640137
4295.0 4310.0 ssil -223.239990 IS
4310.0 4350.0 ic -525.413330
4350.0 4435.0 s -1213.912720
4435.0 4450.0 ssil -233.926559
4450.0 4490.0 ssil -646.609253 GEKUST
4490.0 4570.0 gc -1033.045776
4570.0 4645.0 @ -796.810852
4645.0 4660.0 k -231.133484
4660.0 4680.0 u -282.116699
4680.0 4815.0 s -1776.367188
4815.0 4940.0 t -1811.269775
4940.0 5780.0 ssil -9628.128906
.
