#!MLF!#
"/net/aistaff/aki/_same-utterance/wav/03/Oost_Overijsel-Gelderland/8529-1457778125-1609887.rec"
0.0 225.0 ssil -2875.203857 JEANNETTE
225.0 400.0 z -2133.565918
400.0 500.0 @ -1260.019653
500.0 565.0 n -776.332825
565.0 655.0 ec -1119.977783
655.0 670.0 t -224.292480
670.0 730.0 ssil -809.669373
730.0 800.0 ssil -958.253113 LACHT
800.0 860.0 l -752.328186
860.0 955.0 ac -1271.584473
955.0 1030.0 x -922.132324
1030.0 1135.0 t -1325.354614
1135.0 1265.0 ssil -1685.127686
1265.0 1775.0 ssil -5853.748047 NADAT
1775.0 1840.0 n -723.428955
1840.0 1920.0 @ -926.192993
1920.0 1975.0 d -781.282227
1975.0 2065.0 ac -1155.268433
2065.0 2080.0 t -236.037781
2080.0 2095.0 ssil -218.672699
2095.0 2110.0 ssil -230.323761 ZE
2110.0 2215.0 s -1292.186279
2215.0 2235.0 ssil -263.914612
2235.0 2250.0 ssil -196.835129 DOOR
2250.0 2340.0 d -1154.020996
2340.0 2530.0 o -2020.441528
2530.0 2625.0 r -1178.204956
2625.0 2640.0 ssil -187.424316
2640.0 2655.0 ssil -223.586380 EEN
2655.0 2690.0 @ -452.217163
2690.0 2760.0 n -832.864441
2760.0 2790.0 ssil -368.810913
2790.0 2825.0 ssil -421.530029 ONBEKENDE
2825.0 2930.0 oc -1193.848267
2930.0 2970.0 n -459.073578
2970.0 3015.0 b -578.828491
3015.0 3085.0 @ -1003.365662
3085.0 3185.0 k -1479.257568
3185.0 3265.0 ec -864.306580
3265.0 3320.0 n -620.246948
3320.0 3345.0 d -334.736938
3345.0 3360.0 @ -208.435074
3360.0 3420.0 ssil -854.729248
3420.0 3585.0 ssil -2035.346436 PERSOON
3585.0 3600.0 p -225.202347
3600.0 3655.0 @ -722.006531
3655.0 3840.0 s -2385.566406
3840.0 3965.0 o -1270.091675
3965.0 4030.0 n -772.997131
4030.0 4070.0 ssil -522.393250
4070.0 4090.0 ssil -280.538666 IS
4090.0 4145.0 ic -682.113464
4145.0 4230.0 s -1065.529663
4230.0 4245.0 ssil -206.611115
4245.0 4275.0 ssil -393.935547 GEKUST
4275.0 4310.0 gc -510.714996
4310.0 4400.0 @ -1124.185669
4400.0 4475.0 k -1000.865662
4475.0 4560.0 u -1085.157471
4560.0 4685.0 s -1546.439087
4685.0 4805.0 t -1468.311890
4805.0 5410.0 ssil -7231.545898
.
