#!MLF!#
"/net/aistaff/aki/_same-utterance/wav/03/Oost_Overijsel-Gelderland/8845-1481835408-2542106.rec"
0.0 525.0 ssil -6096.121582 JEANNETTE
525.0 610.0 z -1065.252930
610.0 660.0 @ -617.962769
660.0 710.0 n -663.318359
710.0 810.0 ec -1300.415649
810.0 825.0 t -235.538651
825.0 840.0 ssil -226.832275
840.0 865.0 ssil -377.716553 LACHT
865.0 945.0 l -1161.782837
945.0 1065.0 ac -1491.298340
1065.0 1155.0 x -1219.354126
1155.0 1230.0 t -966.889465
1230.0 1250.0 ssil -270.238556
1250.0 1270.0 ssil -274.442230 NADAT
1270.0 1315.0 n -594.759155
1315.0 1395.0 @ -943.239746
1395.0 1430.0 d -570.314514
1430.0 1500.0 ac -889.437866
1500.0 1515.0 t -253.428986
1515.0 1530.0 ssil -236.615433
1530.0 1555.0 ssil -384.388580 ZE
1555.0 1615.0 z -790.013672
1615.0 1630.0 ssil -210.818054
1630.0 1650.0 ssil -288.035522 DOOR
1650.0 1715.0 d -961.228638
1715.0 1795.0 o -993.145813
1795.0 1810.0 ssil -217.016586
1810.0 1825.0 ssil -226.067459 EEN
1825.0 1880.0 n -791.001038
1880.0 1895.0 ssil -221.053955
1895.0 1920.0 ssil -344.439148 ONBEKENDE
1920.0 2000.0 oc -960.932312
2000.0 2055.0 n -661.911743
2055.0 2075.0 b -290.910919
2075.0 2160.0 @ -1158.987061
2160.0 2220.0 k -891.124573
2220.0 2275.0 ec -747.009949
2275.0 2320.0 n -555.546875
2320.0 2350.0 d -425.354614
2350.0 2375.0 @ -339.957123
2375.0 2390.0 ssil -204.770691
2390.0 2415.0 ssil -340.099701 PERSOON
2415.0 2460.0 p -666.828003
2460.0 2500.0 r -577.444641
2500.0 2615.0 s -1650.650269
2615.0 2760.0 o -1631.746704
2760.0 2795.0 n -515.738525
2795.0 2810.0 ssil -248.677826
2810.0 2825.0 ssil -203.117813 IS
2825.0 2850.0 ic -324.346832
2850.0 2925.0 s -930.058411
2925.0 3015.0 ssil -1191.711182
3015.0 3060.0 ssil -602.490662 GEKUST
3060.0 3115.0 gc -774.883850
3115.0 3185.0 @ -832.436951
3185.0 3200.0 k -220.112320
3200.0 3220.0 u -277.917236
3220.0 3425.0 s -2761.811768
3425.0 3925.0 ssil -5818.438477
.
