#!MLF!#
"/net/aistaff/aki/_same-utterance/wav/03/Oost_Overijsel-Gelderland/9073-1460292936-1755474.rec"
0.0 340.0 ssil -3997.631836 JEANNETTE
340.0 465.0 sc -1514.249878
465.0 505.0 @ -519.230591
505.0 570.0 n -872.253357
570.0 665.0 ec -1266.662109
665.0 715.0 t -708.797974
715.0 730.0 ssil -222.264160
730.0 755.0 ssil -353.036957 LACHT
755.0 855.0 l -1360.510864
855.0 955.0 ac -1344.255615
955.0 1055.0 x -1347.254150
1055.0 1165.0 t -1405.458496
1165.0 1180.0 ssil -231.338257
1180.0 1215.0 ssil -474.647125 NADAT
1215.0 1255.0 n -549.699097
1255.0 1360.0 a -1412.417480
1360.0 1380.0 d -285.434082
1380.0 1435.0 ac -679.409241
1435.0 1450.0 t -237.304123
1450.0 1475.0 ssil -355.983154
1475.0 1490.0 ssil -207.038055 ZE
1490.0 1550.0 s -719.972778
1550.0 1565.0 ssil -218.668335
1565.0 1580.0 ssil -208.575943 DOOR
1580.0 1630.0 d -676.110535
1630.0 1750.0 o -1442.635498
1750.0 1765.0 ssil -212.255707
1765.0 1780.0 ssil -205.356949 EEN
1780.0 1800.0 n -258.676270
1800.0 1815.0 ssil -206.335999
1815.0 1830.0 ssil -208.286194 ONBEKENDE
1830.0 1940.0 oc -1546.604858
1940.0 2010.0 n -970.083252
2010.0 2080.0 @ -974.651245
2080.0 2115.0 k -546.415100
2115.0 2165.0 ec -722.584229
2165.0 2215.0 n -672.201172
2215.0 2230.0 d -226.934021
2230.0 2295.0 @ -890.066528
2295.0 2310.0 ssil -215.495178
2310.0 2325.0 ssil -247.154266 PERSOON
2325.0 2340.0 p -248.836731
2340.0 2390.0 r -708.348877
2390.0 2495.0 s -1333.853638
2495.0 2565.0 o -984.534485
2565.0 2655.0 n -1286.049805
2655.0 2675.0 ssil -318.839569
2675.0 2760.0 ssil -1315.102295 IS
2760.0 2820.0 ic -734.892944
2820.0 2835.0 s -229.023560
2835.0 2850.0 ssil -206.132767
2850.0 2870.0 ssil -331.544800 GEKUST
2870.0 2900.0 x -500.730316
2900.0 2975.0 @ -955.768188
2975.0 2990.0 k -248.423248
2990.0 3005.0 u -278.917999
3005.0 3155.0 s -1941.951538
3155.0 3245.0 t -1333.151123
3245.0 3900.0 ssil -7546.397949
.
