#!MLF!#
"/net/aistaff/aki/_same-utterance/wav/03/Oost_Overijsel-Gelderland/9076-1459460185-1721697.rec"
0.0 485.0 ssil -5703.363770 JEANNETTE
485.0 615.0 sc -1615.276001
615.0 655.0 @ -510.731354
655.0 720.0 n -850.919495
720.0 780.0 ec -858.062805
780.0 875.0 t -1389.219971
875.0 890.0 ssil -243.729752
890.0 905.0 ssil -217.916275 LACHT
905.0 1000.0 l -1287.982300
1000.0 1095.0 ac -1261.954956
1095.0 1120.0 x -372.833557
1120.0 1275.0 ssil -2007.915161
1275.0 1380.0 ssil -1386.711182 NADAT
1380.0 1410.0 n -424.721161
1410.0 1510.0 a -1307.687012
1510.0 1525.0 d -210.454254
1525.0 1565.0 ac -507.381256
1565.0 1580.0 t -204.420990
1580.0 1595.0 ssil -194.100861
1595.0 1610.0 ssil -203.262253 ZE
1610.0 1675.0 s -874.112427
1675.0 1690.0 ssil -212.876678
1690.0 1705.0 ssil -210.145950 DOOR
1705.0 1775.0 d -935.866638
1775.0 1885.0 o -1275.401611
1885.0 1900.0 ssil -234.743393
1900.0 1915.0 ssil -216.972534 EEN
1915.0 1945.0 n -417.541992
1945.0 1960.0 ssil -260.894318
1960.0 1975.0 ssil -216.792023 ONBEKENDE
1975.0 2035.0 oc -703.315918
2035.0 2110.0 n -879.708313
2110.0 2140.0 b -468.339508
2140.0 2250.0 @ -1573.478638
2250.0 2295.0 k -639.364624
2295.0 2325.0 ec -437.912750
2325.0 2375.0 n -643.961670
2375.0 2390.0 d -214.651230
2390.0 2415.0 @ -349.919586
2415.0 2465.0 ssil -621.109070
2465.0 2495.0 ssil -413.955780 PERSOON
2495.0 2510.0 p -210.538147
2510.0 2525.0 r -217.062485
2525.0 2670.0 s -1782.294312
2670.0 2810.0 o -1669.379639
2810.0 2835.0 n -355.435394
2835.0 2850.0 ssil -213.364563
2850.0 2865.0 ssil -229.792709 IS
2865.0 2895.0 ic -450.064026
2895.0 2995.0 s -1362.074463
2995.0 3110.0 ssil -1442.110840
3110.0 3185.0 ssil -1013.088501 GEKUST
3185.0 3215.0 x -454.147156
3215.0 3330.0 @ -1452.699585
3330.0 3345.0 k -230.319321
3345.0 3360.0 u -250.925018
3360.0 3495.0 s -1703.002808
3495.0 3600.0 t -1464.619263
3600.0 4390.0 ssil -8635.663086
.
