#!MLF!#
"/net/aistaff/aki/_same-utterance/wav/03/Oost_Overijsel-Gelderland/9486-1463342245-1818738.rec"
0.0 1040.0 ssil -12035.415039 JEANNETTE
1040.0 1145.0 z -1415.394165
1145.0 1200.0 @ -707.475586
1200.0 1260.0 n -808.226074
1260.0 1375.0 ec -1604.756104
1375.0 1405.0 t -445.631897
1405.0 1420.0 ssil -231.837601
1420.0 1440.0 ssil -294.266327 LACHT
1440.0 1550.0 l -1315.915527
1550.0 1670.0 ac -1370.335327
1670.0 1770.0 x -1386.173706
1770.0 1785.0 ssil -227.359299
1785.0 1815.0 ssil -467.284821 NADAT
1815.0 1855.0 n -587.187134
1855.0 1930.0 a -929.685791
1930.0 1980.0 d -658.039429
1980.0 2015.0 ac -469.296051
2015.0 2040.0 t -391.409821
2040.0 2055.0 ssil -237.623581
2055.0 2075.0 ssil -307.278442 ZE
2075.0 2150.0 s -1031.791260
2150.0 2165.0 ssil -226.724319
2165.0 2180.0 ssil -225.241653 DOOR
2180.0 2240.0 d -879.291809
2240.0 2310.0 o -863.288086
2310.0 2385.0 r -870.034790
2385.0 2400.0 ssil -219.760529
2400.0 2415.0 ssil -223.071930 EEN
2415.0 2430.0 @ -196.877197
2430.0 2445.0 ssil -182.885101
2445.0 2465.0 ssil -314.777679 ONBEKENDE
2465.0 2490.0 oc -365.065521
2490.0 2610.0 n -1493.541870
2610.0 2640.0 b -449.110779
2640.0 2715.0 @ -1155.114014
2715.0 2770.0 k -848.754028
2770.0 2815.0 ec -624.618225
2815.0 2885.0 n -842.293152
2885.0 2910.0 d -372.778595
2910.0 2935.0 @ -352.059387
2935.0 2980.0 ssil -607.511536
2980.0 2995.0 ssil -200.393677 PERSOON
2995.0 3010.0 p -242.114380
3010.0 3105.0 r -1266.862671
3105.0 3220.0 s -1466.227051
3220.0 3330.0 o -1187.023071
3330.0 3360.0 n -392.937561
3360.0 3375.0 ssil -199.370468
3375.0 3390.0 ssil -190.583282 IS
3390.0 3420.0 ic -395.057526
3420.0 3475.0 s -666.745911
3475.0 3490.0 ssil -186.795715
3490.0 3505.0 ssil -190.654739 GEKUST
3505.0 3540.0 gc -458.286835
3540.0 3635.0 @ -1309.794434
3635.0 3695.0 k -854.574219
3695.0 3750.0 u -807.736694
3750.0 3780.0 s -459.875854
3780.0 4120.0 t -4717.063965
4120.0 4805.0 ssil -7936.452637
.
