#!MLF!#
"/net/aistaff/aki/_same-utterance/wav/03/Oost_Overijsel-Gelderland/9593-1463749046-1831623.rec"
0.0 1200.0 ssil -15079.177734 JEANNETTE
1200.0 1295.0 sc -1245.598633
1295.0 1350.0 @ -835.733826
1350.0 1425.0 n -1000.594666
1425.0 1520.0 ec -1125.393433
1520.0 1535.0 t -232.079620
1535.0 1550.0 ssil -223.258026
1550.0 1565.0 ssil -209.439697 LACHT
1565.0 1655.0 l -1231.577026
1655.0 1775.0 ac -1483.320068
1775.0 1805.0 x -425.261536
1805.0 1855.0 ssil -703.442505
1855.0 1945.0 ssil -1173.291504 NADAT
1945.0 2015.0 n -983.400391
2015.0 2105.0 a -1072.020020
2105.0 2150.0 d -747.860168
2150.0 2240.0 ac -1217.450439
2240.0 2255.0 t -222.811493
2255.0 2270.0 ssil -202.395630
2270.0 2285.0 ssil -217.152023 ZE
2285.0 2365.0 s -1128.619751
2365.0 2410.0 @ -571.195618
2410.0 2425.0 ssil -210.673828
2425.0 2440.0 ssil -215.670624 DOOR
2440.0 2500.0 d -788.213318
2500.0 2625.0 o -1576.667480
2625.0 2640.0 ssil -237.290573
2640.0 2655.0 ssil -222.703583 EEN
2655.0 2670.0 n -220.878311
2670.0 2685.0 ssil -227.224823
2685.0 2700.0 ssil -220.976501 ONBEKENDE
2700.0 2760.0 oc -738.760376
2760.0 2840.0 n -1026.414429
2840.0 2945.0 @ -1553.689331
2945.0 2995.0 k -780.588440
2995.0 3075.0 ec -1026.820557
3075.0 3130.0 n -702.855713
3130.0 3145.0 d -248.070572
3145.0 3210.0 @ -921.133484
3210.0 3225.0 ssil -193.174057
3225.0 3240.0 ssil -211.933624 PERSOON
3240.0 3265.0 p -357.885040
3265.0 3345.0 @ -1053.560669
3345.0 3455.0 s -1438.724976
3455.0 3615.0 o -1950.791748
3615.0 3665.0 n -686.657593
3665.0 3680.0 ssil -212.610504
3680.0 3695.0 ssil -213.862793 IS
3695.0 3735.0 ic -586.780212
3735.0 3820.0 s -1129.346802
3820.0 3845.0 ssil -368.583954
3845.0 3865.0 ssil -266.041443 GEKUST
3865.0 3885.0 x -289.585510
3885.0 3975.0 @ -1173.546631
3975.0 4080.0 k -1519.472412
4080.0 4100.0 u -308.244476
4100.0 4320.0 s -2957.338623
4320.0 4475.0 t -2058.254639
4475.0 5320.0 ssil -10097.097656
.
