#!MLF!#
"/net/aistaff/aki/_same-utterance/wav/04/Groningen_and_Drenthe/13411-1465639659-2297684.rec"
0.0 575.0 ssil -6694.723633 KORT
575.0 635.0 k -845.850769
635.0 705.0 oc -845.034973
705.0 750.0 r -633.870483
750.0 770.0 ssil -328.108459
770.0 895.0 ssil -1581.607056 NA
895.0 915.0 n -303.048615
915.0 1025.0 a -1231.736328
1025.0 1040.0 ssil -221.350677
1040.0 1055.0 ssil -189.076019 HET
1055.0 1070.0 h -185.529709
1070.0 1085.0 ec -222.581238
1085.0 1100.0 t -237.532959
1100.0 1115.0 ssil -190.436417
1115.0 1130.0 ssil -184.828705 WIELERFESTIJN
1130.0 1160.0 w -361.040039
1160.0 1235.0 i -792.219421
1235.0 1295.0 l -718.487732
1295.0 1350.0 @ -592.983826
1350.0 1420.0 r -980.301331
1420.0 1495.0 f -919.594177
1495.0 1550.0 ec -733.940369
1550.0 1640.0 s -1227.318115
1640.0 1705.0 t -867.481323
1705.0 1890.0 ei -1874.743042
1890.0 1960.0 n -832.785522
1960.0 1985.0 ssil -317.984741
1985.0 2035.0 ssil -530.958862 VERBRUIKTE
2035.0 2105.0 f -850.600159
2105.0 2120.0 ec -208.914398
2120.0 2195.0 r -900.570435
2195.0 2210.0 b -207.406052
2210.0 2260.0 r -616.733398
2260.0 2400.0 ui -1366.899536
2400.0 2445.0 k -656.834167
2445.0 2510.0 t -845.611877
2510.0 2580.0 @ -797.799438
2580.0 2665.0 ssil -966.482910
2665.0 2700.0 ssil -441.963989 DRIES
2700.0 2715.0 d -214.509308
2715.0 2740.0 r -366.909729
2740.0 2895.0 i -1833.547485
2895.0 3050.0 s -1829.620850
3050.0 3115.0 ssil -802.789978
3115.0 3175.0 ssil -696.519592 DE
3175.0 3230.0 d -653.289124
3230.0 3300.0 @ -715.471863
3300.0 3315.0 ssil -210.481628
3315.0 3330.0 ssil -210.527069 REST
3330.0 3345.0 r -182.340424
3345.0 3465.0 ec -1386.361572
3465.0 3585.0 s -1437.181396
3585.0 3655.0 ssil -850.653442
3655.0 3715.0 ssil -716.345093 VAN
3715.0 3735.0 v -278.125275
3735.0 3815.0 ac -970.828918
3815.0 3860.0 n -521.308167
3860.0 3875.0 ssil -205.189438
3875.0 3890.0 ssil -223.558167 DE
3890.0 3905.0 d -209.053314
3905.0 3955.0 @ -572.907776
3955.0 3970.0 ssil -178.070190
3970.0 3985.0 ssil -179.243011 DEODORANT
3985.0 4015.0 d -372.170441
4015.0 4155.0 e -1380.397095
4155.0 4200.0 o -534.382751
4200.0 4270.0 d -894.905273
4270.0 4285.0 oc -183.094818
4285.0 4380.0 r -1189.232544
4380.0 4495.0 ac -1374.617798
4495.0 4525.0 n -344.719086
4525.0 4665.0 t -1746.874512
4665.0 5295.0 ssil -6993.730469
.
