#!MLF!#
"/net/aistaff/aki/_same-utterance/wav/04/Groningen_and_Drenthe/15527-1473083461-2482770.rec"
0.0 595.0 ssil -7227.064453 KORT
595.0 660.0 k -967.750427
660.0 720.0 oc -753.551331
720.0 790.0 r -947.401001
790.0 830.0 ssil -704.607422
830.0 905.0 ssil -979.580200 NA
905.0 950.0 n -683.638916
950.0 1035.0 a -917.564026
1035.0 1050.0 ssil -202.326843
1050.0 1065.0 ssil -194.698792 HET
1065.0 1155.0 h -1091.831543
1155.0 1230.0 ec -911.849609
1230.0 1245.0 t -233.215439
1245.0 1260.0 ssil -213.665924
1260.0 1275.0 ssil -194.370346 WIELERFESTIJN
1275.0 1345.0 w -869.244690
1345.0 1400.0 i -709.183777
1400.0 1465.0 l -854.956970
1465.0 1505.0 @ -573.655212
1505.0 1565.0 r -801.571289
1565.0 1650.0 f -1092.831421
1650.0 1715.0 ec -873.050964
1715.0 1830.0 s -1531.972412
1830.0 1870.0 t -678.611450
1870.0 2040.0 ei -1948.845337
2040.0 2095.0 n -652.163208
2095.0 2115.0 ssil -256.112366
2115.0 2140.0 ssil -344.775848 VERBRUIKTE
2140.0 2220.0 v -930.078308
2220.0 2235.0 ec -208.462204
2235.0 2265.0 r -379.003998
2265.0 2340.0 b -937.522705
2340.0 2355.0 r -219.480560
2355.0 2515.0 ui -1754.520508
2515.0 2545.0 k -426.012482
2545.0 2605.0 t -872.575012
2605.0 2640.0 @ -438.202545
2640.0 2670.0 ssil -381.353119
2670.0 2685.0 ssil -189.140274 DRIES
2685.0 2745.0 d -908.717712
2745.0 2780.0 r -413.089539
2780.0 2930.0 i -1876.728271
2930.0 3030.0 s -1435.022827
3030.0 3045.0 ssil -225.379456
3045.0 3060.0 ssil -208.132675 DE
3060.0 3090.0 d -427.776306
3090.0 3165.0 @ -858.194519
3165.0 3180.0 ssil -197.709610
3180.0 3195.0 ssil -187.889053 REST
3195.0 3210.0 r -187.051773
3210.0 3335.0 ec -1488.747070
3335.0 3375.0 s -559.321899
3375.0 3415.0 t -530.546509
3415.0 3430.0 ssil -183.700256
3430.0 3450.0 ssil -250.664413 VAN
3450.0 3485.0 v -459.595276
3485.0 3540.0 ac -698.817383
3540.0 3585.0 n -500.367279
3585.0 3600.0 ssil -199.167725
3600.0 3615.0 ssil -241.918625 DE
3615.0 3635.0 d -284.860107
3635.0 3655.0 @ -243.841675
3655.0 3670.0 ssil -206.231171
3670.0 3685.0 ssil -185.530136 DEODORANT
3685.0 3730.0 d -620.450195
3730.0 3920.0 e -2192.797119
3920.0 3935.0 o -221.308212
3935.0 3985.0 d -689.391174
3985.0 4000.0 oc -202.064636
4000.0 4095.0 r -1198.248291
4095.0 4240.0 ac -1638.235596
4240.0 4355.0 n -1319.170898
4355.0 4495.0 t -1901.931763
4495.0 4690.0 ssil -2226.687012
.
