#!MLF!#
"/net/aistaff/aki/_same-utterance/wav/04/Groningen_and_Drenthe/1687-1449170173-122265.rec"
0.0 1135.0 ssil -13599.479492 KORT
1135.0 1180.0 k -666.409851
1180.0 1265.0 oc -1128.209106
1265.0 1290.0 r -340.539368
1290.0 1335.0 ssil -649.911926
1335.0 1420.0 ssil -1114.501709 NA
1420.0 1485.0 n -834.699097
1485.0 1585.0 a -1243.832520
1585.0 1600.0 ssil -206.211594
1600.0 1615.0 ssil -197.099960 HET
1615.0 1630.0 h -182.141479
1630.0 1645.0 ec -212.155212
1645.0 1665.0 t -301.904388
1665.0 1680.0 ssil -202.844833
1680.0 1695.0 ssil -183.063583 WIELERFESTIJN
1695.0 1725.0 w -358.856750
1725.0 1790.0 i -930.456665
1790.0 1850.0 l -812.057373
1850.0 1885.0 @ -451.933838
1885.0 1925.0 r -536.499268
1925.0 1990.0 f -815.546387
1990.0 2045.0 ec -711.486877
2045.0 2125.0 s -967.551697
2125.0 2175.0 t -686.027954
2175.0 2370.0 ei -2171.572266
2370.0 2485.0 n -1418.289551
2485.0 2500.0 ssil -213.144226
2500.0 2535.0 ssil -474.514954 VERBRUIKTE
2535.0 2625.0 f -1147.729614
2625.0 2640.0 ec -203.820526
2640.0 2680.0 r -504.210602
2680.0 2760.0 b -992.461975
2760.0 3005.0 r -3284.774902
3005.0 3035.0 ui -384.790741
3035.0 3050.0 k -230.408432
3050.0 3090.0 t -540.061035
3090.0 3125.0 @ -400.382172
3125.0 3140.0 ssil -198.994247
3140.0 3155.0 ssil -190.497055 DRIES
3155.0 3240.0 d -1104.399170
3240.0 3285.0 r -626.523193
3285.0 3390.0 i -1461.035522
3390.0 3515.0 s -1499.353516
3515.0 3530.0 ssil -176.499268
3530.0 3555.0 ssil -328.118256 DE
3555.0 3590.0 d -516.431702
3590.0 3645.0 @ -718.228088
3645.0 3665.0 ssil -251.353195
3665.0 3685.0 ssil -286.043884 REST
3685.0 3785.0 r -1364.713745
3785.0 3820.0 ec -472.421631
3820.0 3950.0 s -1534.054932
3950.0 4025.0 t -925.337158
4025.0 4045.0 ssil -237.130966
4045.0 4065.0 ssil -212.252884 VAN
4065.0 4150.0 f -1050.350098
4150.0 4190.0 ac -525.259766
4190.0 4235.0 n -507.677795
4235.0 4250.0 ssil -194.329224
4250.0 4265.0 ssil -216.371750 DE
4265.0 4290.0 d -349.386749
4290.0 4315.0 @ -300.219910
4315.0 4330.0 ssil -186.854721
4330.0 4345.0 ssil -204.740509 DEODORANT
4345.0 4390.0 d -610.020447
4390.0 4540.0 e -1735.952393
4540.0 4555.0 o -219.577667
4555.0 4600.0 d -569.431580
4600.0 4615.0 oc -206.017517
4615.0 4670.0 r -748.623657
4670.0 4710.0 ac -519.274536
4710.0 4730.0 n -267.693237
4730.0 5735.0 ssil -12246.256836
.
