#!MLF!#
"/net/aistaff/aki/_same-utterance/wav/04/Groningen_and_Drenthe/17301-1472377079-2460166.rec"
0.0 340.0 ssil -3770.732910 KORT
340.0 415.0 k -1142.063965
415.0 450.0 oc -399.474213
450.0 570.0 r -1452.153809
570.0 590.0 ssil -274.458374
590.0 605.0 ssil -187.056351 NA
605.0 645.0 n -504.712463
645.0 815.0 a -1941.363892
815.0 830.0 ssil -236.487473
830.0 845.0 ssil -220.822189 HET
845.0 860.0 h -207.201294
860.0 875.0 ec -191.624100
875.0 890.0 t -216.165421
890.0 905.0 ssil -176.488480
905.0 920.0 ssil -207.947906 WIELERFESTIJN
920.0 935.0 w -230.440536
935.0 1015.0 i -1137.380981
1015.0 1105.0 l -1024.838379
1105.0 1135.0 @ -417.291992
1135.0 1160.0 r -352.626312
1160.0 1250.0 f -1185.115601
1250.0 1310.0 ec -811.958679
1310.0 1420.0 s -1411.216553
1420.0 1455.0 t -498.375946
1455.0 1680.0 ei -2644.650635
1680.0 1740.0 n -753.018921
1740.0 1865.0 ssil -1392.666138
1865.0 1955.0 ssil -1040.785278 VERBRUIKTE
1955.0 2035.0 f -1067.753052
2035.0 2050.0 ec -200.983154
2050.0 2110.0 r -727.803528
2110.0 2125.0 b -219.065033
2125.0 2175.0 r -688.917175
2175.0 2350.0 ui -2164.779297
2350.0 2365.0 k -240.253311
2365.0 2380.0 t -227.157516
2380.0 2455.0 @ -886.767578
2455.0 2470.0 ssil -181.502319
2470.0 2485.0 ssil -201.402405 DRIES
2485.0 2525.0 d -590.827576
2525.0 2555.0 r -496.780945
2555.0 2710.0 i -2058.519531
2710.0 2725.0 s -234.827560
2725.0 2745.0 ssil -239.100632
2745.0 2760.0 ssil -181.052750 DE
2760.0 2795.0 d -499.164459
2795.0 2835.0 @ -464.755798
2835.0 2850.0 ssil -207.645874
2850.0 2865.0 ssil -223.143204 REST
2865.0 2880.0 r -205.711426
2880.0 3015.0 ec -1505.404419
3015.0 3125.0 s -1373.394287
3125.0 3140.0 ssil -180.876633
3140.0 3155.0 ssil -189.780487 VAN
3155.0 3180.0 v -321.297272
3180.0 3295.0 ac -1215.364380
3295.0 3400.0 n -1335.834839
3400.0 3415.0 ssil -212.946289
3415.0 3430.0 ssil -211.871292 DE
3430.0 3445.0 d -192.657150
3445.0 3520.0 @ -849.090088
3520.0 3535.0 ssil -194.092178
3535.0 3550.0 ssil -228.765274 DEODORANT
3550.0 3565.0 d -225.661880
3565.0 3795.0 e -2227.659668
3795.0 3810.0 o -191.097626
3810.0 3840.0 d -362.613220
3840.0 3870.0 oc -367.339752
3870.0 3940.0 r -904.593079
3940.0 3960.0 ac -268.688995
3960.0 3975.0 n -254.833817
3975.0 3995.0 ssil -325.551605
.
