#!MLF!#
"/net/aistaff/aki/_same-utterance/wav/04/Groningen_and_Drenthe/3385-1450453121-717134.rec"
0.0 630.0 ssil -7637.639648 KORT
630.0 680.0 k -733.484497
680.0 740.0 oc -777.148865
740.0 785.0 r -632.679626
785.0 890.0 ssil -1333.763550
890.0 920.0 ssil -411.546448 NA
920.0 970.0 n -706.770569
970.0 1100.0 a -1472.154785
1100.0 1115.0 ssil -232.563751
1115.0 1130.0 ssil -218.408066 HET
1130.0 1145.0 h -195.360062
1145.0 1160.0 ec -221.213196
1160.0 1175.0 t -235.789505
1175.0 1190.0 ssil -254.064590
1190.0 1205.0 ssil -228.913452 WIELERFESTIJN
1205.0 1220.0 w -211.380981
1220.0 1310.0 i -1120.529541
1310.0 1355.0 l -606.556946
1355.0 1370.0 @ -183.847137
1370.0 1415.0 r -590.316406
1415.0 1485.0 f -879.837036
1485.0 1525.0 ec -577.708313
1525.0 1585.0 s -818.339539
1585.0 1660.0 t -1016.499329
1660.0 1805.0 ei -1732.678345
1805.0 1905.0 n -1226.311768
1905.0 2290.0 ssil -4633.802246
2290.0 2330.0 ssil -531.326965 VERBRUIKTE
2330.0 2365.0 f -499.468292
2365.0 2380.0 ec -239.114609
2380.0 2395.0 r -190.018051
2395.0 2440.0 b -553.683533
2440.0 2485.0 r -653.420105
2485.0 2615.0 ui -1490.229980
2615.0 2630.0 k -223.369247
2630.0 2695.0 t -862.012695
2695.0 2750.0 @ -617.982422
2750.0 2765.0 ssil -203.679047
2765.0 2780.0 ssil -192.986328 DRIES
2780.0 2870.0 d -1150.283081
2870.0 2905.0 r -452.091858
2905.0 3025.0 i -1358.810791
3025.0 3195.0 s -2140.473633
3195.0 3210.0 ssil -186.215576
3210.0 3255.0 ssil -517.440857 DE
3255.0 3285.0 d -388.768372
3285.0 3335.0 @ -612.033386
3335.0 3350.0 ssil -226.363632
3350.0 3365.0 ssil -248.956665 REST
3365.0 3380.0 r -201.921539
3380.0 3495.0 ec -1468.539429
3495.0 3545.0 s -685.881653
3545.0 3620.0 t -937.832336
3620.0 3635.0 ssil -163.499283
3635.0 3650.0 ssil -187.617645 VAN
3650.0 3675.0 v -319.389343
3675.0 3780.0 ac -1342.192505
3780.0 3795.0 n -208.853378
3795.0 3810.0 ssil -220.317734
3810.0 3825.0 ssil -202.429276 DE
3825.0 3840.0 d -193.711029
3840.0 3855.0 ssil -201.863235
3855.0 3870.0 ssil -235.551834 DEODORANT
3870.0 3890.0 d -289.093048
3890.0 3970.0 e -861.831970
3970.0 4000.0 o -338.831360
4000.0 4015.0 d -202.914307
4015.0 4035.0 oc -234.612640
4035.0 4180.0 r -1610.936035
4180.0 4265.0 ac -1036.699951
4265.0 4405.0 n -1731.086304
4405.0 4495.0 t -1157.939453
4495.0 5130.0 ssil -7351.818848
.
