#!MLF!#
"/net/aistaff/aki/_same-utterance/wav/04/Groningen_and_Drenthe/4111-1450006066-637166.rec"
0.0 670.0 ssil -7757.296875 KORT
670.0 735.0 k -956.018005
735.0 900.0 oc -2021.280029
900.0 1030.0 r -1705.607056
1030.0 1050.0 ssil -244.826462
1050.0 1130.0 ssil -1044.654053 NA
1130.0 1225.0 n -1296.296143
1225.0 1425.0 a -2320.906494
1425.0 1440.0 ssil -196.387772
1440.0 1455.0 ssil -196.577271 HET
1455.0 1495.0 h -448.817871
1495.0 1510.0 ec -177.468536
1510.0 1525.0 t -208.988846
1525.0 1555.0 ssil -342.163147
1555.0 1570.0 ssil -187.912155 WIELERFESTIJN
1570.0 1595.0 w -377.576294
1595.0 1655.0 i -799.462891
1655.0 1680.0 l -322.426208
1680.0 1860.0 @ -2048.720703
1860.0 1945.0 r -1033.783203
1945.0 1960.0 f -205.932938
1960.0 2055.0 ec -1149.466675
2055.0 2175.0 s -1424.033325
2175.0 2230.0 t -764.724121
2230.0 2375.0 ei -1455.619751
2375.0 2510.0 n -1467.158447
2510.0 2530.0 ssil -243.728455
2530.0 2570.0 ssil -473.302856 VERBRUIKTE
2570.0 2605.0 v -457.825775
2605.0 2620.0 ec -194.887924
2620.0 2785.0 r -2134.474365
2785.0 2820.0 b -516.272217
2820.0 2965.0 r -1701.175415
2965.0 3010.0 ui -566.147644
3010.0 3025.0 k -245.167404
3025.0 3060.0 t -471.598694
3060.0 3115.0 @ -653.930542
3115.0 3130.0 ssil -169.224670
3130.0 3150.0 ssil -221.524445 DRIES
3150.0 3215.0 d -883.057983
3215.0 3235.0 r -299.059662
3235.0 3380.0 i -1764.307495
3380.0 3425.0 s -586.274292
3425.0 3445.0 ssil -242.982132
3445.0 3515.0 ssil -911.656433 DE
3515.0 3560.0 d -589.189758
3560.0 3655.0 @ -1172.868286
3655.0 3670.0 ssil -214.028854
3670.0 3690.0 ssil -274.316315 REST
3690.0 3750.0 r -734.143982
3750.0 3780.0 ec -412.409485
3780.0 3895.0 s -1389.621094
3895.0 3965.0 ssil -876.106628
3965.0 4020.0 ssil -679.850342 VAN
4020.0 4155.0 f -1706.098145
4155.0 4195.0 ac -462.076904
4195.0 4275.0 n -1071.301270
4275.0 4315.0 ssil -564.129211
4315.0 4330.0 ssil -197.037277 DE
4330.0 4350.0 d -244.267609
4350.0 4365.0 ssil -189.404648
4365.0 4380.0 ssil -192.086319 DEODORANT
4380.0 4420.0 d -509.496918
4420.0 4585.0 e -1736.115967
4585.0 4610.0 o -314.565063
4610.0 4665.0 d -745.286743
4665.0 4770.0 oc -1213.732178
4770.0 4805.0 r -421.418945
4805.0 5020.0 ac -2489.622559
5020.0 5055.0 n -510.613342
5055.0 5110.0 t -789.885864
5110.0 6085.0 ssil -11352.306641
.
