#!MLF!#
"/net/aistaff/aki/_same-utterance/wav/04/Groningen_and_Drenthe/5153-1457517230-1567292.rec"
0.0 410.0 ssil -4671.618164 KORT
410.0 460.0 k -837.624329
460.0 525.0 oc -872.498840
525.0 590.0 r -927.493774
590.0 620.0 ssil -406.096466
620.0 635.0 ssil -202.544693 NA
635.0 740.0 n -1229.716187
740.0 810.0 a -772.502808
810.0 825.0 ssil -180.158081
825.0 840.0 ssil -197.003952 HET
840.0 935.0 h -1116.669434
935.0 960.0 ec -350.779053
960.0 1005.0 t -636.299500
1005.0 1020.0 ssil -225.169281
1020.0 1065.0 ssil -644.419067 WIELERFESTIJN
1065.0 1080.0 w -223.974197
1080.0 1150.0 i -785.226501
1150.0 1165.0 l -197.657150
1165.0 1320.0 @ -1822.814209
1320.0 1365.0 r -598.610413
1365.0 1395.0 f -437.781464
1395.0 1495.0 ec -1199.019165
1495.0 1615.0 s -1583.484253
1615.0 1665.0 t -647.776917
1665.0 1880.0 ei -2248.943115
1880.0 1920.0 n -429.020782
1920.0 1945.0 ssil -297.910156
1945.0 2035.0 ssil -1029.593628 VERBRUIKTE
2035.0 2155.0 f -1429.879150
2155.0 2170.0 ec -201.200653
2170.0 2200.0 r -361.148132
2200.0 2270.0 b -888.687866
2270.0 2325.0 r -781.615662
2325.0 2500.0 ui -1972.574951
2500.0 2515.0 k -215.015594
2515.0 2585.0 t -944.212952
2585.0 2615.0 @ -364.187164
2615.0 2635.0 ssil -221.061523
2635.0 2660.0 ssil -353.662170 DRIES
2660.0 2730.0 d -1065.033813
2730.0 2765.0 r -457.195312
2765.0 2925.0 i -2052.693848
2925.0 2970.0 s -584.502441
2970.0 3020.0 ssil -620.332275
3020.0 3130.0 ssil -1397.236572 DE
3130.0 3165.0 d -497.939545
3165.0 3180.0 ssil -225.764679
3180.0 3195.0 ssil -199.826706 REST
3195.0 3320.0 r -1794.387207
3320.0 3440.0 ec -1378.198364
3440.0 3515.0 s -991.276917
3515.0 3565.0 ssil -705.607544
3565.0 3610.0 ssil -604.618530 VAN
3610.0 3640.0 v -392.156677
3640.0 3690.0 ac -574.873962
3690.0 3715.0 n -293.441437
3715.0 3730.0 ssil -183.452225
3730.0 3745.0 ssil -199.813385 DE
3745.0 3760.0 d -205.241379
3760.0 3870.0 @ -1195.558105
3870.0 3885.0 ssil -193.635681
3885.0 3900.0 ssil -191.341629 DEODORANT
3900.0 3935.0 d -460.777435
3935.0 4055.0 e -1256.838501
4055.0 4145.0 o -1064.172119
4145.0 4215.0 d -943.545837
4215.0 4245.0 oc -379.682190
4245.0 4355.0 r -1278.354980
4355.0 4440.0 ac -898.844116
4440.0 4535.0 n -1064.685303
4535.0 4665.0 t -1633.636841
4665.0 4925.0 ssil -3027.850342
.
