#!MLF!#
"/net/aistaff/aki/_same-utterance/wav/04/Groningen_and_Drenthe/7039-1454588067-1323537.rec"
0.0 515.0 ssil -6239.495117 KORT
515.0 570.0 k -797.795593
570.0 600.0 oc -446.719574
600.0 725.0 r -1747.626343
725.0 860.0 ssil -2003.429565
860.0 885.0 ssil -370.831238 NA
885.0 910.0 n -361.080322
910.0 1030.0 a -1301.059692
1030.0 1045.0 ssil -193.650299
1045.0 1060.0 ssil -213.502014 HET
1060.0 1125.0 h -837.494324
1125.0 1165.0 ec -545.290039
1165.0 1180.0 t -253.663330
1180.0 1225.0 ssil -706.058167
1225.0 1250.0 ssil -307.445007 WIELERFESTIJN
1250.0 1305.0 w -626.523865
1305.0 1385.0 i -1066.779297
1385.0 1430.0 l -628.699097
1430.0 1480.0 @ -660.132690
1480.0 1550.0 r -1019.519409
1550.0 1675.0 f -1574.273804
1675.0 1750.0 ec -946.470764
1750.0 1915.0 s -2163.895752
1915.0 1940.0 t -372.768524
1940.0 2090.0 ei -1786.345459
2090.0 2165.0 n -916.017151
2165.0 2180.0 ssil -201.891998
2180.0 2195.0 ssil -199.763107 VERBRUIKTE
2195.0 2315.0 v -1479.319458
2315.0 2345.0 ec -461.827942
2345.0 2415.0 r -991.211548
2415.0 2490.0 b -989.204407
2490.0 2550.0 r -854.918762
2550.0 2730.0 ui -2368.570557
2730.0 2750.0 k -323.915070
2750.0 2795.0 t -676.734680
2795.0 2830.0 @ -423.725983
2830.0 2845.0 ssil -218.399063
2845.0 2860.0 ssil -203.909317 DRIES
2860.0 2965.0 d -1359.873291
2965.0 3005.0 r -551.623169
3005.0 3120.0 i -1396.121704
3120.0 3280.0 s -2004.968506
3280.0 3295.0 ssil -210.411285
3295.0 3310.0 ssil -218.493683 DE
3310.0 3340.0 d -399.169067
3340.0 3435.0 @ -1051.272583
3435.0 3450.0 ssil -224.864014
3450.0 3465.0 ssil -213.999237 REST
3465.0 3480.0 r -206.982178
3480.0 3590.0 ec -1435.889404
3590.0 3745.0 s -1861.533813
3745.0 3780.0 t -508.173248
3780.0 3795.0 ssil -187.106567
3795.0 3810.0 ssil -175.689377 VAN
3810.0 3885.0 f -947.383179
3885.0 3955.0 ac -901.823425
3955.0 4000.0 n -584.029419
4000.0 4015.0 ssil -215.984406
4015.0 4030.0 ssil -224.348114 DE
4030.0 4045.0 d -215.831070
4045.0 4090.0 @ -617.921570
4090.0 4105.0 ssil -208.664856
4105.0 4120.0 ssil -201.954910 DEODORANT
4120.0 4160.0 d -594.975525
4160.0 4320.0 e -1807.523193
4320.0 4360.0 o -538.745056
4360.0 4415.0 d -729.134827
4415.0 4430.0 oc -216.390686
4430.0 4585.0 r -1940.475830
4585.0 4695.0 ac -1399.444946
4695.0 4795.0 n -1372.784668
4795.0 4900.0 t -1449.948486
4900.0 5735.0 ssil -10043.176758
.
