#!MLF!#
"/net/aistaff/aki/_same-utterance/wav/04/Groningen_and_Drenthe/7275-1456401084-1518806.rec"
0.0 725.0 ssil -8951.890625 KORT
725.0 810.0 k -1276.917603
810.0 840.0 oc -442.279510
840.0 905.0 r -1029.985840
905.0 925.0 ssil -302.080353
925.0 990.0 ssil -887.749573 NA
990.0 1015.0 n -383.145569
1015.0 1195.0 a -1990.662109
1195.0 1210.0 ssil -217.105301
1210.0 1230.0 ssil -297.336365 HET
1230.0 1245.0 h -221.001846
1245.0 1260.0 ec -198.154785
1260.0 1280.0 t -283.057648
1280.0 1315.0 ssil -446.179016
1315.0 1330.0 ssil -233.222733 WIELERFESTIJN
1330.0 1345.0 w -236.793213
1345.0 1465.0 i -1535.174927
1465.0 1480.0 l -210.565750
1480.0 1495.0 @ -214.754532
1495.0 1535.0 r -535.677551
1535.0 1640.0 f -1224.638428
1640.0 1705.0 ec -834.554810
1705.0 1810.0 s -1262.972534
1810.0 1865.0 t -802.656067
1865.0 2005.0 ei -1587.320557
2005.0 2155.0 n -1801.427368
2155.0 2180.0 ssil -396.862762
2180.0 2200.0 ssil -283.035645 VERBRUIKTE
2200.0 2285.0 v -1084.394165
2285.0 2300.0 ec -219.518173
2300.0 2315.0 r -197.166458
2315.0 2385.0 b -932.807129
2385.0 2400.0 r -220.444077
2400.0 2535.0 ui -1897.185913
2535.0 2550.0 k -231.075104
2550.0 2580.0 t -417.996979
2580.0 2620.0 @ -491.128998
2620.0 2635.0 ssil -193.613968
2635.0 2650.0 ssil -194.657959 DRIES
2650.0 2710.0 d -805.543884
2710.0 2745.0 r -499.634064
2745.0 2875.0 i -1593.597290
2875.0 2935.0 s -728.023010
2935.0 2950.0 ssil -205.019089
2950.0 2965.0 ssil -216.253494 DE
2965.0 3015.0 d -678.496826
3015.0 3030.0 ssil -196.364334
3030.0 3045.0 ssil -210.497650 REST
3045.0 3090.0 r -638.480713
3090.0 3190.0 ec -1257.057983
3190.0 3255.0 s -774.516235
3255.0 3270.0 ssil -192.562286
3270.0 3285.0 ssil -178.513214 VAN
3285.0 3375.0 f -1050.137085
3375.0 3390.0 ac -189.959976
3390.0 3445.0 n -644.406128
3445.0 3460.0 ssil -207.370987
3460.0 3475.0 ssil -214.079315 DE
3475.0 3490.0 d -200.882996
3490.0 3515.0 @ -279.649994
3515.0 3530.0 ssil -184.826172
3530.0 3545.0 ssil -195.348083 DEODORANT
3545.0 3565.0 d -252.587204
3565.0 3740.0 @ -1815.763306
3740.0 3830.0 @ -1045.580200
3830.0 3890.0 d -785.920349
3890.0 3905.0 oc -193.122681
3905.0 3920.0 r -187.302002
3920.0 3980.0 ac -733.966064
3980.0 4045.0 n -779.731934
4045.0 4180.0 t -1703.839478
4180.0 4410.0 ssil -2801.931396
.
