#!MLF!#
"/net/aistaff/aki/_same-utterance/wav/04/Groningen_and_Drenthe/7470-1455108367-1402852.rec"
0.0 115.0 ssil -1007.450256 KORT
115.0 130.0 k -211.953735
130.0 145.0 oc -229.680679
145.0 160.0 r -182.347031
160.0 210.0 ssil -595.445129
210.0 745.0 ssil -6430.253906 NA
745.0 760.0 n -222.986649
760.0 845.0 a -1048.296143
845.0 885.0 ssil -526.637024
885.0 905.0 ssil -230.938507 HET
905.0 920.0 h -212.191299
920.0 1080.0 ec -1739.182129
1080.0 1095.0 t -222.308105
1095.0 1150.0 ssil -794.934509
1150.0 1165.0 ssil -205.710861 WIELERFESTIJN
1165.0 1200.0 w -430.268677
1200.0 1275.0 i -994.150024
1275.0 1310.0 l -461.695892
1310.0 1350.0 @ -529.497314
1350.0 1430.0 r -1074.549805
1430.0 1480.0 f -648.564880
1480.0 1555.0 ec -914.083618
1555.0 1660.0 s -1381.706055
1660.0 1745.0 t -1159.788940
1745.0 1955.0 ei -2222.339355
1955.0 1980.0 n -350.987091
1980.0 2010.0 ssil -360.828156
2010.0 2200.0 ssil -2188.150146 VERBRUIKTE
2200.0 2220.0 v -262.999481
2220.0 2300.0 ec -868.403503
2300.0 2335.0 r -395.097076
2335.0 2355.0 b -251.015106
2355.0 2420.0 r -895.413025
2420.0 2540.0 ui -1309.537231
2540.0 2555.0 k -206.555984
2555.0 2660.0 t -1464.879395
2660.0 2675.0 @ -206.216568
2675.0 2705.0 ssil -428.644165
2705.0 2760.0 ssil -752.117065 DRIES
2760.0 2780.0 d -310.559845
2780.0 2820.0 r -609.149353
2820.0 2915.0 i -1248.648682
2915.0 2930.0 s -219.858307
2930.0 3035.0 ssil -1473.264282
3035.0 3075.0 ssil -547.214539 DE
3075.0 3115.0 d -538.870422
3115.0 3130.0 ssil -214.132919
3130.0 3145.0 ssil -217.326324 REST
3145.0 3160.0 r -195.012802
3160.0 3245.0 ec -931.182495
3245.0 3295.0 s -695.234314
3295.0 3325.0 ssil -413.608704
3325.0 3400.0 ssil -1047.472046 VAN
3400.0 3435.0 v -423.813568
3435.0 3500.0 ac -760.071289
3500.0 3520.0 n -235.704224
3520.0 3535.0 ssil -186.465576
3535.0 3550.0 ssil -202.583862 DE
3550.0 3565.0 d -211.545853
3565.0 3610.0 @ -567.903992
3610.0 3625.0 ssil -189.551773
3625.0 3645.0 ssil -279.597900 DEODORANT
3645.0 3670.0 d -338.995819
3670.0 3795.0 e -1365.069458
3795.0 3855.0 o -713.682007
3855.0 3905.0 d -619.075317
3905.0 3930.0 oc -265.425079
3930.0 4020.0 r -1110.411865
4020.0 4150.0 ac -1484.147705
4150.0 4245.0 n -1086.476685
4245.0 4295.0 t -725.274109
4295.0 4410.0 ssil -1425.232544
.
