#!MLF!#
"/net/aistaff/aki/_same-utterance/wav/04/Groningen_and_Drenthe/8763-1458206684-1672041.rec"
0.0 515.0 ssil -5433.818359 KORT
515.0 600.0 k -1315.572021
600.0 655.0 oc -686.204163
655.0 730.0 r -1027.937378
730.0 775.0 ssil -771.502808
775.0 795.0 ssil -309.506317 NA
795.0 825.0 n -429.208008
825.0 950.0 a -1657.844482
950.0 965.0 ssil -222.394089
965.0 980.0 ssil -202.666718 HET
980.0 995.0 h -222.237442
995.0 1010.0 ec -241.351425
1010.0 1025.0 t -222.338394
1025.0 1040.0 ssil -226.082565
1040.0 1055.0 ssil -197.276535 WIELERFESTIJN
1055.0 1085.0 w -331.749084
1085.0 1135.0 i -631.241943
1135.0 1160.0 l -367.216187
1160.0 1195.0 @ -460.488861
1195.0 1340.0 r -2019.990356
1340.0 1405.0 f -930.281372
1405.0 1485.0 ec -1078.451538
1485.0 1570.0 s -1202.902100
1570.0 1650.0 t -1004.935059
1650.0 1865.0 ei -2438.698975
1865.0 1990.0 n -1570.958252
1990.0 2020.0 ssil -472.021027
2020.0 2065.0 ssil -728.367920 VERBRUIKTE
2065.0 2095.0 f -519.920593
2095.0 2145.0 ec -737.295288
2145.0 2240.0 r -1162.697998
2240.0 2260.0 b -280.857513
2260.0 2305.0 r -561.867798
2305.0 2570.0 ui -3437.538574
2570.0 2595.0 k -367.884583
2595.0 2630.0 t -500.150940
2630.0 2730.0 @ -1170.708252
2730.0 2745.0 ssil -204.094482
2745.0 2780.0 ssil -585.451355 DRIES
2780.0 2800.0 d -324.554535
2800.0 2840.0 r -571.832825
2840.0 3010.0 i -2170.435547
3010.0 3105.0 s -1457.262085
3105.0 3135.0 ssil -450.016785
3135.0 3185.0 ssil -689.129639 DE
3185.0 3240.0 d -717.029419
3240.0 3320.0 @ -986.160583
3320.0 3335.0 ssil -255.836792
3335.0 3350.0 ssil -247.631805 REST
3350.0 3365.0 r -222.737244
3365.0 3480.0 ec -1304.763306
3480.0 3560.0 s -1059.738281
3560.0 3650.0 ssil -1277.352173
3650.0 3700.0 ssil -706.101257 VAN
3700.0 3735.0 f -487.147919
3735.0 3795.0 ac -752.777039
3795.0 3910.0 n -1335.337036
3910.0 3925.0 ssil -182.074356
3925.0 3940.0 ssil -199.500580 DE
3940.0 3965.0 d -344.983887
3965.0 4165.0 @ -2299.441406
4165.0 4180.0 ssil -193.689743
4180.0 4195.0 ssil -188.998184 DEODORANT
4195.0 4215.0 d -255.946777
4215.0 4275.0 @ -717.496704
4275.0 4290.0 o -223.114029
4290.0 4315.0 d -364.496490
4315.0 4365.0 @ -665.036133
4365.0 4380.0 r -198.297318
4380.0 4455.0 ac -925.096802
4455.0 4550.0 n -1357.160889
4550.0 4635.0 t -1278.725952
4635.0 4945.0 ssil -3818.649658
.
