#!MLF!#
"/net/aistaff/aki/_same-utterance/wav/04/Groningen_and_Drenthe/8963-1458485194-1689681.rec"
0.0 585.0 ssil -5717.989746 KORT
585.0 730.0 k -1897.100586
730.0 810.0 oc -955.546753
810.0 940.0 r -1680.811890
940.0 1005.0 ssil -833.643494
1005.0 1110.0 ssil -1258.689453 NA
1110.0 1155.0 n -605.912476
1155.0 1370.0 a -2386.648438
1370.0 1385.0 ssil -198.365067
1385.0 1405.0 ssil -249.065338 HET
1405.0 1420.0 h -184.744598
1420.0 1435.0 ec -195.111984
1435.0 1450.0 t -215.853897
1450.0 1465.0 ssil -167.150620
1465.0 1480.0 ssil -195.149353 WIELERFESTIJN
1480.0 1510.0 w -406.411194
1510.0 1565.0 i -788.267029
1565.0 1650.0 l -1020.511414
1650.0 1705.0 @ -578.965820
1705.0 1805.0 r -1240.249512
1805.0 1840.0 f -441.287384
1840.0 1925.0 ec -1026.839355
1925.0 2005.0 s -1020.863342
2005.0 2040.0 t -478.343140
2040.0 2225.0 ei -2098.394775
2225.0 2325.0 n -1124.002197
2325.0 2350.0 ssil -341.311737
2350.0 2440.0 ssil -1102.444092 VERBRUIKTE
2440.0 2525.0 f -1018.655762
2525.0 2560.0 ec -414.421448
2560.0 2625.0 r -819.643738
2625.0 2720.0 b -1079.799072
2720.0 2920.0 r -2430.872559
2920.0 2945.0 ui -329.657562
2945.0 2960.0 k -228.805420
2960.0 2990.0 t -407.953430
2990.0 3150.0 @ -2018.887329
3150.0 3165.0 ssil -179.505844
3165.0 3180.0 ssil -172.268860 DRIES
3180.0 3285.0 d -1242.272339
3285.0 3325.0 r -477.291290
3325.0 3400.0 i -945.164062
3400.0 3510.0 s -1471.969238
3510.0 3540.0 ssil -382.793335
3540.0 3575.0 ssil -451.528503 DE
3575.0 3635.0 d -766.581665
3635.0 3650.0 ssil -203.921539
3650.0 3665.0 ssil -195.815262 REST
3665.0 3715.0 r -593.414673
3715.0 3835.0 ec -1481.609375
3835.0 3950.0 s -1481.554199
3950.0 3980.0 ssil -351.382904
3980.0 4000.0 ssil -228.372482 VAN
4000.0 4050.0 v -628.900818
4050.0 4100.0 ac -573.369446
4100.0 4130.0 n -358.311707
4130.0 4155.0 ssil -315.983673
4155.0 4195.0 ssil -489.754852 DE
4195.0 4210.0 d -205.611664
4210.0 4250.0 @ -460.201233
4250.0 4285.0 ssil -384.120117
4285.0 4340.0 ssil -635.101440 DEODORANT
4340.0 4355.0 d -188.855728
4355.0 4540.0 @ -2147.836182
4540.0 4585.0 o -611.886719
4585.0 4605.0 d -290.563843
4605.0 4730.0 @ -1409.458740
4730.0 4765.0 r -400.205688
4765.0 4885.0 ac -1314.310181
4885.0 4900.0 n -173.918655
4900.0 5180.0 ssil -3222.325195
.
