#!MLF!#
"/net/aistaff/aki/_same-utterance/wav/08/Oost_Overijsel-Gelderland/13104-1464304387-2005968.rec"
0.0 105.0 ssil -1089.067017 PISTOOL
105.0 120.0 p -263.390564
120.0 145.0 s -424.193207
145.0 160.0 t -217.547836
160.0 175.0 @ -175.825531
175.0 190.0 l -184.448700
190.0 725.0 ssil -6123.879395
725.0 1050.0 ssil -3648.889160 GERAAPT
1050.0 1160.0 gc -1461.621826
1160.0 1275.0 @ -1485.085449
1275.0 1335.0 r -872.008789
1335.0 1665.0 a -4259.781738
1665.0 1680.0 p -238.586197
1680.0 1740.0 t -921.837280
1740.0 3415.0 ssil -21289.427734
3415.0 5240.0 ssil -21219.568359 TOVEREN
5240.0 5285.0 t -699.226318
5285.0 5505.0 o -2810.253906
5505.0 5520.0 f -213.409760
5520.0 5540.0 @ -240.996765
5540.0 5555.0 r -207.683701
5555.0 5640.0 @ -1196.204590
5640.0 5855.0001 n -2717.034424
5855.0001 5945.0001 ssil -1020.793030
5945.0 6825.0 ssil -10259.263672 IJS
6825.0 7160.0 ei -4217.985840
7160.0 7360.0 s -2772.641357
7360.0 8840.0 ssil -17087.421875
8840.0 8965.0 ssil -1887.405884 VERKEERD
8965.0 8990.0 f -402.972717
8990.0 9375.0 @ -5015.998047
9375.0 9390.0 k -210.317978
9390.0 9410.0 e -232.510529
9410.0 9425.0 r -185.596909
9425.0 10030.0 ssil -7071.950195
.
