#!MLF!#
"/net/aistaff/aki/_same-utterance/wav/08/Oost_Overijsel-Gelderland/13285-1465071757-2236043.rec"
0.0 650.0 ssil -8275.583984 PISTOOL
650.0 670.0 p -269.931641
670.0 685.0 @ -197.501709
685.0 700.0 s -202.194839
700.0 810.0 t -1530.723755
810.0 980.0 o -2023.068970
980.0 1345.0 l -4685.720215
1345.0 1550.0 ssil -3056.848877
1550.0 2895.0 ssil -17732.746094 GERAAPT
2895.0 2925.0 x -489.375885
2925.0 3025.0 @ -1316.002686
3025.0 3080.0 r -559.658569
3080.0 3125.0 a -627.758667
3125.0 3150.0 p -359.158417
3150.0 3235.0 t -1100.413940
3235.0 3510.0 ssil -3287.739014
3510.0 4755.0 ssil -15961.085938 TOVEREN
4755.0 4925.0 t -2504.859131
4925.0 5205.0 o -3212.294678
5205.0 5245.0 f -535.857483
5245.0 5315.0 @ -831.607056
5315.0 5330.0 r -215.554565
5330.0 5360.0 @ -408.986328
5360.0 7040.0 ssil -21156.451172
7040.0 8910.0 ssil -24074.068359 IJS
8910.0 9095.0 ei -2146.548828
9095.0 9275.0 s -2412.808594
9275.0 9290.0 ssil -188.756119
9290.0 9400.0 ssil -1364.543945 VERKEERD
9400.0 9415.0 v -175.608704
9415.0 9440.0 k -323.641296
9440.0 9455.0 e -188.425171
9455.0 9470.0 r -174.977448
9470.0 10030.0 ssil -6798.438965
.
