#!MLF!#
"/net/aistaff/aki/_same-utterance/wav/08/Oost_Overijsel-Gelderland/13550-1465929020-2316401.rec"
0.0 995.0 ssil -12650.408203 PISTOOL
995.0 1040.0 p -725.934631
1040.0 1055.0 @ -223.868881
1055.0 1070.0 s -201.312393
1070.0 1130.0 t -855.494629
1130.0 1315.0 o -2169.058105
1315.0 1330.0 l -213.218018
1330.0 1865.0 ssil -6854.849121
1865.0 2750.0 ssil -10414.812500 GERAAPT
2750.0 2800.0 gc -713.831604
2800.0 3255.0 @ -5926.078613
3255.0 3430.0 r -2472.906006
3430.0 3445.0 a -231.719772
3445.0 3460.0 p -208.851852
3460.0 3505.0 t -528.176941
3505.0 4735.0 ssil -15205.276367
4735.0 4870.0 ssil -1653.613770 TOVEREN
4870.0 5115.0 t -3350.652344
5115.0 5380.0 oc -3078.184082
5380.0 5395.0 f -240.657990
5395.0 5460.0 @ -846.970581
5460.0 5475.0 r -198.745346
5475.0 5565.0 @ -976.026550
5565.0 6840.0 ssil -14771.286133
6840.0 6865.0 ssil -378.161102 IJS
6865.0 7115.0 ei -3072.088379
7115.0 7365.0 s -3061.934326
7365.0 8065.0 ssil -8230.665039
8065.0 8775.0 ssil -8619.260742 VERKEERD
8775.0 8825.0 f -613.296875
8825.0 8840.0 @ -197.952728
8840.0 8900.0 k -809.437256
8900.0 8915.0 e -219.878723
8915.0 9375.0 r -5981.945312
9375.0 9605.0 t -2987.463135
9605.0 10030.0 ssil -5014.514648
.
