#!MLF!#
"/net/aistaff/aki/_same-utterance/wav/08/Oost_Overijsel-Gelderland/16270-1464091864-1858788.rec"
0.0 725.0 ssil -8701.944336 PISTOOL
725.0 750.0 p -348.322906
750.0 1015.0 @ -3478.180176
1015.0 1260.0 s -3356.332520
1260.0 1330.0 t -950.611572
1330.0 1345.0 @ -211.655319
1345.0 1360.0 l -193.346054
1360.0 1535.0 ssil -2204.831543
1535.0 2650.0 ssil -12807.935547 GERAAPT
2650.0 2785.0 x -1752.488281
2785.0 2830.0 @ -596.751587
2830.0 2900.0 r -1082.386841
2900.0 3165.0 a -3231.915527
3165.0 3195.0 p -403.784576
3195.0 3330.0 t -1827.571167
3330.0 4810.0 ssil -17417.201172
4810.0 4925.0 ssil -1666.278809 TOVEREN
4925.0 4965.0 t -703.747070
4965.0 5255.0 o -3105.897217
5255.0 5270.0 f -261.081787
5270.0 5285.0 @ -227.368317
5285.0 5305.0 r -317.099243
5305.0 5320.0 @ -222.818680
5320.0 5385.0 n -772.074341
5385.0 6750.0 ssil -15419.436523
6750.0 6895.0 ssil -2154.456787 IJS
6895.0 7115.0 ei -2616.342041
7115.0 7190.0 s -1098.869019
7190.0 7440.0 ssil -3261.597168
7440.0 8660.0 ssil -13594.438477 VERKEERD
8660.0 8690.0 v -425.940277
8690.0 8890.0 @ -2820.876221
8890.0 9220.0 r -4405.006836
9220.0 9235.0 k -221.577332
9235.0 9250.0 e -205.751236
9250.0 9315.0 r -850.716003
9315.0 10030.0 ssil -8115.062988
.
