#!MLF!#
"/net/aistaff/aki/_same-utterance/wav/08/Oost_Overijsel-Gelderland/1654-1449521883-456556.rec"
0.0 135.0 ssil -1441.371460 PISTOOL
135.0 200.0 p -918.633362
200.0 215.0 s -228.956619
215.0 240.0 t -316.554932
240.0 255.0 @ -223.094513
255.0 270.0 l -231.772583
270.0 340.0 ssil -1002.218445
340.0 1215.0 ssil -10916.505859 GERAAPT
1215.0 1380.0 gc -2197.515869
1380.0 1535.0 @ -1920.415405
1535.0 1555.0 r -266.658691
1555.0 1845.0 a -3437.283447
1845.0 1860.0 p -267.841949
1860.0 2050.0 t -2648.442627
2050.0 2790.0 ssil -8803.202148
2790.0 3100.0 ssil -3974.564209 TOVEREN
3100.0 3165.0 t -975.267700
3165.0 3355.0 oc -2384.659668
3355.0 3390.0 f -523.324524
3390.0 3450.0 @ -808.875610
3450.0 3525.0 r -949.028320
3525.0 3540.0 @ -228.727051
3540.0 3785.0 n -2880.873535
3785.0 5400.0 ssil -20946.220703
5400.0 6755.0 ssil -16664.757812 IJS
6755.0 6955.0 ei -2422.311768
6955.0 7245.0 s -3845.147217
7245.0 8725.0 ssil -17435.335938
8725.0 9015.0 ssil -4327.620117 VERKEERD
9015.0 9030.0 v -268.353394
9030.0 9390.0 @ -4814.474121
9390.0 9405.0 k -231.853882
9405.0 9435.0 e -356.806885
9435.0 9475.0 r -509.685333
9475.0 10030.0 ssil -6465.835449
.
