#!MLF!#
"/net/aistaff/aki/_same-utterance/wav/08/Oost_Overijsel-Gelderland/2625-1452286814-872244.rec"
0.0 15.0 ssil -154.091797 PISTOOL
15.0 30.0 p -190.888031
30.0 980.0 @ -11102.405273
980.0 995.0 s -209.194427
995.0 1070.0 t -1099.887695
1070.0 1250.0 o -2135.396484
1250.0 1285.0 l -459.178284
1285.0 1300.0 ssil -213.181488
1300.0 1325.0 ssil -335.492615 GERAAPT
1325.0 1390.0 gc -854.821655
1390.0 1425.0 @ -436.838013
1425.0 2045.0 r -7237.862305
2045.0 2060.0 a -183.972229
2060.0 2090.0 p -372.671936
2090.0 2125.0 ssil -431.239624
2125.0 2995.0 ssil -10640.993164 TOVEREN
2995.0 3030.0 t -499.925537
3030.0 3375.0 oc -4276.862793
3375.0 3390.0 f -237.247772
3390.0 3460.0 @ -833.030457
3460.0 3475.0 r -180.539673
3475.0 3785.0 @ -3317.913086
3785.0 5505.0 ssil -21904.324219
5505.0 6805.0 ssil -15474.135742 IJS
6805.0 7025.0 ei -2707.583252
7025.0 7369.9999 s -4322.645996
7369.9999 8465.0 ssil -12344.001953
8465.0 8775.0 ssil -3676.227783 VERKEERD
8775.0 8885.0 f -1402.202759
8885.0 9105.0 @ -2685.168213
9105.0 9125.0 r -309.247375
9125.0 9215.0 k -1215.802490
9215.0 9380.0 e -1572.791138
9380.0 9485.0 r -1379.188965
9485.0 9665.0 t -2234.728516
9665.0 9915.0 ssil -2804.171631
.
