#!MLF!#
"/net/aistaff/aki/_same-utterance/wav/08/Oost_Overijsel-Gelderland/4373-1450275829-698437.rec"
0.0 715.0 ssil -8720.550781 PISTOOL
715.0 805.0 p -1227.258667
805.0 835.0 s -404.144257
835.0 905.0 t -936.774475
905.0 1020.0 @ -1518.383545
1020.0 1035.0 l -211.521637
1035.0 1315.0 ssil -4002.942139
1315.0 2635.0001 ssil -15830.361328 GERAAPT
2635.0001 2820.0001 x -2467.927979
2820.0001 2965.0001 r -2033.480591
2965.0001 3195.0001 a -2716.474365
3195.0001 3295.0001 p -1386.723389
3295.0001 3415.0001 t -1666.560425
3415.0001 3720.0001 ssil -3533.244141
3720.0 4705.0 ssil -11411.031250 TOVEREN
4705.0 4760.0 t -793.815491
4760.0 4935.0 o -2094.665771
4935.0 5005.0 f -943.820923
5005.0 5020.0 @ -195.872910
5020.0 5120.0 r -1326.184082
5120.0 5175.0 @ -694.706482
5175.0 5340.0 n -1887.516479
5340.0 6555.0001 ssil -13847.806641
6555.0 6775.0 ssil -2944.860596 IJS
6775.0 6830.0 ei -769.004578
6830.0 7035.0 s -2938.541016
7035.0 7445.0 ssil -5122.649414
7445.0 8615.0 ssil -13467.541016 VERKEERD
8615.0 8645.0 f -446.344910
8645.0 8685.0 @ -484.905762
8685.0 8735.0 k -744.878845
8735.0 8944.9999 e -2382.144043
8944.9999 8964.9999 r -276.842743
8964.9999 9249.9999 t -3616.441406
9249.9999 10029.9999 ssil -9054.996094
.
