#!MLF!#
"/net/aistaff/aki/_same-utterance/wav/08/Oost_Overijsel-Gelderland/4424-1458130995-1667445.rec"
0.0 895.0 ssil -11447.463867 PISTOOL
895.0 910.0 p -245.625122
910.0 1040.0 @ -1674.276489
1040.0 1380.0 s -4236.171387
1380.0 1405.0 t -307.760651
1405.0 1420.0 @ -195.604889
1420.0 1435.0 l -204.442581
1435.0 1890.0 ssil -5262.605957
1890.0 2090.0 ssil -2292.731934 GERAAPT
2090.0 2105.0 gc -190.159698
2105.0 2185.0 @ -873.271912
2185.0 2200.0 r -165.206573
2200.0 2220.0 a -229.610748
2220.0 2245.0 p -299.991913
2245.0 2410.0 ssil -1872.561890
2410.0 2760.0 ssil -4272.951660 TOVEREN
2760.0 2820.0 t -937.543030
2820.0 3035.0 oc -2836.554199
3035.0 3080.0 f -598.803406
3080.0 3145.0 @ -817.117920
3145.0 3560.0 r -5387.808105
3560.0 3635.0 @ -910.616394
3635.0 4770.0 ssil -13611.870117
4770.0 4960.0 ssil -2720.245850 IJS
4960.0 5260.0 ei -3811.553711
5260.0 5360.0 s -1322.906738
5360.0 5595.0 ssil -2598.355957
5595.0 6830.0 ssil -14265.468750 VERKEERD
6830.0 6860.0 v -430.446381
6860.0 6975.0 @ -1450.677856
6975.0 7320.0 r -4277.725586
7320.0 7335.0 k -239.141113
7335.0 7350.0 e -244.597595
7350.0 7380.0 r -501.047333
7380.0 7485.0 t -1396.335571
7485.0 10080.0 ssil -32166.664062
.
