#!MLF!#
"/net/aistaff/aki/_same-utterance/wav/08/Oost_Overijsel-Gelderland/4674-1450969373-774671.rec"
0.0 15.0 ssil -151.870346 PISTOOL
15.0 30.0 p -192.615524
30.0 110.0 @ -712.974304
110.0 125.0 s -277.213165
125.0 140.0 t -239.741730
140.0 260.0 @ -1420.334595
260.0 275.0 l -203.620834
275.0 415.0 ssil -1709.461914
415.0 925.0 ssil -6224.360840 GERAAPT
925.0 1075.0 x -1955.595337
1075.0 1120.0 @ -504.238556
1120.0 1200.0 r -1064.265259
1200.0 1460.0 a -2816.924072
1460.0 1490.0 p -409.873413
1490.0 1605.0 t -1476.493652
1605.0 2010.0 ssil -4545.405273
2010.0 2685.0 ssil -7558.964844 TOVEREN
2685.0 2750.0 t -964.406189
2750.0 2920.0 o -2215.160400
2920.0 3015.0 f -1268.675415
3015.0 3075.0 @ -697.384094
3075.0 3090.0 r -187.264359
3090.0 3170.0 @ -924.060730
3170.0 3265.0 n -1079.973511
3265.0 5110.0 ssil -22190.066406
5110.0 6705.0 ssil -18094.814453 IJS
6705.0 6775.0 ei -967.932190
6775.0 6980.0 s -2899.289307
6980.0 7205.0 ssil -3115.082520
7205.0 8520.0001 ssil -15564.367188 VERKEERD
8520.0001 8550.0001 f -443.060822
8550.0001 8620.0001 k -1115.094971
8620.0001 8755.0001 e -1743.271973
8755.0001 8770.0001 r -224.332367
8770.0001 9015.0001 t -3374.100342
9015.0001 10030.0001 ssil -11982.387695
.
