#!MLF!#
"/net/aistaff/aki/_same-utterance/wav/08/Oost_Overijsel-Gelderland/5857-1457613002-1571225.rec"
0.0 560.0 ssil -6302.679688 PISTOOL
560.0 590.0 p -412.333252
590.0 605.0 s -208.589798
605.0 645.0 t -577.162842
645.0 660.0 @ -215.730087
660.0 675.0 l -212.970337
675.0 715.0 ssil -541.600769
715.0 770.0 ssil -658.589539 GERAAPT
770.0 890.0 x -1627.340210
890.0 970.0 @ -1089.020142
970.0 1040.0 r -1177.946167
1040.0 1310.0 a -3677.824463
1310.0 1350.0 p -600.439209
1350.0 1530.0 t -2424.153320
1530.0 3290.0 ssil -22218.859375
3290.0 4655.0 ssil -15089.708984 TOVEREN
4655.0 4710.0 t -993.780029
4710.0 4865.0 o -2207.965576
4865.0 4945.0 f -1102.472778
4945.0 4965.0 @ -310.933289
4965.0 5015.0 r -895.487122
5015.0 5115.0 @ -1508.728882
5115.0 5255.0 n -1870.484985
5255.0 6715.0 ssil -16481.289062
6715.0 6750.0 ssil -659.449768 IJS
6750.0 6815.0 ei -1165.040161
6815.0 6945.0 s -1911.201660
6945.0 7280.0 ssil -5186.333008
7280.0 8589.9999 ssil -15054.711914 VERKEERD
8589.9999 8679.9999 f -1172.573242
8679.9999 8724.9999 @ -677.084351
8724.9999 8910.0 r -2729.148682
8910.0 8949.9999 k -631.806274
8949.9999 9180.0 e -3290.531006
9180.0 9245.0 r -822.586060
9245.0 9364.9999 t -1667.876831
9364.9999 9915.0 ssil -6035.871582
.
