#!MLF!#
"/net/aistaff/aki/_same-utterance/wav/08/Oost_Overijsel-Gelderland/9415-1462988644-1806717.rec"
0.0 4525.0001 ssil -57054.003906 PISTOOL
4525.0001 4540.0001 p -194.159286
4540.0001 4555.0001 @ -193.028656
4555.0001 4580.0001 s -344.926697
4580.0001 4635.0001 t -861.207397
4635.0001 4820.0001 o -2431.976074
4820.0001 5430.0001 l -7792.859375
5430.0001 6130.0001 ssil -8406.550781
6130.0 6565.0 ssil -4959.754883 GERAAPT
6565.0 6685.0 gc -1476.755371
6685.0 6825.0 @ -1475.449341
6825.0 6880.0 r -697.481201
6880.0 7125.0 a -2883.761230
7125.0 7165.0 p -594.192688
7165.0 7230.0 t -864.757507
7230.0 8820.0 ssil -18763.300781
8820.0 8890.0 ssil -1060.918579 TOVEREN
8890.0 8940.0 t -750.050049
8940.0 9195.0 o -2951.789307
9195.0 9210.0 f -266.031494
9210.0 9250.0 @ -459.755615
9250.0 9265.0 r -179.131363
9265.0 9375.0 @ -1186.554443
9375.0 9395.0 ssil -237.741959
9395.0 9410.0 ssil -183.499069 IJS
9410.0 9430.0 ei -231.368713
9430.0 9445.0 s -209.179733
9445.0 9485.0 ssil -486.769531
9485.0 9500.0 ssil -234.641098 VERKEERD
9500.0 9515.0 v -203.815048
9515.0 9535.0 k -239.422623
9535.0 9560.0 e -288.405090
9560.0 9575.0 r -192.814056
9575.0 10055.0 ssil -5331.139648
.
