#!MLF!#
"/net/aistaff/aki/_same-utterance/wav/08/Oost_Overijsel-Gelderland/9910-1464205692-1937624.rec"
0.0 305.0 ssil -2774.014160 PISTOOL
305.0 320.0 p -208.812637
320.0 340.0 s -274.749207
340.0 360.0 t -264.351593
360.0 375.0 @ -216.840134
375.0 390.0 l -200.593307
390.0 590.0 ssil -2661.265381
590.0 635.0 ssil -640.027893 GERAAPT
635.0 795.0 x -2196.785889
795.0 905.0 r -1525.752686
905.0 1240.0 a -3937.314941
1240.0 1255.0 p -258.646606
1255.0 1425.0 t -2426.051758
1425.0 3100.0 ssil -21459.287109
3100.0 4390.0 ssil -15495.240234 TOVEREN
4390.0 4550.0 t -2195.049072
4550.0 4740.0 o -2159.328369
4740.0 4755.0 f -224.840363
4755.0 4770.0 @ -194.141022
4770.0 5070.0 r -3949.997070
5070.0 5170.0 @ -1131.056763
5170.0 5395.0 ssil -2822.400879
5395.0 6760.0 ssil -16629.441406 IJS
6760.0 7055.0 ei -4086.802979
7055.0 7145.0 s -1352.737305
7145.0 8015.0 ssil -10447.593750
8015.0 8805.0 ssil -10664.620117 VERKEERD
8805.0 8820.0 v -245.723389
8820.0 8870.0 @ -666.480469
8870.0 9185.0 r -3905.016357
9185.0 9205.0 k -269.576080
9205.0 9245.0 e -467.482056
9245.0 9275.0 r -332.238434
9275.0 9890.0 ssil -7356.700684
.
