#!MLF!#
"/net/aistaff/aki/_same-utterance/wav/02/Groningen_and_Drenthe/10185-1464083228-1854284.rec"
0.0 85.0 ssil -857.680420 HET
85.0 100.0 h -174.385178
100.0 115.0 ec -243.568970
115.0 145.0 t -478.206818
145.0 560.0 ssil -4937.438477
560.0 670.0 ssil -1697.885742 ECHTPAAR
670.0 770.0 ec -1257.930908
770.0 915.0 x -1846.776367
915.0 930.0 t -202.131561
930.0 960.0 p -441.610809
960.0 1175.0 a -2528.257812
1175.0 1190.0 ssil -211.647644
1190.0 1205.0 ssil -212.462845 ADOPTEERT
1205.0 1375.0 ac -2178.139404
1375.0 1390.0 d -217.883942
1390.0 1435.0 oc -572.927124
1435.0 1455.0 p -324.745056
1455.0 1525.0 t -1061.384766
1525.0 1610.0 i -1105.845825
1610.0 1690.0 r -1070.679810
1690.0 1710.0 ssil -320.955170
1710.0 1725.0 ssil -215.567474 VOOR
1725.0 1825.0 f -1308.682495
1825.0 1870.0 o -555.695129
1870.0 1930.0 r -842.870361
1930.0 1945.0 ssil -201.617371
1945.0 1965.0 ssil -253.209564 VEEL
1965.0 2010.0 v -650.678162
2010.0 2095.0 e -1063.817627
2095.0 2180.0 l -981.963806
2180.0 2195.0 ssil -236.822006
2195.0 2210.0 ssil -234.499512 GELD
2210.0 2300.0 x -1234.001953
2300.0 2375.0 ec -849.180786
2375.0 2505.0 l -1565.019165
2505.0 2605.0 t -1607.556396
2605.0 2645.0 ssil -642.372437
2645.0 2705.0 ssil -824.335999 EEN
2705.0 2735.0 @ -420.676575
2735.0 2775.0 n -578.177612
2775.0 2795.0 ssil -278.286499
2795.0 2810.0 ssil -211.961197 TWEEJARIG
2810.0 2890.0 t -1170.472412
2890.0 2945.0 w -778.384460
2945.0 3065.0 e -1383.057983
3065.0 3135.0 j -822.254944
3135.0 3225.0 a -908.167480
3225.0 3240.0 r -180.424133
3240.0 3380.0 @ -1570.300171
3380.0 3455.0 x -1011.195618
3455.0 3470.0 ssil -207.383591
3470.0 3495.0 ssil -348.226196 WEESJE
3495.0 3560.0 w -842.708618
3560.0 3680.0 e -1363.646118
3680.0 3820.0 s -1817.816406
3820.0 3915.0 j -1093.183228
3915.0 3985.0 @ -899.465942
3985.0 4690.0 ssil -8478.084961
.
