#!MLF!#
"/net/aistaff/aki/_same-utterance/wav/02/Groningen_and_Drenthe/11338-1464212818-1947616.rec"
0.0 485.0 ssil -4015.407959 HET
485.0 500.0 h -153.097412
500.0 515.0 ec -224.421448
515.0 530.0 t -239.837189
530.0 560.0 ssil -537.103516
560.0 585.0 ssil -452.909424 ECHTPAAR
585.0 665.0 ec -1181.338745
665.0 725.0 x -861.730957
725.0 750.0 t -335.783905
750.0 795.0 p -683.492493
795.0 890.0 ac -1158.218262
890.0 905.0 ssil -242.344025
905.0 920.0 ssil -227.484619 ADOPTEERT
920.0 1140.0 ac -2942.775391
1140.0 1155.0 d -220.202957
1155.0 1175.0 oc -261.381714
1175.0 1190.0 p -282.098053
1190.0 1245.0 t -923.713806
1245.0 1340.0 i -1194.344238
1340.0 1410.0 r -1048.900391
1410.0 1425.0 ssil -211.275894
1425.0 1450.0 ssil -392.265656 VOOR
1450.0 1495.0 f -593.733521
1495.0 1510.0 o -211.421814
1510.0 1525.0 ssil -193.582764
1525.0 1540.0 ssil -203.916458 VEEL
1540.0 1655.0 v -1532.725342
1655.0 1715.0 e -862.452026
1715.0 1785.0 l -922.008667
1785.0 1800.0 ssil -208.614197
1800.0 1815.0 ssil -213.598587 GELD
1815.0 1920.0 x -1452.105957
1920.0 1935.0 ec -293.607849
1935.0 2120.0 l -2605.459961
2120.0 2260.0 t -2253.829346
2260.0 2300.0 ssil -577.719666
2300.0 2350.0 ssil -742.034119 EEN
2350.0 2450.0 n -1477.489380
2450.0 2465.0 ssil -250.840485
2465.0 2480.0 ssil -251.102524 TWEEJARIG
2480.0 2545.0 t -976.131836
2545.0 2580.0 w -468.501343
2580.0 2650.0 e -782.444336
2650.0 2725.0 j -852.382751
2725.0 2815.0 a -1184.801025
2815.0 2850.0 r -496.014954
2850.0 2865.0 @ -205.978592
2865.0 2895.0 x -400.311035
2895.0 2910.0 ssil -197.700546
2910.0 2935.0 ssil -337.225586 WEESJE
2935.0 2970.0 w -531.393311
2970.0 3095.0 ic -1734.422852
3095.0 3210.0 s -1797.240967
3210.0 3275.0 j -1030.706787
3275.0 3295.0 @ -302.122711
3295.0 3505.0 ssil -2616.903809
.
