#!MLF!#
"/net/aistaff/aki/_same-utterance/wav/02/Groningen_and_Drenthe/11437-1464115243-1879016.rec"
0.0 350.0 ssil -3539.518799 HET
350.0 415.0 h -926.889526
415.0 495.0 ec -1032.547241
495.0 530.0 t -466.815399
530.0 550.0 ssil -246.518784
550.0 625.0 ssil -1013.798889 ECHTPAAR
625.0 705.0 ec -1069.171753
705.0 790.0 x -1102.354004
790.0 815.0 t -342.464996
815.0 935.0 p -1479.365479
935.0 1170.0 a -2515.802734
1170.0 1205.0 ssil -409.385101
1205.0 1235.0 ssil -421.928894 ADOPTEERT
1235.0 1320.0 ac -1211.571533
1320.0 1365.0 d -658.770630
1365.0 1385.0 oc -286.783752
1385.0 1530.0 p -1795.290039
1530.0 1595.0 t -871.016785
1595.0 1705.0 i -1255.619507
1705.0 1815.0 r -1428.093018
1815.0 1865.0 t -668.192810
1865.0 1880.0 ssil -192.380890
1880.0 1910.0 ssil -357.143738 VOOR
1910.0 1975.0 f -804.911926
1975.0 2020.0 o -604.256287
2020.0 2055.0 ssil -452.526459
2055.0 2110.0 ssil -638.133606 VEEL
2110.0 2155.0 v -619.337280
2155.0 2220.0 e -676.386169
2220.0 2280.0 l -675.474915
2280.0 2295.0 ssil -223.397934
2295.0 2310.0 ssil -226.731735 GELD
2310.0 2440.0 x -1785.995728
2440.0 2565.0 ec -1155.628662
2565.0 2690.0 l -1677.942871
2690.0 2720.0 t -426.734253
2720.0 2735.0 ssil -224.830215
2735.0 2805.0 ssil -966.200195 EEN
2805.0 2840.0 @ -476.679932
2840.0 2905.0 n -780.162048
2905.0 2920.0 ssil -206.482971
2920.0 2935.0 ssil -187.507172 TWEEJARIG
2935.0 3040.0 t -1361.765503
3040.0 3060.0 w -242.978348
3060.0 3205.0 e -1429.612671
3205.0 3295.0 j -940.591492
3295.0 3410.0 a -1224.922729
3410.0 3425.0 r -207.848709
3425.0 3440.0 @ -218.780655
3440.0 3480.0 x -494.274689
3480.0 3495.0 ssil -185.658615
3495.0 3515.0 ssil -254.275864 WEESJE
3515.0 3630.0 w -1267.959229
3630.0 3825.0 e -2022.132324
3825.0 3995.0 s -2114.083252
3995.0 4050.0 j -602.862122
4050.0 4110.0 @ -796.749939
4110.0 4480.0 ssil -4038.046875
.
