#!MLF!#
"/net/aistaff/aki/_same-utterance/wav/02/Groningen_and_Drenthe/11438-1464211571-1894744.rec"
0.0 295.0 ssil -2567.345947 HET
295.0 310.0 h -160.784576
310.0 325.0 ec -199.861557
325.0 340.0 t -207.932373
340.0 870.0 ssil -6330.442871
870.0 1055.0 ssil -2464.364014 ECHTPAAR
1055.0 1120.0 ec -832.029480
1120.0 1190.0 x -938.588196
1190.0 1215.0 t -367.920380
1215.0 1340.0 p -1497.229492
1340.0 1590.0 ac -2807.126709
1590.0 1845.0 ssil -3199.748779
1845.0 1955.0 ssil -1269.782959 ADOPTEERT
1955.0 2060.0 ac -1296.277832
2060.0 2100.0 d -586.921448
2100.0 2215.0 oc -1415.908936
2215.0 2295.0 p -952.936096
2295.0 2350.0 t -720.386536
2350.0 2460.0 i -1150.971069
2460.0 2580.0 r -1570.816040
2580.0 2600.0 ssil -280.967194
2600.0 2615.0 ssil -196.193710 VOOR
2615.0 2715.0 f -1201.120605
2715.0 2775.0 o -701.190857
2775.0 2790.0 ssil -185.479965
2790.0 2820.0 ssil -377.052887 VEEL
2820.0 2905.0 v -1059.307129
2905.0 2970.0 e -705.079895
2970.0 3025.0 l -641.289490
3025.0 3040.0 ssil -237.469345
3040.0 3055.0 ssil -256.052582 GELD
3055.0 3160.0 x -1463.352661
3160.0 3255.0 ec -1124.900024
3255.0 3390.0 l -1677.385376
3390.0 3440.0 t -688.620850
3440.0 3635.0 ssil -2261.769287
3635.0 3650.0 ssil -204.267578 EEN
3650.0 3800.0 n -1704.363159
3800.0 3815.0 ssil -199.690399
3815.0 3830.0 ssil -217.264877 TWEEJARIG
3830.0 3935.0 t -1376.308716
3935.0 3965.0 w -342.088531
3965.0 4105.0 e -1255.755005
4105.0 4180.0 j -754.471802
4180.0 4270.0 a -848.496399
4270.0 4305.0 r -482.603668
4305.0 4355.0 @ -660.822510
4355.0 4470.0 x -1581.144409
4470.0 4485.0 ssil -199.545502
4485.0 4500.0 ssil -195.117004 WEESJE
4500.0 4550.0 w -593.736877
4550.0 4685.0 e -1376.349609
4685.0 4860.0 s -2294.637695
4860.0 4895.0 j -417.795898
4895.0 4990.0 @ -1206.613037
4990.0 5665.0 ssil -7442.370117
.
