#!MLF!#
"/net/aistaff/aki/_same-utterance/wav/02/Groningen_and_Drenthe/12421-1465489128-2285165.rec"
0.0 455.0 ssil -5461.848145 HET
455.0 470.0 h -163.543686
470.0 550.0 ec -840.723816
550.0 575.0 t -364.582367
575.0 590.0 ssil -219.423416
590.0 605.0 ssil -214.212601 ECHTPAAR
605.0 715.0 ec -1177.322266
715.0 755.0 x -567.765503
755.0 770.0 t -217.322952
770.0 785.0 p -209.479950
785.0 800.0 a -180.522385
800.0 840.0 ssil -500.592987
840.0 855.0 ssil -214.822968 ADOPTEERT
855.0 1140.0 ac -3393.657959
1140.0 1155.0 d -221.982330
1155.0 1180.0 oc -372.153625
1180.0 1205.0 p -418.248566
1205.0 1255.0 t -762.031799
1255.0 1370.0 i -1309.643311
1370.0 1400.0 r -433.971405
1400.0 1435.0 t -513.818054
1435.0 1450.0 ssil -206.961014
1450.0 1470.0 ssil -255.153458 VOOR
1470.0 1535.0 f -834.726929
1535.0 1610.0 o -903.525879
1610.0 1625.0 ssil -208.532028
1625.0 1640.0 ssil -188.967194 VEEL
1640.0 1730.0 f -1112.312744
1730.0 1810.0 e -854.144470
1810.0 1895.0 l -1001.021790
1895.0 1910.0 ssil -201.251724
1910.0 1925.0 ssil -188.053680 GELD
1925.0 2000.0 x -1016.893005
2000.0 2065.0 ec -645.124695
2065.0 2145.0 l -861.611694
2145.0 2160.0 ssil -209.721817
2160.0 2175.0 ssil -206.534103 EEN
2175.0 2275.0 n -1240.873901
2275.0 2290.0 ssil -217.671768
2290.0 2310.0 ssil -289.240875 TWEEJARIG
2310.0 2370.0 t -827.732117
2370.0 2390.0 w -216.747635
2390.0 2570.0 e -1717.381104
2570.0 2605.0 j -351.966034
2605.0 2715.0 a -1087.353149
2715.0 2735.0 r -265.011780
2735.0 2770.0 @ -409.168121
2770.0 2785.0 x -230.548187
2785.0 2805.0 ssil -257.804657
2805.0 2820.0 ssil -199.803482 WEESJE
2820.0 2865.0 w -539.470825
2865.0 3045.0 e -1835.578003
3045.0 3185.0 s -1772.981689
3185.0 3220.0 j -418.108734
3220.0 3265.0 @ -553.371521
3265.0 3505.0 ssil -3138.227539
.
