#!MLF!#
"/net/aistaff/aki/_same-utterance/wav/02/Groningen_and_Drenthe/13602-1464260267-1959553.rec"
0.0 70.0 ssil -603.700317 HET
70.0 85.0 h -142.659836
85.0 100.0 ec -180.188736
100.0 125.0 t -362.966949
125.0 145.0 ssil -309.037994
145.0 795.0 ssil -7472.726074 ECHTPAAR
795.0 895.0 ec -1243.246216
895.0 910.0 x -246.101227
910.0 935.0 t -351.813416
935.0 950.0 p -217.134018
950.0 965.0 a -194.366730
965.0 1070.0 r -1357.695068
1070.0 1140.0 ssil -983.594177
1140.0 1220.0 ssil -1093.004150 ADOPTEERT
1220.0 1570.0 ac -4561.686523
1570.0 1585.0 d -224.173813
1585.0 1700.0 oc -1556.355347
1700.0 1725.0 p -402.496063
1725.0 1795.0 t -1089.331421
1795.0 1875.0 i -946.534668
1875.0 1965.0 r -1104.751099
1965.0 2055.0 t -1289.840088
2055.0 2070.0 ssil -223.602066
2070.0 2085.0 ssil -199.588440 VOOR
2085.0 2135.0 f -722.814209
2135.0 2215.0 o -1038.244019
2215.0 2230.0 ssil -217.916962
2230.0 2265.0 ssil -479.855225 VEEL
2265.0 2315.0 v -739.235657
2315.0 2385.0 e -877.881226
2385.0 2470.0 l -1066.232666
2470.0 2485.0 ssil -213.329041
2485.0 2500.0 ssil -219.771454 GELD
2500.0 2570.0 x -903.535583
2570.0 2645.0 ec -865.977417
2645.0 2810.0 l -2073.507568
2810.0 2895.0 t -1199.231812
2895.0 3075.0 ssil -2190.314697
3075.0 3130.0 ssil -805.474243 EEN
3130.0 3150.0 @ -307.598572
3150.0 3255.0 n -1278.251099
3255.0 3270.0 ssil -205.149963
3270.0 3285.0 ssil -219.341614 TWEEJARIG
3285.0 3335.0 t -692.236450
3335.0 3385.0 w -621.883606
3385.0 3460.0 e -804.385254
3460.0 3545.0 j -1027.933105
3545.0 3695.0 a -1803.994629
3695.0 3765.0 r -1055.014038
3765.0 3780.0 @ -188.290070
3780.0 3795.0 x -202.784668
3795.0 3810.0 ssil -203.127991
3810.0 3830.0 ssil -269.560760 WEESJE
3830.0 3905.0 w -856.927673
3905.0 4055.0 e -1505.529663
4055.0 4200.0 s -2033.267090
4200.0 4255.0 j -667.253418
4255.0 4330.0 @ -890.980530
4330.0 4760.0 ssil -5213.754883
.
