#!MLF!#
"/net/aistaff/aki/_same-utterance/wav/02/Groningen_and_Drenthe/13856-1464263653-1961004.rec"
0.0 155.0 ssil -1857.743774 HET
155.0 205.0 h -637.402100
205.0 220.0 ec -208.202713
220.0 240.0 t -277.650909
240.0 660.0 ssil -5538.951660
660.0 760.0 ssil -1512.029785 ECHTPAAR
760.0 940.0 ec -2293.182617
940.0 1030.0 x -1183.519653
1030.0 1065.0 t -442.266693
1065.0 1135.0 p -933.067871
1135.0 1470.0 a -3762.653809
1470.0 1485.0 ssil -227.461349
1485.0 1500.0 ssil -227.966202 ADOPTEERT
1500.0 1625.0 ac -1635.017334
1625.0 1650.0 d -336.112183
1650.0 1675.0 oc -313.715240
1675.0 1690.0 p -230.466873
1690.0 1735.0 t -648.428833
1735.0 1890.0 i -1736.508179
1890.0 1930.0 r -600.443604
1930.0 1950.0 ssil -358.518524
1950.0 2010.0 ssil -779.260864 VOOR
2010.0 2060.0 v -632.462097
2060.0 2135.0 o -981.722534
2135.0 2150.0 ssil -194.768417
2150.0 2295.0 ssil -1653.553223 VEEL
2295.0 2335.0 v -543.011047
2335.0 2460.0 e -1456.524902
2460.0 2535.0 l -969.394165
2535.0 2555.0 ssil -285.334229
2555.0 2585.0 ssil -386.394989 GELD
2585.0 2660.0 x -969.382751
2660.0 2810.0 ec -1490.598755
2810.0 3035.0 l -2610.209473
3035.0 3090.0 t -805.101562
3090.0 3110.0 ssil -270.619446
3110.0 3160.0 ssil -709.723145 EEN
3160.0 3190.0 @ -426.612946
3190.0 3275.0 n -1107.976929
3275.0 3290.0 ssil -223.087021
3290.0 3305.0 ssil -228.657425 TWEEJARIG
3305.0 3390.0 t -1179.254517
3390.0 3450.0 w -696.455994
3450.0 3600.0 e -1478.517212
3600.0 3660.0 j -615.217041
3660.0 3765.0 a -1143.240967
3765.0 3825.0 r -754.841980
3825.0 3840.0 @ -226.330978
3840.0 3875.0 x -487.554962
3875.0 3890.0 ssil -215.747940
3890.0 3905.0 ssil -202.725037 WEESJE
3905.0 3980.0 w -918.203552
3980.0 4210.0 e -2201.220703
4210.0 4365.0 s -1977.313110
4365.0 4440.0 j -772.127441
4440.0 4530.0 @ -1091.531738
4530.0 4735.0 ssil -2493.072998
.
