#!MLF!#
"/net/aistaff/aki/_same-utterance/wav/02/Groningen_and_Drenthe/15470-1464728381-2181544.rec"
0.0 75.0 ssil -654.368896 HET
75.0 90.0 h -143.820786
90.0 105.0 ec -206.145844
105.0 120.0 t -217.714767
120.0 650.0 ssil -6604.209961
650.0 715.0 ssil -961.348816 ECHTPAAR
715.0 815.0 ec -1269.913696
815.0 890.0 x -1032.352173
890.0 940.0 t -652.836182
940.0 1035.0 p -1285.450806
1035.0 1240.0 a -2449.122559
1240.0 1255.0 ssil -235.009521
1255.0 1270.0 ssil -221.172516 ADOPTEERT
1270.0 1490.0 ac -2917.981201
1490.0 1515.0 d -374.629059
1515.0 1620.0 oc -1298.549316
1620.0 1660.0 p -571.120178
1660.0 1725.0 t -897.654602
1725.0 1835.0 i -1264.994873
1835.0 1925.0 r -1216.070312
1925.0 1955.0 ssil -469.784393
1955.0 1995.0 ssil -534.783386 VOOR
1995.0 2075.0 v -943.136414
2075.0 2125.0 o -588.071411
2125.0 2140.0 ssil -205.582932
2140.0 2155.0 ssil -212.624420 VEEL
2155.0 2265.0 f -1397.582520
2265.0 2290.0 e -316.556793
2290.0 2410.0 l -1505.753662
2410.0 2425.0 ssil -221.757263
2425.0 2440.0 ssil -220.942368 GELD
2440.0 2545.0 x -1343.111694
2545.0 2580.0 ec -414.636444
2580.0 2740.0 l -1925.896484
2740.0 2760.0 ssil -282.592163
2760.0 2775.0 ssil -204.989502 EEN
2775.0 2830.0 @ -669.031372
2830.0 2915.0 n -1050.131836
2915.0 2930.0 ssil -206.413452
2930.0 2945.0 ssil -227.911682 TWEEJARIG
2945.0 3020.0 t -997.896545
3020.0 3045.0 w -267.839233
3045.0 3145.0 e -1001.064758
3145.0 3260.0 j -1177.864990
3260.0 3350.0 a -1115.091187
3350.0 3475.0 r -1575.195557
3475.0 3490.0 @ -212.019562
3490.0 3540.0 x -653.877197
3540.0 3555.0 ssil -185.530960
3555.0 3575.0 ssil -242.902359 WEESJE
3575.0 3630.0 w -591.223633
3630.0 3775.0 ic -1826.838257
3775.0 3935.0 s -2250.439697
3935.0 4025.0 j -988.988831
4025.0 4055.0 @ -367.885620
4055.0 4785.0 ssil -8489.868164
.
