#!MLF!#
"/net/aistaff/aki/_same-utterance/wav/02/Groningen_and_Drenthe/16266-1464423375-2079959.rec"
0.0 525.0 ssil -4691.683594 HET
525.0 540.0 h -216.130234
540.0 590.0 ec -583.088196
590.0 650.0 t -875.426025
650.0 675.0 ssil -329.640442
675.0 730.0 ssil -773.801453 ECHTPAAR
730.0 845.0 ec -1345.704224
845.0 920.0 x -999.330566
920.0 985.0 t -824.788330
985.0 1035.0 p -653.732117
1035.0 1345.0 a -2988.795898
1345.0 1360.0 ssil -186.463943
1360.0 1375.0 ssil -229.039322 ADOPTEERT
1375.0 1495.0 ac -1552.675537
1495.0 1515.0 d -285.915405
1515.0 1610.0 oc -1186.194946
1610.0 1645.0 p -461.618866
1645.0 1745.0 t -1435.911011
1745.0 1820.0 i -819.975220
1820.0 1890.0 r -928.668030
1890.0 1905.0 ssil -230.191467
1905.0 1920.0 ssil -212.721680 VOOR
1920.0 2040.0 f -1563.162598
2040.0 2165.0 o -1391.113892
2165.0 2190.0 ssil -302.413147
2190.0 2215.0 ssil -308.842499 VEEL
2215.0 2280.0 v -798.871338
2280.0 2345.0 e -694.550293
2345.0 2445.0 l -1098.923706
2445.0 2460.0 ssil -218.784882
2460.0 2475.0 ssil -202.335281 GELD
2475.0 2550.0 x -1037.526245
2550.0 2585.0 ec -417.264221
2585.0 2740.0 l -1675.380737
2740.0 2765.0 ssil -359.208466
2765.0 2785.0 ssil -321.720642 EEN
2785.0 2845.0 @ -743.716919
2845.0 2905.0 n -735.998291
2905.0 2920.0 ssil -213.289597
2920.0 2940.0 ssil -286.055511 TWEEJARIG
2940.0 3000.0 t -860.785828
3000.0 3055.0 w -579.637695
3055.0 3140.0 e -816.406738
3140.0 3205.0 j -676.713806
3205.0 3375.0 a -1638.137939
3375.0 3390.0 r -202.955078
3390.0 3405.0 @ -224.589981
3405.0 3445.0 x -522.971802
3445.0 3460.0 ssil -190.548019
3460.0 3475.0 ssil -184.815552 WEESJE
3475.0 3535.0 w -675.741516
3535.0 3735.0 e -2148.866943
3735.0 3795.0 s -832.932007
3795.0 3950.0 j -1742.166382
3950.0 3965.0 @ -176.408157
3965.0 4275.0 ssil -3474.133789
.
