#!MLF!#
"/net/aistaff/aki/_same-utterance/wav/02/Groningen_and_Drenthe/16334-1464127765-1895172.rec"
0.0 135.0 ssil -1297.091797 HET
135.0 150.0 h -186.289368
150.0 165.0 ec -260.361481
165.0 215.0 t -774.509521
215.0 625.0 ssil -5270.574707
625.0 675.0 ssil -800.956116 ECHTPAAR
675.0 800.0 ec -1519.953613
800.0 905.0 x -1429.630859
905.0 920.0 t -241.640640
920.0 950.0 p -496.981354
950.0 1090.0 a -1559.439331
1090.0 1105.0 ssil -236.635208
1105.0 1130.0 ssil -393.738892 ADOPTEERT
1130.0 1235.0 ac -1410.742432
1235.0 1260.0 d -352.227356
1260.0 1335.0 oc -1007.760742
1335.0 1385.0 p -696.339050
1385.0 1430.0 t -713.797058
1430.0 1525.0 i -1084.056030
1525.0 1565.0 r -570.537781
1565.0 1610.0 t -672.585205
1610.0 1635.0 ssil -355.663086
1635.0 1655.0 ssil -256.433960 VOOR
1655.0 1770.0 f -1374.423706
1770.0 1855.0 o -1040.663940
1855.0 1870.0 ssil -206.148438
1870.0 1905.0 ssil -445.403107 VEEL
1905.0 1960.0 f -830.335022
1960.0 2030.0 e -891.609070
2030.0 2110.0 l -1033.780884
2110.0 2125.0 ssil -230.967316
2125.0 2140.0 ssil -227.006836 GELD
2140.0 2215.0 x -1008.302429
2215.0 2300.0 ec -929.769775
2300.0 2385.0 l -1018.311890
2385.0 2420.0 ssil -555.770264
2420.0 2440.0 ssil -348.130463 EEN
2440.0 2480.0 @ -635.425110
2480.0 2555.0 n -925.512024
2555.0 2570.0 ssil -248.083374
2570.0 2585.0 ssil -230.541122 TWEEJARIG
2585.0 2640.0 t -756.166809
2640.0 2665.0 w -330.420319
2665.0 2815.0 e -1440.099243
2815.0 2885.0 j -753.135742
2885.0 2975.0 a -915.016785
2975.0 2990.0 r -230.431778
2990.0 3055.0 @ -922.065186
3055.0 3070.0 x -216.822800
3070.0 3085.0 ssil -214.012146
3085.0 3100.0 ssil -209.726624 WEESJE
3100.0 3150.0 w -637.986206
3150.0 3310.0 e -1848.505493
3310.0 3435.0 s -1597.342041
3435.0 3505.0 j -791.251831
3505.0 3555.0 @ -633.510986
3555.0 3760.0 ssil -2299.509277
.
