#!MLF!#
"/net/aistaff/aki/_same-utterance/wav/02/Groningen_and_Drenthe/16771-1466244922-2335031.rec"
0.0 330.0 ssil -3298.706543 HET
330.0 360.0 h -422.411194
360.0 435.0 ec -961.335083
435.0 475.0 t -565.080444
475.0 490.0 ssil -181.062393
490.0 535.0 ssil -680.515076 ECHTPAAR
535.0 630.0 ec -1381.961426
630.0 645.0 x -206.090317
645.0 740.0 t -1294.353027
740.0 830.0 p -1113.227661
830.0 1095.0 a -3104.354004
1095.0 1110.0 ssil -203.577225
1110.0 1130.0 ssil -286.836914 ADOPTEERT
1130.0 1220.0 ac -1208.034180
1220.0 1240.0 d -303.482452
1240.0 1330.0 oc -1279.108276
1330.0 1365.0 p -506.296143
1365.0 1450.0 t -1369.241943
1450.0 1545.0 i -1256.249756
1545.0 1585.0 r -516.370667
1585.0 1640.0 ssil -743.154785
1640.0 1685.0 ssil -610.944580 VOOR
1685.0 1745.0 f -829.293030
1745.0 1790.0 o -580.841003
1790.0 1850.0 ssil -768.206238
1850.0 1880.0 ssil -403.530914 VEEL
1880.0 1925.0 v -660.899963
1925.0 1995.0 e -866.667786
1995.0 2070.0 l -1023.188416
2070.0 2135.0 ssil -847.681213
2135.0 2160.0 ssil -318.404327 GELD
2160.0 2180.0 x -326.497589
2180.0 2260.0 ec -1049.591187
2260.0 2390.0 l -1682.604004
2390.0 2425.0 t -525.718567
2425.0 2460.0 ssil -569.941650
2460.0 2475.0 ssil -261.832214 EEN
2475.0 2525.0 @ -712.133362
2525.0 2590.0 n -875.555054
2590.0 2605.0 ssil -223.483841
2605.0 2620.0 ssil -237.042191 TWEEJARIG
2620.0 2660.0 t -625.621460
2660.0 2715.0 w -765.163208
2715.0 2900.0 e -2121.891357
2900.0 2955.0 j -684.487610
2955.0 3095.0 a -1492.855835
3095.0 3110.0 r -228.340729
3110.0 3155.0 @ -647.807556
3155.0 3170.0 x -228.769196
3170.0 3190.0 ssil -262.026306
3190.0 3240.0 ssil -637.411377 WEESJE
3240.0 3305.0 w -812.874390
3305.0 3460.0 e -1789.102905
3460.0 3590.0 s -1732.801880
3590.0 3670.0 j -994.267883
3670.0 3705.0 @ -419.771057
3705.0 4340.0 ssil -7179.573242
.
