#!MLF!#
"/net/aistaff/aki/_same-utterance/wav/02/Groningen_and_Drenthe/1687-1449167583-116158.rec"
0.0 625.0 ssil -7448.434082 HET
625.0 710.0 h -1020.752380
710.0 835.0 ec -1580.318726
835.0 850.0 t -240.707703
850.0 905.0 ssil -724.462524
905.0 1060.0 ssil -2198.794189 ECHTPAAR
1060.0 1140.0 ec -1104.868042
1140.0 1235.0 x -1277.141602
1235.0 1260.0 t -333.901001
1260.0 1300.0 p -568.884583
1300.0 1440.0 ac -1649.327515
1440.0 1455.0 ssil -222.329422
1455.0 1470.0 ssil -237.501175 ADOPTEERT
1470.0 1595.0 ac -1793.274658
1595.0 1610.0 d -209.662750
1610.0 1680.0 oc -865.570862
1680.0 1745.0 p -787.189392
1745.0 1815.0 t -968.569519
1815.0 1975.0 i -1853.918579
1975.0 2005.0 r -451.256378
2005.0 2020.0 ssil -225.083817
2020.0 2040.0 ssil -271.015686 VOOR
2040.0 2145.0 f -1254.475098
2145.0 2195.0 o -601.021667
2195.0 2210.0 ssil -214.525085
2210.0 2225.0 ssil -194.651184 VEEL
2225.0 2320.0 f -1179.105225
2320.0 2390.0 e -901.265442
2390.0 2440.0 l -638.972351
2440.0 2455.0 ssil -211.812286
2455.0 2470.0 ssil -208.179642 GELD
2470.0 2565.0 x -1210.446899
2565.0 2615.0 ec -605.224915
2615.0 2765.0 l -1742.141357
2765.0 2805.0 t -543.141785
2805.0 2885.0 ssil -1014.425171
2885.0 2925.0 ssil -554.737610 EEN
2925.0 3000.0 n -912.119080
3000.0 3015.0 ssil -191.013458
3015.0 3035.0 ssil -232.970932 TWEEJARIG
3035.0 3135.0 t -1337.382812
3135.0 3160.0 w -314.863495
3160.0 3250.0 e -981.732727
3250.0 3415.0 j -1877.621216
3415.0 3570.0 a -1763.408447
3570.0 3670.0 r -1391.333984
3670.0 3685.0 @ -219.166275
3685.0 3720.0 x -461.986542
3720.0 3750.0 ssil -373.704285
3750.0 3790.0 ssil -525.496948 WEESJE
3790.0 3880.0 w -1074.756714
3880.0 4030.0 ic -1888.143188
4030.0 4180.0 s -1796.234009
4180.0 4210.0 j -423.321777
4210.0 4260.0 @ -675.494873
4260.0 4990.0 ssil -8780.583984
.
