#!MLF!#
"/net/aistaff/aki/_same-utterance/wav/02/Groningen_and_Drenthe/1707-1449560854-468040.rec"
0.0 160.0 ssil -1611.036621 HET
160.0 175.0 h -172.313965
175.0 190.0 ec -243.421051
190.0 225.0 t -504.985626
225.0 660.0 ssil -5332.644043
660.0 825.0 ssil -2342.627686 ECHTPAAR
825.0 910.0 ec -978.887756
910.0 960.0 x -628.682434
960.0 1010.0 t -661.802673
1010.0 1080.0 p -1002.086792
1080.0 1265.0 a -1999.747314
1265.0 1280.0 ssil -202.875961
1280.0 1295.0 ssil -197.329880 ADOPTEERT
1295.0 1430.0 ac -1779.538940
1430.0 1450.0 d -282.544617
1450.0 1580.0 oc -1678.758545
1580.0 1595.0 p -275.550751
1595.0 1615.0 t -300.756958
1615.0 1705.0 i -986.526123
1705.0 1725.0 r -254.728821
1725.0 1780.0 t -809.494080
1780.0 1800.0 ssil -248.931656
1800.0 1860.0 ssil -699.212524 VOOR
1860.0 1900.0 f -499.920776
1900.0 1945.0 o -541.160400
1945.0 1960.0 ssil -219.811234
1960.0 1995.0 ssil -446.652985 VEEL
1995.0 2075.0 f -937.381409
2075.0 2135.0 e -791.631409
2135.0 2195.0 l -721.925964
2195.0 2210.0 ssil -209.553772
2210.0 2225.0 ssil -218.087418 GELD
2225.0 2325.0 x -1305.688354
2325.0 2375.0 ec -562.992737
2375.0 2505.0 l -1660.207397
2505.0 2560.0 t -831.349731
2560.0 2595.0 ssil -523.792664
2595.0 2620.0 ssil -372.224701 EEN
2620.0 2660.0 @ -503.704773
2660.0 2725.0 n -890.980591
2725.0 2745.0 ssil -304.515076
2745.0 2760.0 ssil -240.237915 TWEEJARIG
2760.0 2835.0 t -1036.966797
2835.0 2865.0 w -357.491425
2865.0 2965.0 e -1020.081299
2965.0 3065.0 j -1026.733521
3065.0 3190.0 a -1164.110107
3190.0 3250.0 r -610.396729
3250.0 3290.0 @ -459.395081
3290.0 3390.0 x -1262.543701
3390.0 3405.0 ssil -204.747177
3405.0 3420.0 ssil -190.345200 WEESJE
3420.0 3490.0 w -767.400574
3490.0 3610.0 e -1368.745361
3610.0 3725.0 s -1536.065430
3725.0 3765.0 j -475.065277
3765.0 3945.0 @ -2158.537354
3945.0 4505.0 ssil -6737.533691
.
