#!MLF!#
"/net/aistaff/aki/_same-utterance/wav/02/Groningen_and_Drenthe/17145-1472372631-2441928.rec"
0.0 195.0 ssil -2065.231445 HET
195.0 235.0 h -526.599915
235.0 265.0 ec -344.365753
265.0 320.0 t -651.649353
320.0 660.0 ssil -4245.943848
660.0 975.0 ssil -4496.165039 ECHTPAAR
975.0 1095.0 ec -1633.672974
1095.0 1205.0 x -1532.862061
1205.0 1270.0 t -966.918274
1270.0 1310.0 p -618.741699
1310.0 1520.0 a -2388.544189
1520.0 1535.0 ssil -234.056198
1535.0 1550.0 ssil -217.665436 ADOPTEERT
1550.0 1805.0 ac -3047.158447
1805.0 1825.0 d -263.618683
1825.0 1870.0 oc -583.969788
1870.0 1895.0 p -328.069031
1895.0 2095.0 t -2802.265625
2095.0 2230.0 i -1485.574707
2230.0 2345.0 r -1377.037476
2345.0 2410.0 t -873.043762
2410.0 2445.0 ssil -397.786041
2445.0 2460.0 ssil -162.091904 VOOR
2460.0 2535.0 v -908.458557
2535.0 2650.0 o -1218.414551
2650.0 2665.0 ssil -186.243988
2665.0 2680.0 ssil -176.037003 VEEL
2680.0 2705.0 v -312.660217
2705.0 2815.0 e -1145.275635
2815.0 2895.0 l -962.470764
2895.0 3020.0 ssil -1685.622925
3020.0 3045.0 ssil -381.178162 GELD
3045.0 3175.0 x -1680.884766
3175.0 3235.0 ec -606.024048
3235.0 3290.0 l -673.761108
3290.0 3305.0 ssil -258.550323
3305.0 3335.0 ssil -513.385681 EEN
3335.0 3415.0 n -1033.315918
3415.0 3430.0 ssil -222.209824
3430.0 3445.0 ssil -237.060272 TWEEJARIG
3445.0 3535.0 t -1283.644409
3535.0 3550.0 w -188.916931
3550.0 3685.0 e -1137.623047
3685.0 3745.0 j -633.776367
3745.0 3835.0 a -820.902771
3835.0 3875.0 r -585.547913
3875.0 3905.0 @ -441.777405
3905.0 3965.0 x -788.881653
3965.0 3980.0 ssil -199.828659
3980.0 3995.0 ssil -178.206436 WEESJE
3995.0 4050.0 w -562.243042
4050.0 4205.0 e -1509.379028
4205.0 4345.0 s -1695.365845
4345.0 4385.0 j -566.021973
4385.0 4955.0 @ -7941.828613
4955.0 4970.0 ssil -180.901108
.
