#!MLF!#
"/net/aistaff/aki/_same-utterance/wav/02/Groningen_and_Drenthe/17227-1472373816-2450097.rec"
0.0 485.0 ssil -5276.410156 HET
485.0 530.0 h -627.418457
530.0 590.0 ec -826.108643
590.0 605.0 t -217.828156
605.0 635.0 ssil -460.289551
635.0 660.0 ssil -384.945007 ECHTPAAR
660.0 800.0 ec -1817.468506
800.0 860.0 x -865.635803
860.0 935.0 t -1091.111938
935.0 1015.0 p -1135.841309
1015.0 1190.0 a -2099.385986
1190.0 1205.0 ssil -228.661545
1205.0 1220.0 ssil -203.264786 ADOPTEERT
1220.0 1440.0 ac -2828.825195
1440.0 1455.0 d -219.861862
1455.0 1490.0 oc -454.180847
1490.0 1545.0 p -756.423340
1545.0 1630.0 t -1281.212646
1630.0 1750.0 i -1389.921387
1750.0 1795.0 r -641.639832
1795.0 1890.0 t -1497.470825
1890.0 1905.0 ssil -218.183746
1905.0 1920.0 ssil -203.820541 VOOR
1920.0 1985.0 f -905.406067
1985.0 2065.0 o -965.116394
2065.0 2095.0 ssil -369.742859
2095.0 2110.0 ssil -181.863739 VEEL
2110.0 2190.0 v -1081.020630
2190.0 2255.0 e -781.695190
2255.0 2330.0 l -940.160583
2330.0 2345.0 ssil -226.603500
2345.0 2360.0 ssil -224.322281 GELD
2360.0 2440.0 x -1077.695679
2440.0 2520.0 ec -911.544312
2520.0 2640.0 l -1349.299438
2640.0 2660.0 ssil -284.323212
2660.0 2755.0 ssil -1413.762573 EEN
2755.0 2825.0 @ -847.178223
2825.0 2880.0 n -777.195496
2880.0 2895.0 ssil -224.770630
2895.0 2910.0 ssil -226.889694 TWEEJARIG
2910.0 2990.0 t -1102.354736
2990.0 3035.0 w -538.959351
3035.0 3120.0 e -938.599182
3120.0 3195.0 j -807.871643
3195.0 3280.0 a -1072.616943
3280.0 3300.0 r -284.516663
3300.0 3345.0 @ -604.973328
3345.0 3420.0 x -1051.563110
3420.0 3435.0 ssil -217.275101
3435.0 3450.0 ssil -206.948502 WEESJE
3450.0 3505.0 w -629.782837
3505.0 3655.0 ic -1646.014160
3655.0 3800.0 s -1783.824463
3800.0 3910.0 j -1220.212524
3910.0 3930.0 @ -241.070267
3930.0 4460.0 ssil -6246.767578
.
