#!MLF!#
"/net/aistaff/aki/_same-utterance/wav/02/Groningen_and_Drenthe/17416-1473618605-2485876.rec"
0.0 1095.0 ssil -12292.807617 HET
1095.0 1115.0 h -261.724060
1115.0 1190.0 ec -921.228271
1190.0 1230.0 t -561.625916
1230.0 1265.0 ssil -448.846405
1265.0 1280.0 ssil -211.620575 ECHTPAAR
1280.0 1370.0 ec -1095.452271
1370.0 1425.0 x -731.114746
1425.0 1465.0 t -528.597839
1465.0 1515.0 p -746.493286
1515.0 1730.0 a -2666.264160
1730.0 1800.0 r -817.450684
1800.0 1820.0 ssil -228.291824
1820.0 1880.0 ssil -839.886841 ADOPTEERT
1880.0 1895.0 ac -227.908859
1895.0 1920.0 d -365.899170
1920.0 1935.0 oc -234.498962
1935.0 2020.0 p -1027.160889
2020.0 2055.0 t -490.520142
2055.0 2185.0 i -1375.034058
2185.0 2225.0 r -538.822021
2225.0 2305.0 ssil -1100.691040
2305.0 2325.0 ssil -244.912338 VOOR
2325.0 2400.0 v -909.840576
2400.0 2525.0 o -1313.572754
2525.0 2575.0 r -614.952332
2575.0 2595.0 ssil -244.853226
2595.0 2610.0 ssil -185.201096 VEEL
2610.0 2675.0 f -906.857544
2675.0 2735.0 e -657.690491
2735.0 2815.0 l -930.320435
2815.0 2830.0 ssil -204.570572
2830.0 2845.0 ssil -219.848587 GELD
2845.0 2905.0 x -795.824402
2905.0 3015.0 ec -1234.211304
3015.0 3110.0 l -1110.002441
3110.0 3135.0 ssil -352.670227
3135.0 3150.0 ssil -211.241348 EEN
3150.0 3230.0 @ -919.057312
3230.0 3295.0 n -801.131653
3295.0 3310.0 ssil -209.317459
3310.0 3325.0 ssil -185.280243 TWEEJARIG
3325.0 3405.0 t -1047.550293
3405.0 3460.0 w -768.517395
3460.0 3550.0 e -891.981018
3550.0 3685.0 j -1455.279053
3685.0 3805.0 a -1244.171631
3805.0 3845.0 r -451.798584
3845.0 3870.0 @ -286.921539
3870.0 3885.0 x -209.510162
3885.0 3900.0 ssil -191.472336
3900.0 3915.0 ssil -189.467331 WEESJE
3915.0 4010.0 w -1043.314087
4010.0 4180.0 e -1956.090454
4180.0 4330.0 s -1906.518799
4330.0 4380.0 j -632.789124
4380.0 4415.0 @ -429.749329
4415.0 4875.0 ssil -5340.750000
.
