#!MLF!#
"/net/aistaff/aki/_same-utterance/wav/02/Groningen_and_Drenthe/1944-1449217839-173796.rec"
0.0 745.0 ssil -9394.533203 HET
745.0 765.0 h -294.735626
765.0 815.0 ec -622.720825
815.0 850.0 t -471.552246
850.0 895.0 ssil -569.852661
895.0 920.0 ssil -368.440308 ECHTPAAR
920.0 1000.0 ec -1105.763916
1000.0 1060.0 x -855.980652
1060.0 1110.0 t -675.727783
1110.0 1175.0 p -850.767029
1175.0 1360.0 a -2196.637451
1360.0 1375.0 ssil -227.206818
1375.0 1390.0 ssil -217.531204 ADOPTEERT
1390.0 1480.0 ac -1105.306885
1480.0 1510.0 d -401.845032
1510.0 1565.0 oc -721.203247
1565.0 1595.0 p -409.495239
1595.0 1655.0 t -797.134644
1655.0 1785.0 i -1575.617798
1785.0 1800.0 r -232.329727
1800.0 1820.0 ssil -292.127502
1820.0 1885.0 ssil -818.571350 VOOR
1885.0 1930.0 v -512.087219
1930.0 1965.0 o -418.444366
1965.0 2000.0 ssil -486.331482
2000.0 2050.0 ssil -573.273132 VEEL
2050.0 2085.0 v -475.605591
2085.0 2145.0 e -828.974426
2145.0 2230.0 l -1080.057617
2230.0 2245.0 ssil -201.652893
2245.0 2260.0 ssil -187.780853 GELD
2260.0 2340.0 x -1034.303589
2340.0 2400.0 ec -732.528625
2400.0 2510.0 l -1224.769897
2510.0 2530.0 t -279.975739
2530.0 2580.0 ssil -657.520630
2580.0 2605.0 ssil -361.555603 EEN
2605.0 2620.0 @ -208.421051
2620.0 2710.0 n -1064.787476
2710.0 2745.0 ssil -473.501221
2745.0 2795.0 ssil -651.936646 TWEEJARIG
2795.0 2810.0 t -215.471848
2810.0 2830.0 w -259.438690
2830.0 2975.0 e -1552.494263
2975.0 3025.0 j -606.106506
3025.0 3120.0 a -1035.344238
3120.0 3155.0 r -451.857697
3155.0 3235.0 @ -990.275146
3235.0 3255.0 x -291.300720
3255.0 3270.0 ssil -226.506271
3270.0 3285.0 ssil -201.912735 WEESJE
3285.0 3365.0 w -831.365723
3365.0 3530.0 e -1835.616699
3530.0 3690.0 s -2036.760986
3690.0 3720.0 j -412.898376
3720.0 3775.0 @ -667.800720
3775.0 4295.0 ssil -6469.302734
.
