#!MLF!#
"/net/aistaff/aki/_same-utterance/wav/02/Groningen_and_Drenthe/2108-1450877783-710812.rec"
0.0 90.0 ssil -799.302979 HET
90.0 105.0 h -167.372925
105.0 120.0 ec -229.355820
120.0 155.0 t -434.189178
155.0 835.0 ssil -8251.430664
835.0 1010.0 ssil -2586.485840 ECHTPAAR
1010.0 1100.0 ec -1208.287231
1100.0 1190.0 x -1142.309082
1190.0 1235.0 t -581.986328
1235.0 1265.0 p -441.600220
1265.0 1495.0 a -2705.089111
1495.0 1510.0 r -225.670273
1510.0 1550.0 ssil -540.545959
1550.0 1595.0 ssil -611.738220 ADOPTEERT
1595.0 1775.0 ac -2448.672852
1775.0 1790.0 d -222.229355
1790.0 1850.0 oc -714.411682
1850.0 1865.0 p -226.479904
1865.0 1920.0 t -801.895264
1920.0 2030.0 i -1230.734375
2030.0 2065.0 r -466.205505
2065.0 2080.0 ssil -219.434845
2080.0 2095.0 ssil -192.560898 VOOR
2095.0 2190.0 f -1249.304199
2190.0 2270.0 o -1035.032837
2270.0 2285.0 ssil -204.786179
2285.0 2305.0 ssil -252.350891 VEEL
2305.0 2395.0 f -1259.473633
2395.0 2490.0 e -1195.470459
2490.0 2545.0 l -648.199707
2545.0 2560.0 ssil -216.740341
2560.0 2575.0 ssil -208.668823 GELD
2575.0 2640.0 x -931.160034
2640.0 2745.0 ec -1213.798340
2745.0 2875.0 l -1631.674072
2875.0 2905.0 t -481.581360
2905.0 2930.0 ssil -376.345490
2930.0 2965.0 ssil -516.964417 EEN
2965.0 3030.0 @ -928.127014
3030.0 3085.0 n -697.311951
3085.0 3100.0 ssil -218.018326
3100.0 3115.0 ssil -223.494476 TWEEJARIG
3115.0 3165.0 t -708.370483
3165.0 3210.0 w -565.267029
3210.0 3320.0 e -1214.133423
3320.0 3390.0 j -836.700684
3390.0 3480.0 a -1015.923035
3480.0 3515.0 r -498.711945
3515.0 3585.0 @ -913.724854
3585.0 3640.0 x -721.509216
3640.0 3655.0 ssil -196.933380
3655.0 3670.0 ssil -196.090515 WEESJE
3670.0 3720.0 w -637.500366
3720.0 3905.0 e -2161.470703
3905.0 4035.0 s -1589.569336
4035.0 4070.0 j -409.146759
4070.0 4205.0 @ -1548.267090
4205.0 4900.0 ssil -7798.683105
.
