#!MLF!#
"/net/aistaff/aki/_same-utterance/wav/02/Groningen_and_Drenthe/2409-1449402346-346639.rec"
0.0 155.0 ssil -1815.198975 HET
155.0 180.0 h -340.008942
180.0 195.0 ec -221.473343
195.0 215.0 t -274.803375
215.0 1345.0 ssil -13327.782227
1345.0 1510.0 ssil -2502.033936 ECHTPAAR
1510.0 1605.0 ec -1333.035278
1605.0 1690.0 x -1141.718262
1690.0 1735.0 t -638.342529
1735.0 1775.0 p -554.827148
1775.0 1880.0 a -1341.494995
1880.0 1895.0 ssil -236.034653
1895.0 1910.0 ssil -205.346985 ADOPTEERT
1910.0 2070.0 ac -2128.340332
2070.0 2100.0 d -406.825958
2100.0 2160.0 oc -819.230164
2160.0 2210.0 p -693.957153
2210.0 2255.0 t -720.655823
2255.0 2370.0 i -1332.439819
2370.0 2400.0 r -440.464874
2400.0 2435.0 t -508.406372
2435.0 2450.0 ssil -211.086105
2450.0 2465.0 ssil -196.510651 VOOR
2465.0 2555.0 f -1093.964966
2555.0 2595.0 o -582.973450
2595.0 2610.0 ssil -213.547607
2610.0 2625.0 ssil -200.983322 VEEL
2625.0 2745.0 f -1608.862671
2745.0 2830.0 e -989.651917
2830.0 2905.0 l -932.033752
2905.0 2920.0 ssil -228.199600
2920.0 2935.0 ssil -220.800827 GELD
2935.0 3040.0 x -1379.699463
3040.0 3130.0 ec -1000.881653
3130.0 3210.0 l -1169.943726
3210.0 3225.0 ssil -236.042709
3225.0 3250.0 ssil -387.592346 EEN
3250.0 3315.0 @ -903.657227
3315.0 3370.0 n -707.714722
3370.0 3385.0 ssil -215.095825
3385.0 3400.0 ssil -236.207077 TWEEJARIG
3400.0 3495.0 t -1318.547485
3495.0 3520.0 w -317.407013
3520.0 3690.0 e -1709.964478
3690.0 3745.0 j -630.596375
3745.0 3855.0 a -1102.387207
3855.0 3880.0 r -360.882446
3880.0 3910.0 @ -419.896149
3910.0 3970.0 x -742.041016
3970.0 3985.0 ssil -203.841461
3985.0 4000.0 ssil -181.829224 WEESJE
4000.0 4050.0 w -581.751831
4050.0 4230.0 e -1859.311035
4230.0 4400.0 s -2244.377930
4400.0 4440.0 j -490.155182
4440.0 4505.0 @ -906.605957
4505.0 5180.0 ssil -8073.635254
.
