#!MLF!#
"/net/aistaff/aki/_same-utterance/wav/02/Groningen_and_Drenthe/2551-1449326004-287721.rec"
0.0 595.0 ssil -6787.629883 HET
595.0 615.0 h -242.319138
615.0 650.0 ec -443.768402
650.0 735.0 t -1202.230103
735.0 755.0 ssil -237.778122
755.0 795.0 ssil -554.917969 ECHTPAAR
795.0 870.0 ec -960.764832
870.0 965.0 x -1294.799683
965.0 1005.0 t -576.244385
1005.0 1125.0 p -1464.882935
1125.0 1305.0 a -2027.111938
1305.0 1435.0 r -1542.175293
1435.0 1450.0 ssil -227.219955
1450.0 1465.0 ssil -231.060287 ADOPTEERT
1465.0 1540.0 ac -882.297607
1540.0 1555.0 d -211.281006
1555.0 1665.0 oc -1431.409302
1665.0 1725.0 p -743.135620
1725.0 1805.0 t -1053.609253
1805.0 1920.0 i -1364.789307
1920.0 1990.0 r -856.768921
1990.0 2045.0 t -790.023254
2045.0 2060.0 ssil -210.121429
2060.0 2075.0 ssil -183.323776 VOOR
2075.0 2160.0 f -1003.601562
2160.0 2215.0 o -688.823792
2215.0 2245.0 ssil -364.027924
2245.0 2265.0 ssil -206.610687 VEEL
2265.0 2365.0 f -1176.638306
2365.0 2450.0 e -938.548462
2450.0 2520.0 l -914.009216
2520.0 2535.0 ssil -248.156708
2535.0 2550.0 ssil -208.084015 GELD
2550.0 2685.0 x -1753.630981
2685.0 2730.0 ec -498.189575
2730.0 2845.0 l -1290.504028
2845.0 2935.0 t -1273.107788
2935.0 2960.0 ssil -363.596039
2960.0 2985.0 ssil -332.757874 EEN
2985.0 3025.0 @ -537.985046
3025.0 3095.0 n -781.264648
3095.0 3110.0 ssil -192.488281
3110.0 3125.0 ssil -197.033234 TWEEJARIG
3125.0 3250.0 t -1623.073975
3250.0 3265.0 w -204.550735
3265.0 3420.0 e -1536.967773
3420.0 3470.0 j -520.695068
3470.0 3575.0 a -1062.929688
3575.0 3615.0 r -598.349304
3615.0 3645.0 @ -440.797943
3645.0 3730.0 x -1100.200806
3730.0 3750.0 ssil -277.706573
3750.0 3765.0 ssil -202.787018 WEESJE
3765.0 3800.0 w -469.863800
3800.0 4005.0 e -2129.027100
4005.0 4165.0 s -1988.571289
4165.0 4210.0 j -562.186523
4210.0 4245.0 @ -477.949341
4245.0 4875.0 ssil -6943.054199
.
