#!MLF!#
"/net/aistaff/aki/_same-utterance/wav/02/Groningen_and_Drenthe/2964-1449427664-386189.rec"
0.0 785.0 ssil -9140.177734 HET
785.0 800.0 h -213.800217
800.0 835.0 ec -452.174835
835.0 885.0 t -810.878784
885.0 900.0 ssil -220.939758
900.0 930.0 ssil -437.543121 ECHTPAAR
930.0 1045.0 ec -1611.586426
1045.0 1115.0 x -943.861816
1115.0 1185.0 t -994.989807
1185.0 1240.0 p -741.030457
1240.0 1375.0 ac -2065.562256
1375.0 1400.0 ssil -385.586884
1400.0 1460.0 ssil -963.609253 ADOPTEERT
1460.0 1545.0 ac -1435.667236
1545.0 1575.0 d -419.715393
1575.0 1635.0 oc -847.720703
1635.0 1650.0 p -209.522339
1650.0 1735.0 t -1193.310669
1735.0 1830.0 i -1348.490112
1830.0 1905.0 r -1100.531128
1905.0 1970.0 t -938.362366
1970.0 1985.0 ssil -182.300323
1985.0 2000.0 ssil -195.027466 VOOR
2000.0 2055.0 v -699.022827
2055.0 2090.0 o -431.028992
2090.0 2105.0 ssil -196.764664
2105.0 2175.0 ssil -828.494507 VEEL
2175.0 2220.0 f -651.419067
2220.0 2265.0 e -693.748840
2265.0 2345.0 l -1043.796875
2345.0 2360.0 ssil -228.234390
2360.0 2375.0 ssil -217.846069 GELD
2375.0 2480.0 x -1407.153198
2480.0 2525.0 ec -793.355408
2525.0 2675.0 l -2388.756104
2675.0 2705.0 t -465.918671
2705.0 2735.0 ssil -432.558319
2735.0 2765.0 ssil -396.295258 EEN
2765.0 2795.0 @ -382.321106
2795.0 2875.0 n -1267.762207
2875.0 2890.0 ssil -221.014160
2890.0 2915.0 ssil -341.020325 TWEEJARIG
2915.0 2990.0 t -1003.285706
2990.0 3005.0 w -196.513550
3005.0 3160.0 e -1694.789185
3160.0 3235.0 j -901.057983
3235.0 3255.0 a -306.893890
3255.0 3465.0 r -3442.687500
3465.0 3480.0 @ -241.283417
3480.0 3500.0 x -250.191223
3500.0 3530.0 ssil -368.049683
3530.0 3570.0 ssil -517.526062 WEESJE
3570.0 3620.0 w -550.104004
3620.0 3775.0 e -1641.139038
3775.0 3930.0 s -2069.334717
3930.0 4030.0 j -1107.063354
4030.0 4075.0 @ -497.037842
4075.0 4550.0 ssil -5413.613281
.
