#!MLF!#
"/net/aistaff/aki/_same-utterance/wav/02/Groningen_and_Drenthe/3041-1449410405-362899.rec"
0.0 815.0 ssil -8490.329102 HET
815.0 855.0 h -561.581116
855.0 925.0 ec -860.564514
925.0 945.0 t -294.946686
945.0 975.0 ssil -418.474121
975.0 1015.0 ssil -621.463684 ECHTPAAR
1015.0 1100.0 ec -1110.567993
1100.0 1170.0 x -903.250061
1170.0 1220.0 t -698.969604
1220.0 1295.0 p -972.580139
1295.0 1430.0 a -1464.833984
1430.0 1445.0 r -245.211426
1445.0 1475.0 ssil -464.576477
1475.0 1490.0 ssil -204.923065 ADOPTEERT
1490.0 1675.0 ac -2395.892090
1675.0 1710.0 d -503.029846
1710.0 1765.0 oc -700.056030
1765.0 1820.0 p -675.349365
1820.0 1895.0 t -1029.705322
1895.0 2045.0 i -1626.427246
2045.0 2095.0 r -690.203674
2095.0 2135.0 t -658.376770
2135.0 2165.0 ssil -436.333069
2165.0 2195.0 ssil -379.939880 VOOR
2195.0 2260.0 v -840.942200
2260.0 2285.0 o -288.581573
2285.0 2320.0 r -430.279388
2320.0 2350.0 ssil -404.926331
2350.0 2385.0 ssil -410.273773 VEEL
2385.0 2440.0 v -701.200684
2440.0 2495.0 e -669.116272
2495.0 2590.0 l -1214.780884
2590.0 2605.0 ssil -231.713409
2605.0 2620.0 ssil -223.687637 GELD
2620.0 2680.0 x -838.998718
2680.0 2790.0 ec -1290.390381
2790.0 2860.0 l -914.730835
2860.0 2925.0 t -921.963318
2925.0 2950.0 ssil -398.479462
2950.0 3005.0 ssil -866.365295 EEN
3005.0 3045.0 @ -562.153931
3045.0 3115.0 n -925.524231
3115.0 3160.0 ssil -745.171631
3160.0 3190.0 ssil -459.091125 TWEEJARIG
3190.0 3225.0 t -464.638885
3225.0 3240.0 w -212.952927
3240.0 3430.0 e -2163.985352
3430.0 3480.0 j -591.134705
3480.0 3565.0 a -995.992981
3565.0 3595.0 r -424.465820
3595.0 3645.0 @ -660.434204
3645.0 3730.0 x -1068.372437
3730.0 3745.0 ssil -197.498383
3745.0 3760.0 ssil -193.656723 WEESJE
3760.0 3785.0 w -279.066223
3785.0 3955.0 e -1816.845703
3955.0 4110.0 s -1855.878540
4110.0 4130.0 j -266.068481
4130.0 4165.0 @ -460.387543
4165.0 4460.0 ssil -3648.831543
.
