#!MLF!#
"/net/aistaff/aki/_same-utterance/wav/02/Groningen_and_Drenthe/3054-1449432568-392340.rec"
0.0 85.0 ssil -831.083191 HET
85.0 100.0 h -170.215195
100.0 120.0 ec -312.683502
120.0 140.0 t -298.249725
140.0 1375.0 ssil -13878.751953
1375.0 1555.0 ssil -2806.098633 ECHTPAAR
1555.0 1700.0 ec -1883.162720
1700.0 1840.0 x -1808.388916
1840.0 1855.0 t -201.684097
1855.0 1895.0 p -553.222656
1895.0 2160.0 ac -2845.166016
2160.0 2305.0 r -1869.724243
2305.0 2335.0 ssil -463.350586
2335.0 2365.0 ssil -431.401154 ADOPTEERT
2365.0 2430.0 ac -821.326721
2430.0 2480.0 d -691.666809
2480.0 2610.0 oc -1660.359009
2610.0 2640.0 p -380.170990
2640.0 2720.0 t -1075.696533
2720.0 2890.0 i -1891.241211
2890.0 2970.0 r -1086.753174
2970.0 3005.0 t -496.365204
3005.0 3020.0 ssil -201.971878
3020.0 3045.0 ssil -338.075531 VOOR
3045.0 3090.0 f -591.601990
3090.0 3105.0 o -226.195282
3105.0 3195.0 r -1010.343384
3195.0 3225.0 ssil -362.518097
3225.0 3240.0 ssil -188.565796 VEEL
3240.0 3290.0 f -705.987366
3290.0 3305.0 e -226.646957
3305.0 3520.0 l -2530.171143
3520.0 3540.0 ssil -285.758942
3540.0 3555.0 ssil -238.722382 GELD
3555.0 3665.0 x -1459.576294
3665.0 3855.0 ec -1878.291626
3855.0 4020.0 l -1967.099854
4020.0 4095.0 t -1060.471802
4095.0 4120.0 ssil -334.446869
4120.0 4155.0 ssil -491.108002 EEN
4155.0 4270.0 n -1352.538696
4270.0 4285.0 ssil -190.162491
4285.0 4305.0 ssil -256.395874 TWEEJARIG
4305.0 4385.0 t -1062.647827
4385.0 4520.0 w -1794.371582
4520.0 4615.0 ic -1204.376831
4615.0 4730.0 j -1451.325562
4730.0 4845.0 ac -1387.921021
4845.0 4970.0 r -1722.931030
4970.0 4985.0 @ -187.166504
4985.0 5020.0 x -457.996643
5020.0 5035.0 ssil -201.120895
5035.0 5055.0 ssil -260.231049 WEESJE
5055.0 5120.0 w -811.151611
5120.0 5315.0 e -2199.607910
5315.0 5485.0 s -2116.697510
5485.0 5590.0 j -1163.692017
5590.0 5660.0 @ -931.845032
5660.0 6360.0 ssil -8101.200195
.
