#!MLF!#
"/net/aistaff/aki/_same-utterance/wav/02/Groningen_and_Drenthe/318-1449077686-30596.rec"
0.0 295.0 ssil -2704.948242 HET
295.0 310.0 h -157.213318
310.0 325.0 ec -215.978271
325.0 340.0 t -229.511551
340.0 355.0 ssil -200.178131
355.0 375.0 ssil -323.148682 ECHTPAAR
375.0 480.0 ec -1424.155640
480.0 580.0 x -1353.965332
580.0 690.0 t -1556.938721
690.0 770.0 p -1137.497559
770.0 1090.0 a -3071.749268
1090.0 1120.0 r -460.908752
1120.0 1135.0 ssil -281.130371
1135.0 1150.0 ssil -264.242584 ADOPTEERT
1150.0 1190.0 ac -556.442078
1190.0 1210.0 d -265.164429
1210.0 1235.0 oc -344.585724
1235.0 1265.0 p -382.816925
1265.0 1370.0 t -1653.993408
1370.0 1485.0 i -1359.253784
1485.0 1510.0 r -375.798584
1510.0 1560.0 t -699.888611
1560.0 1575.0 ssil -207.092789
1575.0 1590.0 ssil -187.802200 VOOR
1590.0 1680.0 f -1178.827271
1680.0 1750.0 o -872.515564
1750.0 1775.0 ssil -327.211121
1775.0 1790.0 ssil -182.038589 VEEL
1790.0 1895.0 f -1346.444336
1895.0 1955.0 e -711.394348
1955.0 2045.0 l -1242.943970
2045.0 2065.0 ssil -317.728882
2065.0 2090.0 ssil -412.158905 GELD
2090.0 2155.0 x -930.505127
2155.0 2250.0 ec -937.501221
2250.0 2345.0 l -1143.766602
2345.0 2370.0 ssil -392.337524
2370.0 2410.0 ssil -616.409790 EEN
2410.0 2465.0 @ -803.633301
2465.0 2480.0 ssil -206.867279
2480.0 2495.0 ssil -214.589127 TWEEJARIG
2495.0 2615.0 t -1723.752563
2615.0 2635.0 w -284.550903
2635.0 2795.0 e -1592.635620
2795.0 2855.0 j -610.740906
2855.0 2935.0 a -714.790894
2935.0 2970.0 r -521.303589
2970.0 3010.0 @ -591.114563
3010.0 3065.0 x -727.708191
3065.0 3080.0 ssil -202.826187
3080.0 3100.0 ssil -261.226807 WEESJE
3100.0 3200.0 w -1218.898804
3200.0 3370.0 e -1980.096680
3370.0 3535.0 s -2173.623047
3535.0 3600.0 j -719.744080
3600.0 3675.0 @ -918.062622
3675.0 3855.0 ssil -2187.526855
.
