#!MLF!#
"/net/aistaff/aki/_same-utterance/wav/02/Groningen_and_Drenthe/4078-1449967089-628332.rec"
0.0 275.0 ssil -2257.888428 HET
275.0 290.0 h -173.740189
290.0 305.0 ec -239.087540
305.0 340.0 t -500.182129
340.0 665.0 ssil -4101.499512
665.0 845.0 ssil -2577.817139 ECHTPAAR
845.0 1010.0 ec -2125.043945
1010.0 1140.0 x -1721.637695
1140.0 1170.0 t -399.070160
1170.0 1360.0 p -2382.020752
1360.0 1800.0 a -5067.980957
1800.0 1815.0 ssil -221.124771
1815.0 1830.0 ssil -239.722794 ADOPTEERT
1830.0 1920.0 @ -1202.606934
1920.0 1935.0 d -211.178055
1935.0 2005.0 oc -845.497681
2005.0 2020.0 p -236.161682
2020.0 2065.0 t -640.902710
2065.0 2215.0 @ -1520.075684
2215.0 2245.0 r -446.827728
2245.0 2275.0 t -444.442719
2275.0 2320.0 ssil -584.072571
2320.0 2360.0 ssil -505.193756 VOOR
2360.0 2410.0 f -636.430237
2410.0 2505.0 o -1001.027222
2505.0 2525.0 ssil -229.221039
2525.0 2555.0 ssil -358.772949 VEEL
2555.0 2605.0 v -622.082825
2605.0 2650.0 e -483.171631
2650.0 2810.0 l -2034.327393
2810.0 2825.0 ssil -210.820877
2825.0 2840.0 ssil -212.117676 GELD
2840.0 2865.0 x -381.275085
2865.0 2910.0 ec -492.972809
2910.0 3050.0 l -1557.217773
3050.0 3095.0 ssil -603.508362
3095.0 3115.0 ssil -291.189362 EEN
3115.0 3180.0 @ -854.854797
3180.0 3290.0 n -1456.850708
3290.0 3325.0 ssil -485.815033
3325.0 3350.0 ssil -294.756775 TWEEJARIG
3350.0 3375.0 t -311.664673
3375.0 3420.0 w -468.946350
3420.0 3550.0 e -1279.203613
3550.0 3695.0 j -1407.288086
3695.0 3850.0 a -1519.411743
3850.0 3865.0 r -186.465622
3865.0 3880.0 @ -196.470200
3880.0 3895.0 x -208.999634
3895.0 3930.0 ssil -437.570831
3930.0 3975.0 ssil -558.423889 WEESJE
3975.0 4025.0 w -609.385925
4025.0 4190.0 e -1810.883545
4190.0 4270.0 s -1013.365112
4270.0 4375.0 j -1302.897461
4375.0 4415.0 @ -499.931396
4415.0 4550.0 ssil -1635.245972
.
