#!MLF!#
"/net/aistaff/aki/_same-utterance/wav/02/Groningen_and_Drenthe/420-1449305699-257007.rec"
0.0 485.0 ssil -4134.633789 HET
485.0 500.0 h -146.439651
500.0 515.0 ec -155.683655
515.0 530.0 t -224.919449
530.0 545.0 ssil -247.650101
545.0 560.0 ssil -229.091675 ECHTPAAR
560.0 580.0 ec -336.105072
580.0 660.0 x -1140.784912
660.0 675.0 t -227.922012
675.0 750.0 p -1032.381958
750.0 915.0 a -1857.492432
915.0 960.0 r -606.175964
960.0 975.0 ssil -201.097443
975.0 990.0 ssil -202.931595 ADOPTEERT
990.0 1085.0 ac -1234.580322
1085.0 1125.0 d -529.269348
1125.0 1160.0 oc -475.718445
1160.0 1265.0 p -1254.625366
1265.0 1330.0 t -1086.997437
1330.0 1435.0 i -1212.319824
1435.0 1460.0 r -400.924072
1460.0 1510.0 t -754.758728
1510.0 1525.0 ssil -203.953506
1525.0 1575.0 ssil -575.912415 VOOR
1575.0 1625.0 v -615.333374
1625.0 1705.0 o -932.131042
1705.0 1725.0 ssil -239.898300
1725.0 1755.0 ssil -356.113159 VEEL
1755.0 1800.0 v -636.972900
1800.0 1860.0 e -766.198669
1860.0 1955.0 l -1290.454590
1955.0 1970.0 ssil -230.831390
1970.0 1985.0 ssil -243.221207 GELD
1985.0 2055.0 x -1004.499451
2055.0 2165.0 ec -1213.552368
2165.0 2305.0 l -1615.600708
2305.0 2355.0 t -809.785706
2355.0 2390.0 ssil -486.517456
2390.0 2435.0 ssil -612.977051 EEN
2435.0 2465.0 @ -383.681458
2465.0 2515.0 n -578.525818
2515.0 2530.0 ssil -183.016556
2530.0 2550.0 ssil -255.017639 TWEEJARIG
2550.0 2650.0 t -1486.414673
2650.0 2665.0 w -222.698929
2665.0 2795.0 e -1472.627808
2795.0 2875.0 j -933.480347
2875.0 2965.0 a -889.496338
2965.0 3005.0 r -597.587708
3005.0 3060.0 @ -735.858948
3060.0 3120.0 x -841.971680
3120.0 3135.0 ssil -187.484634
3135.0 3150.0 ssil -188.633636 WEESJE
3150.0 3200.0 w -620.047424
3200.0 3385.0 e -1827.758179
3385.0 3545.0 s -2059.863770
3545.0 3620.0 j -835.729004
3620.0 3650.0 @ -392.328827
3650.0 3995.0 ssil -4081.280273
.
