#!MLF!#
"/net/aistaff/aki/_same-utterance/wav/02/Groningen_and_Drenthe/4378-1450291758-702392.rec"
0.0 285.0 ssil -3294.373779 HET
285.0 635.0 h -4270.105469
635.0 705.0 ec -989.389465
705.0 760.0 t -758.400757
760.0 790.0 ssil -383.719635
790.0 820.0 ssil -411.538727 ECHTPAAR
820.0 880.0 ec -760.952637
880.0 945.0 x -923.948853
945.0 995.0 t -648.846130
995.0 1070.0 p -889.692932
1070.0 1240.0 a -2049.451172
1240.0 1265.0 ssil -378.973938
1265.0 1295.0 ssil -426.525177 ADOPTEERT
1295.0 1335.0 ac -653.419495
1335.0 1355.0 d -285.341736
1355.0 1400.0 oc -614.985596
1400.0 1485.0 p -1104.246094
1485.0 1605.0 t -1561.867432
1605.0 1740.0 i -1633.911377
1740.0 1760.0 r -283.689362
1760.0 1775.0 ssil -220.286255
1775.0 1830.0 ssil -819.811829 VOOR
1830.0 1920.0 f -1102.772461
1920.0 1950.0 o -380.892273
1950.0 1965.0 ssil -200.126404
1965.0 1980.0 ssil -208.824570 VEEL
1980.0 2115.0 f -1685.013672
2115.0 2190.0 e -933.478516
2190.0 2225.0 l -498.202881
2225.0 2240.0 ssil -205.173691
2240.0 2255.0 ssil -210.510559 GELD
2255.0 2365.0 x -1463.251709
2365.0 2410.0 ec -537.161377
2410.0 2555.0 l -1986.918701
2555.0 2575.0 ssil -275.417358
2575.0 2595.0 ssil -328.122070 EEN
2595.0 2635.0 @ -619.312866
2635.0 2700.0 n -843.980530
2700.0 2715.0 ssil -208.692413
2715.0 2730.0 ssil -208.934326 TWEEJARIG
2730.0 2830.0 t -1356.231445
2830.0 2855.0 w -346.991760
2855.0 2985.0 e -1377.708130
2985.0 3035.0 j -546.695801
3035.0 3160.0 a -1245.860840
3160.0 3175.0 r -204.231567
3175.0 3190.0 @ -220.609650
3190.0 3265.0 x -923.472839
3265.0 3280.0 ssil -187.067444
3280.0 3300.0 ssil -254.034134 WEESJE
3300.0 3340.0 w -500.753265
3340.0 3480.0 e -1628.898438
3480.0 3595.0 s -1454.057861
3595.0 3640.0 j -616.581116
3640.0 3655.0 @ -240.492950
3655.0 4295.0 ssil -7800.189941
.
