#!MLF!#
"/net/aistaff/aki/_same-utterance/wav/02/Groningen_and_Drenthe/4441-1450691237-750143.rec"
0.0 275.0 ssil -2941.386475 HET
275.0 290.0 h -176.940491
290.0 310.0 ec -312.792358
310.0 340.0 t -447.744507
340.0 1570.0 ssil -14561.294922
1570.0 1725.0 ssil -1960.369141 ECHTPAAR
1725.0 1815.0 ec -1080.918091
1815.0 1885.0 x -934.483459
1885.0 1940.0 t -762.650635
1940.0 2030.0 p -1214.576050
2030.0 2090.0 ac -760.543152
2090.0 2360.0 r -3039.261475
2360.0 2375.0 ssil -199.292221
2375.0 2415.0 ssil -699.469299 ADOPTEERT
2415.0 2455.0 @ -508.098663
2455.0 2470.0 d -191.402710
2470.0 2485.0 oc -202.193573
2485.0 2565.0 p -943.192200
2565.0 2630.0 t -966.188232
2630.0 2740.0 @ -1366.148315
2740.0 2760.0 r -296.258789
2760.0 2800.0 t -577.265076
2800.0 2815.0 ssil -201.439362
2815.0 2875.0 ssil -753.039673 VOOR
2875.0 2955.0 f -962.852478
2955.0 3120.0 o -1829.292847
3120.0 3215.0 r -1219.035034
3215.0 3395.0 ssil -2153.539062
3395.0 3830.0 ssil -5195.022949 VEEL
3830.0 3900.0 v -918.144409
3900.0 3915.0 e -170.853409
3915.0 4070.0 l -1797.172485
4070.0 4085.0 ssil -237.132370
4085.0 4100.0 ssil -213.081161 GELD
4100.0 4160.0 x -817.755859
4160.0 4175.0 ec -210.357590
4175.0 4360.0 l -2239.312988
4360.0 4395.0 t -492.884369
4395.0 4410.0 ssil -200.662872
4410.0 4435.0 ssil -317.450470 EEN
4435.0 4460.0 @ -322.295319
4460.0 4570.0 n -1272.049072
4570.0 4585.0 ssil -207.560043
4585.0 4600.0 ssil -207.309128 TWEEJARIG
4600.0 4685.0 t -1144.359863
4685.0 4700.0 w -205.684372
4700.0 4800.0 e -999.311829
4800.0 4915.0 j -1245.092041
4915.0 5040.0 a -1137.518799
5040.0 5165.0 r -1386.552002
5165.0 5200.0 @ -415.953308
5200.0 5230.0 x -387.990356
5230.0 5275.0 ssil -515.685242
5275.0 5305.0 ssil -377.019989 WEESJE
5305.0 5360.0 w -616.619385
5360.0 5510.0 e -1440.697266
5510.0 5650.0 s -1858.557739
5650.0 5710.0 j -802.285034
5710.0 5790.0 @ -910.729675
5790.0 6175.0 ssil -4431.364258
.
