#!MLF!#
"/net/aistaff/aki/_same-utterance/wav/02/Groningen_and_Drenthe/5153-1453227181-908828.rec"
0.0 135.0 ssil -1203.227539 HET
135.0 150.0 h -163.997009
150.0 165.0 ec -233.593735
165.0 195.0 t -406.169403
195.0 790.0 ssil -7228.954590
790.0 850.0 ssil -876.254150 ECHTPAAR
850.0 960.0 ec -1389.288818
960.0 1070.0 x -1466.386841
1070.0 1085.0 t -196.584473
1085.0 1155.0 p -905.270447
1155.0 1320.0 a -1921.190430
1320.0 1395.0 r -906.232605
1395.0 1450.0 ssil -668.995361
1450.0 1490.0 ssil -586.075378 ADOPTEERT
1490.0 1550.0 ac -889.989990
1550.0 1620.0 d -928.467773
1620.0 1670.0 oc -649.769592
1670.0 1720.0 p -643.609924
1720.0 1835.0 t -1568.756958
1835.0 1930.0 i -1103.105835
1930.0 2010.0 r -983.706177
2010.0 2045.0 t -507.199951
2045.0 2060.0 ssil -171.098785
2060.0 2075.0 ssil -171.582962 VOOR
2075.0 2135.0 f -717.620728
2135.0 2180.0 o -538.284607
2180.0 2195.0 ssil -187.562653
2195.0 2210.0 ssil -185.120392 VEEL
2210.0 2330.0 f -1376.550171
2330.0 2395.0 e -851.433838
2395.0 2510.0 l -1441.970825
2510.0 2525.0 ssil -232.537338
2525.0 2540.0 ssil -227.668091 GELD
2540.0 2625.0 x -1122.714478
2625.0 2715.0 ec -1005.555176
2715.0 2875.0 l -1763.248291
2875.0 2945.0 t -967.073914
2945.0 2990.0 ssil -563.267944
2990.0 3020.0 ssil -408.512177 EEN
3020.0 3070.0 @ -681.438049
3070.0 3140.0 n -946.929810
3140.0 3155.0 ssil -204.059830
3155.0 3170.0 ssil -196.468521 TWEEJARIG
3170.0 3255.0 t -1105.934937
3255.0 3280.0 w -317.043549
3280.0 3550.0 e -3029.182617
3550.0 3565.0 j -257.130463
3565.0 3735.0 a -1750.547241
3735.0 3800.0 r -703.745178
3800.0 3820.0 @ -267.025970
3820.0 3915.0 x -1204.119629
3915.0 3930.0 ssil -193.061584
3930.0 3945.0 ssil -209.133118 WEESJE
3945.0 3975.0 w -390.152069
3975.0 4165.0 ic -2198.910400
4165.0 4300.0 s -1687.623169
4300.0 4375.0 j -806.403076
4375.0 4390.0 @ -196.037811
4390.0 4665.0 ssil -3252.983398
.
