#!MLF!#
"/net/aistaff/aki/_same-utterance/wav/02/Groningen_and_Drenthe/5658-1454018666-1038475.rec"
0.0 1175.0 ssil -12631.434570 HET
1175.0 1195.0 h -266.991425
1195.0 1250.0 ec -734.496826
1250.0 1305.0 t -847.881714
1305.0 1325.0 ssil -338.368073
1325.0 1360.0 ssil -517.622192 ECHTPAAR
1360.0 1515.0 ec -2083.108154
1515.0 1545.0 x -385.946014
1545.0 1580.0 t -482.340546
1580.0 1665.0 p -1117.048218
1665.0 1825.0 a -1746.091553
1825.0 1840.0 ssil -208.330063
1840.0 1855.0 ssil -210.067749 ADOPTEERT
1855.0 2005.0 ac -1851.383911
2005.0 2020.0 d -217.725876
2020.0 2205.0 oc -2322.308350
2205.0 2225.0 p -334.328369
2225.0 2280.0 t -779.700439
2280.0 2430.0 i -1683.650757
2430.0 2450.0 r -318.651062
2450.0 2505.0 ssil -845.631104
2505.0 2585.0 ssil -1036.971680 VOOR
2585.0 2650.0 f -871.888794
2650.0 2715.0 o -777.045105
2715.0 2740.0 r -322.777069
2740.0 2755.0 ssil -179.908691
2755.0 2780.0 ssil -280.749725 VEEL
2780.0 2885.0 f -1237.457520
2885.0 2985.0 e -1223.171387
2985.0 3065.0 l -966.956299
3065.0 3090.0 ssil -322.182678
3090.0 3170.0 ssil -1013.774292 GELD
3170.0 3200.0 x -424.122162
3200.0 3285.0 ec -880.897461
3285.0 3425.0 l -1646.315796
3425.0 3615.0 ssil -2543.094971
3615.0 3665.0 ssil -691.903687 EEN
3665.0 3740.0 n -904.289307
3740.0 3755.0 ssil -187.870178
3755.0 3770.0 ssil -199.673264 TWEEJARIG
3770.0 3890.0 t -1593.258667
3890.0 3935.0 w -534.572937
3935.0 4110.0 e -1864.014648
4110.0 4180.0 j -851.765259
4180.0 4280.0 a -1017.094604
4280.0 4305.0 r -351.192383
4305.0 4385.0 @ -983.653503
4385.0 4450.0 x -863.115540
4450.0 4495.0 ssil -563.255066
4495.0 4510.0 ssil -204.687149 WEESJE
4510.0 4570.0 w -657.374023
4570.0 4800.0 e -2443.134033
4800.0 4930.0 s -1626.432495
4930.0 5055.0 j -1339.122070
5055.0 5140.0 @ -947.474731
5140.0 6199.9999 ssil -11705.207031
.
