#!MLF!#
"/net/aistaff/aki/_same-utterance/wav/02/Groningen_and_Drenthe/6283-1454397777-1236674.rec"
0.0 340.0 ssil -3411.629883 HET
340.0 355.0 h -206.228088
355.0 385.0 ec -383.713654
385.0 435.0 t -714.428650
435.0 470.0 ssil -526.169800
470.0 485.0 ssil -227.783279 ECHTPAAR
485.0 555.0 ec -931.380798
555.0 580.0 x -336.216278
580.0 595.0 t -215.605530
595.0 625.0 p -408.179535
625.0 665.0 a -485.122864
665.0 720.0 ssil -696.988098
720.0 745.0 ssil -377.279572 ADOPTEERT
745.0 1030.0 ac -3897.674072
1030.0 1045.0 d -218.404434
1045.0 1225.0 oc -2354.919434
1225.0 1240.0 p -220.891266
1240.0 1270.0 t -418.762085
1270.0 1350.0 i -849.825317
1350.0 1425.0 r -889.744324
1425.0 1445.0 ssil -240.443588
1445.0 1495.0 ssil -536.751282 VOOR
1495.0 1535.0 v -506.863068
1535.0 1620.0 o -943.812195
1620.0 1635.0 ssil -179.768250
1635.0 1685.0 ssil -586.208862 VEEL
1685.0 1750.0 f -812.019165
1750.0 1820.0 e -720.609436
1820.0 1925.0 l -1216.932007
1925.0 1940.0 ssil -202.550659
1940.0 1955.0 ssil -201.401337 GELD
1955.0 2040.0 x -1058.437012
2040.0 2070.0 ec -329.429565
2070.0 2250.0 l -2083.231689
2250.0 2275.0 ssil -391.427155
2275.0 2290.0 ssil -212.904495 EEN
2290.0 2385.0 @ -1384.077637
2385.0 2455.0 n -972.536987
2455.0 2470.0 ssil -213.989746
2470.0 2485.0 ssil -218.436096 TWEEJARIG
2485.0 2520.0 t -504.764801
2520.0 2570.0 w -591.587280
2570.0 2640.0 ic -735.302002
2640.0 2785.0 j -1633.391235
2785.0 2850.0 ac -827.328674
2850.0 2865.0 r -226.058502
2865.0 2920.0 @ -707.445923
2920.0 2945.0 x -336.217529
2945.0 2960.0 ssil -205.104675
2960.0 2975.0 ssil -211.295425 WEESJE
2975.0 3050.0 w -875.314758
3050.0 3215.0 e -1960.921265
3215.0 3395.0 s -2543.728271
3395.0 3410.0 j -216.817871
3410.0 3460.0 @ -618.384460
3460.0 3715.0 ssil -3071.790771
.
