#!MLF!#
"/net/aistaff/aki/_same-utterance/wav/02/Groningen_and_Drenthe/6556-1463069332-1549251.rec"
0.0 180.0 ssil -2183.032471 HET
180.0 215.0 h -379.934387
215.0 240.0 ec -344.004181
240.0 290.0 t -695.951965
290.0 795.0 ssil -5936.039062
795.0 995.0 ssil -2713.632568 ECHTPAAR
995.0 1115.0 ec -1639.854736
1115.0 1180.0 x -871.880920
1180.0 1235.0 t -801.611328
1235.0 1265.0 p -476.066498
1265.0 1475.0 a -2767.333496
1475.0 1490.0 ssil -205.706680
1490.0 1505.0 ssil -212.726303 ADOPTEERT
1505.0 1575.0 ac -997.647339
1575.0 1625.0 d -745.946716
1625.0 1680.0 oc -806.872864
1680.0 1715.0 p -451.670227
1715.0 1775.0 t -950.539795
1775.0 1830.0 i -729.842651
1830.0 1860.0 r -470.100372
1860.0 1900.0 ssil -589.056824
1900.0 1935.0 ssil -421.528900 VOOR
1935.0 1975.0 v -533.742126
1975.0 2010.0 o -485.824585
2010.0 2075.0 ssil -846.612000
2075.0 2105.0 ssil -376.311676 VEEL
2105.0 2130.0 v -381.038147
2130.0 2165.0 e -461.802887
2165.0 2235.0 l -902.317932
2235.0 2250.0 ssil -239.168411
2250.0 2265.0 ssil -231.663773 GELD
2265.0 2330.0 x -924.686584
2330.0 2360.0 ec -417.088165
2360.0 2470.0 l -1393.906982
2470.0 2535.0 ssil -902.523254
2535.0 2550.0 ssil -192.995621 EEN
2550.0 2640.0 @ -1168.490723
2640.0 2660.0 n -280.750641
2660.0 2700.0 ssil -547.899963
2700.0 2725.0 ssil -376.563995 TWEEJARIG
2725.0 2760.0 t -475.676727
2760.0 2825.0 w -818.502747
2825.0 2910.0 e -1062.592285
2910.0 2960.0 j -724.960876
2960.0 3115.0 a -1918.304810
3115.0 3175.0 r -782.284485
3175.0 3190.0 @ -214.956161
3190.0 3205.0 x -203.947052
3205.0 3225.0 ssil -245.549042
3225.0 3245.0 ssil -262.398560 WEESJE
3245.0 3305.0 w -737.034607
3305.0 3420.0 ic -1556.518433
3420.0 3540.0 s -1565.345093
3540.0 3600.0 j -802.305359
3600.0 3970.0 @ -4336.081543
3970.0 4225.0 ssil -3101.665039
.
