#!MLF!#
"/net/aistaff/aki/_same-utterance/wav/02/Groningen_and_Drenthe/7281-1454611025-1333453.rec"
0.0 175.0 ssil -2074.747559 HET
175.0 300.0 h -1677.005371
300.0 365.0 ec -793.005554
365.0 430.0 t -868.751160
430.0 450.0 ssil -286.718872
450.0 515.0 ssil -984.950928 ECHTPAAR
515.0 610.0 ec -1385.341797
610.0 675.0 x -869.489319
675.0 695.0 t -258.234894
695.0 850.0 p -1933.551025
850.0 1070.0 a -2221.566895
1070.0 1085.0 ssil -233.377472
1085.0 1105.0 ssil -296.439270 ADOPTEERT
1105.0 1235.0 ac -1670.470703
1235.0 1275.0 d -535.848206
1275.0 1325.0 oc -610.397217
1325.0 1340.0 p -216.103561
1340.0 1505.0 t -2366.063477
1505.0 1655.0 i -1829.283447
1655.0 1700.0 r -581.450989
1700.0 1755.0 ssil -744.204285
1755.0 1830.0 ssil -818.259338 VOOR
1830.0 1880.0 v -588.475037
1880.0 1910.0 o -331.619232
1910.0 1940.0 r -352.097076
1940.0 1960.0 ssil -238.890732
1960.0 2045.0 ssil -1033.613892 VEEL
2045.0 2085.0 v -558.691284
2085.0 2185.0 e -1101.514526
2185.0 2245.0 l -743.983826
2245.0 2260.0 ssil -190.548553
2260.0 2300.0 ssil -523.695801 GELD
2300.0 2440.0 x -1789.742065
2440.0 2535.0 ec -933.859131
2535.0 2645.0 l -1246.669678
2645.0 2725.0 t -1100.256348
2725.0 2750.0 ssil -339.851990
2750.0 2770.0 ssil -262.097778 EEN
2770.0 2810.0 @ -450.786621
2810.0 2865.0 n -713.591492
2865.0 2895.0 ssil -412.617767
2895.0 2910.0 ssil -218.997910 TWEEJARIG
2910.0 3000.0 t -1220.199951
3000.0 3065.0 w -765.699585
3065.0 3240.0 e -1730.257446
3240.0 3325.0 j -872.000488
3325.0 3455.0 a -1334.235962
3455.0 3475.0 r -283.302887
3475.0 3530.0 @ -662.678589
3530.0 3550.0 x -274.312347
3550.0 3565.0 ssil -182.120926
3565.0 3600.0 ssil -408.728363 WEESJE
3600.0 3705.0 w -1066.382690
3705.0 3870.0 e -1778.543701
3870.0 4030.0 s -2087.189941
4030.0 4090.0 j -684.003967
4090.0 4110.0 @ -260.358215
4110.0 4480.0 ssil -4759.837891
.
