#!MLF!#
"/net/aistaff/aki/_same-utterance/wav/02/Groningen_and_Drenthe/7470-1455008682-1399298.rec"
0.0 90.0 ssil -906.446411 HET
90.0 105.0 h -171.704208
105.0 120.0 ec -216.743347
120.0 150.0 t -505.907074
150.0 685.0 ssil -6557.601562
685.0 815.0 ssil -2029.944458 ECHTPAAR
815.0 925.0 ec -1331.401489
925.0 1005.0 x -1115.114258
1005.0 1075.0 t -979.021362
1075.0 1155.0 p -1075.777100
1155.0 1325.0 a -1726.860107
1325.0 1415.0 r -1236.792725
1415.0 1435.0 ssil -335.400208
1435.0 1465.0 ssil -493.233673 ADOPTEERT
1465.0 1550.0 ac -1122.884033
1550.0 1580.0 d -482.097198
1580.0 1655.0 oc -1041.644775
1655.0 1725.0 p -948.586365
1725.0 1775.0 t -719.299561
1775.0 1880.0 i -1250.827881
1880.0 1920.0 r -575.094299
1920.0 1935.0 ssil -214.825302
1935.0 1955.0 ssil -284.817810 VOOR
1955.0 2060.0 f -1336.421631
2060.0 2075.0 o -230.016586
2075.0 2135.0 r -771.488708
2135.0 2150.0 ssil -197.219330
2150.0 2165.0 ssil -195.697189 VEEL
2165.0 2270.0 f -1352.720703
2270.0 2375.0 e -1194.841919
2375.0 2460.0 l -1038.541504
2460.0 2475.0 ssil -249.082016
2475.0 2490.0 ssil -234.709442 GELD
2490.0 2590.0 x -1358.163452
2590.0 2660.0 ec -755.511169
2660.0 2785.0 l -1659.129517
2785.0 2855.0 t -1108.877319
2855.0 2870.0 ssil -209.231003
2870.0 2885.0 ssil -206.979507 EEN
2885.0 2960.0 n -990.333069
2960.0 2975.0 ssil -213.039383
2975.0 2990.0 ssil -209.245087 TWEEJARIG
2990.0 3100.0 t -1541.637939
3100.0 3120.0 w -261.549347
3120.0 3255.0 e -1291.512695
3255.0 3355.0 j -1082.992065
3355.0 3455.0 a -1140.100464
3455.0 3495.0 r -555.855652
3495.0 3540.0 @ -626.567810
3540.0 3595.0 x -776.287659
3595.0 3635.0 ssil -510.782440
3635.0 3665.0 ssil -420.701294 WEESJE
3665.0 3705.0 w -558.547424
3705.0 3875.0 e -1715.655640
3875.0 4035.0 s -1880.915894
4035.0 4120.0 j -1043.058960
4120.0 4150.0 @ -365.592285
4150.0 4760.0 ssil -6936.767578
.
