#!MLF!#
"/net/aistaff/aki/_same-utterance/wav/02/Groningen_and_Drenthe/7772-1455992403-1487117.rec"
0.0 65.0 ssil -599.580872 HET
65.0 80.0 h -164.135666
80.0 95.0 ec -233.834763
95.0 125.0 t -456.906586
125.0 250.0 ssil -1631.351562
250.0 870.0 ssil -7868.895020 ECHTPAAR
870.0 915.0 ec -619.393005
915.0 965.0 x -710.160156
965.0 1025.0 t -743.042725
1025.0 1120.0 p -1142.257446
1120.0 1230.0 ac -1209.698975
1230.0 1370.0 r -1802.404541
1370.0 1395.0 ssil -288.569519
1395.0 1415.0 ssil -298.870575 ADOPTEERT
1415.0 1530.0 ac -1443.438599
1530.0 1555.0 d -384.227478
1555.0 1590.0 oc -444.795288
1590.0 1700.0 p -1440.138916
1700.0 1740.0 t -573.620789
1740.0 1840.0 i -1233.517822
1840.0 1875.0 r -461.511505
1875.0 1890.0 ssil -234.481094
1890.0 1905.0 ssil -211.662018 VOOR
1905.0 2030.0 f -1524.850586
2030.0 2150.0 o -1257.667114
2150.0 2165.0 ssil -183.552948
2165.0 2180.0 ssil -177.070663 VEEL
2180.0 2285.0 f -1255.515259
2285.0 2335.0 e -665.453918
2335.0 2420.0 l -1172.123169
2420.0 2435.0 ssil -223.948318
2435.0 2450.0 ssil -210.986237 GELD
2450.0 2570.0 x -1553.151245
2570.0 2590.0 ec -227.730286
2590.0 2725.0 l -1443.373047
2725.0 2805.0 t -1093.925171
2805.0 2825.0 ssil -282.066895
2825.0 2865.0 ssil -523.835876 EEN
2865.0 2895.0 @ -411.830750
2895.0 3020.0 n -1334.191650
3020.0 3035.0 ssil -167.344727
3035.0 3075.0 ssil -431.373749 TWEEJARIG
3075.0 3195.0 t -1575.910522
3195.0 3235.0 w -457.548401
3235.0 3320.0 ic -1024.915527
3320.0 3395.0 j -980.000183
3395.0 3415.0 ac -247.463928
3415.0 3510.0 r -1128.890869
3510.0 3575.0 @ -814.895447
3575.0 3625.0 x -669.289917
3625.0 3650.0 ssil -326.728058
3650.0 3670.0 ssil -265.885559 WEESJE
3670.0 3725.0 w -657.274048
3725.0 3845.0 e -1324.556763
3845.0 3985.0 s -1822.976685
3985.0 4065.0 j -1047.935791
4065.0 4095.0 @ -425.860840
4095.0 4505.0 ssil -4844.742676
.
