#!MLF!#
"/net/aistaff/aki/_same-utterance/wav/02/Groningen_and_Drenthe/778-1455565035-1459438.rec"
0.0 290.0 ssil -2288.722168 HET
290.0 305.0 h -148.501755
305.0 320.0 ec -207.497940
320.0 335.0 t -202.919876
335.0 745.0 ssil -4897.727539
745.0 920.0 ssil -2436.504395 ECHTPAAR
920.0 1040.0 ec -1599.494873
1040.0 1080.0 x -680.645264
1080.0 1105.0 t -336.251923
1105.0 1200.0 p -1259.031372
1200.0 1380.0 a -1763.481079
1380.0 1395.0 ssil -228.872726
1395.0 1410.0 ssil -243.685150 ADOPTEERT
1410.0 1530.0 ac -1420.371216
1530.0 1565.0 d -516.826965
1565.0 1695.0 oc -1656.477417
1695.0 1715.0 p -325.139526
1715.0 1780.0 t -889.409851
1780.0 1890.0 i -1102.061768
1890.0 1940.0 r -698.924316
1940.0 1975.0 ssil -499.247162
1975.0 2020.0 ssil -682.953491 VOOR
2020.0 2115.0 f -1211.811035
2115.0 2175.0 o -689.538574
2175.0 2195.0 ssil -255.245071
2195.0 2220.0 ssil -308.710938 VEEL
2220.0 2285.0 f -865.672546
2285.0 2310.0 e -303.343170
2310.0 2415.0 l -1147.633301
2415.0 2430.0 ssil -204.822052
2430.0 2445.0 ssil -225.533386 GELD
2445.0 2535.0 x -1226.550049
2535.0 2580.0 ec -468.110382
2580.0 2705.0 l -1353.635498
2705.0 2805.0 t -1421.875366
2805.0 2830.0 ssil -402.100311
2830.0 2845.0 ssil -230.806595 EEN
2845.0 2885.0 @ -500.565765
2885.0 2915.0 n -364.072815
2915.0 2930.0 ssil -224.619247
2930.0 2945.0 ssil -226.879028 TWEEJARIG
2945.0 3025.0 t -1016.974915
3025.0 3075.0 w -519.956299
3075.0 3170.0 e -958.763184
3170.0 3245.0 j -796.356689
3245.0 3370.0 a -1340.754272
3370.0 3410.0 r -574.935303
3410.0 3425.0 @ -218.208221
3425.0 3480.0 x -757.122803
3480.0 3495.0 ssil -218.607788
3495.0 3510.0 ssil -185.846420 WEESJE
3510.0 3595.0 w -1015.379639
3595.0 3710.0 e -1296.864502
3710.0 3830.0 s -1594.080933
3830.0 3890.0 j -812.282593
3890.0 3905.0 @ -183.905334
3905.0 4205.0 ssil -3542.770020
.
