#!MLF!#
"/net/aistaff/aki/_same-utterance/wav/02/Groningen_and_Drenthe/7834-1456786115-1542500.rec"
0.0 375.0 ssil -4539.265625 HET
375.0 390.0 h -194.913315
390.0 410.0 ec -248.845474
410.0 480.0 t -1004.955444
480.0 510.0 ssil -511.949982
510.0 535.0 ssil -354.835388 ECHTPAAR
535.0 605.0 ec -943.278748
605.0 665.0 x -808.906128
665.0 750.0 t -1304.950928
750.0 815.0 p -1019.561768
815.0 845.0 a -389.923615
845.0 955.0 r -1487.085327
955.0 970.0 ssil -225.884888
970.0 990.0 ssil -321.945190 ADOPTEERT
990.0 1050.0 ac -796.127502
1050.0 1105.0 d -785.129395
1105.0 1155.0 oc -641.185425
1155.0 1210.0 p -716.679321
1210.0 1300.0 t -1302.146118
1300.0 1365.0 i -744.509644
1365.0 1440.0 r -1002.955933
1440.0 1500.0 t -902.041687
1500.0 1515.0 ssil -215.852707
1515.0 1530.0 ssil -201.181702 VOOR
1530.0 1605.0 f -848.394653
1605.0 1665.0 o -765.885742
1665.0 1720.0 ssil -761.760864
1720.0 1750.0 ssil -402.390350 VEEL
1750.0 1810.0 v -806.479431
1810.0 1875.0 e -744.163574
1875.0 1960.0 l -1115.718262
1960.0 1975.0 ssil -241.755615
1975.0 1990.0 ssil -223.739944 GELD
1990.0 2110.0 x -1621.900146
2110.0 2165.0 ec -614.366394
2165.0 2290.0 l -1553.962769
2290.0 2395.0 t -1429.206177
2395.0 2410.0 ssil -213.620499
2410.0 2440.0 ssil -389.886993 EEN
2440.0 2470.0 @ -392.933105
2470.0 2505.0 n -434.436310
2505.0 2520.0 ssil -213.178192
2520.0 2535.0 ssil -229.406296 TWEEJARIG
2535.0 2650.0 t -1783.064819
2650.0 2675.0 w -325.463440
2675.0 2785.0 e -1298.066772
2785.0 2840.0 j -711.041687
2840.0 2925.0 a -1028.727905
2925.0 2965.0 r -614.396667
2965.0 3010.0 @ -581.566711
3010.0 3100.0 x -1291.248779
3100.0 3115.0 ssil -254.735184
3115.0 3140.0 ssil -381.377533 WEESJE
3140.0 3180.0 w -521.918335
3180.0 3315.0 ic -1710.739624
3315.0 3470.0 s -2214.188965
3470.0 3500.0 j -373.815186
3500.0 3555.0 @ -709.120850
3555.0 3575.0 ssil -246.846481
.
