#!MLF!#
"/net/aistaff/aki/_same-utterance/wav/02/Groningen_and_Drenthe/7863-1456486393-1525014.rec"
0.0 15.0 ssil -149.634995 HET
15.0 30.0 h -145.426773
30.0 105.0 ec -690.756470
105.0 125.0 t -301.844055
125.0 600.0 ssil -5484.810059
600.0 615.0 ssil -209.845978 ECHTPAAR
615.0 690.0 @ -1022.255798
690.0 710.0 x -298.725037
710.0 725.0 t -216.402176
725.0 740.0 p -201.555099
740.0 780.0 @ -491.907593
780.0 830.0 r -698.417053
830.0 940.0 ssil -1377.302002
940.0 1040.0 ssil -1284.610474 ADOPTEERT
1040.0 1385.0 ac -4833.001953
1385.0 1410.0 d -363.327881
1410.0 1570.0 oc -2001.261597
1570.0 1585.0 p -223.687088
1585.0 1630.0 t -631.640991
1630.0 1725.0 i -1198.131592
1725.0 1750.0 r -363.123566
1750.0 1780.0 t -449.321259
1780.0 1805.0 ssil -328.278198
1805.0 1830.0 ssil -292.027863 VOOR
1830.0 1890.0 v -794.582031
1890.0 1950.0 o -738.027893
1950.0 1965.0 ssil -186.655579
1965.0 1985.0 ssil -233.933258 VEEL
1985.0 2100.0 f -1417.724121
2100.0 2145.0 e -559.105408
2145.0 2210.0 l -842.807861
2210.0 2225.0 ssil -221.772461
2225.0 2240.0 ssil -209.518326 GELD
2240.0 2340.0 x -1246.349487
2340.0 2380.0 ec -490.322174
2380.0 2530.0 l -1805.771118
2530.0 2580.0 t -698.331909
2580.0 2600.0 ssil -286.678558
2600.0 2615.0 ssil -216.750320 EEN
2615.0 2680.0 @ -895.827332
2680.0 2775.0 n -1337.031494
2775.0 2795.0 ssil -259.127350
2795.0 2810.0 ssil -165.292313 TWEEJARIG
2810.0 2890.0 t -1036.863892
2890.0 2950.0 w -683.037903
2950.0 3050.0 e -1084.708374
3050.0 3140.0 j -949.325378
3140.0 3195.0 a -689.657227
3195.0 3250.0 r -740.923950
3250.0 3285.0 @ -523.592590
3285.0 3355.0 x -910.350525
3355.0 3380.0 ssil -324.232391
3380.0 3395.0 ssil -207.541382 WEESJE
3395.0 3450.0 w -706.526245
3450.0 3560.0 ic -1234.133057
3560.0 3680.0 s -1553.437378
3680.0 3750.0 j -892.780762
3750.0 3785.0 @ -435.776031
3785.0 4480.0 ssil -7732.025391
.
