#!MLF!#
"/net/aistaff/aki/_same-utterance/wav/02/Groningen_and_Drenthe/8937-1458987052-1710420.rec"
0.0 810.0 ssil -9854.910156 HET
810.0 890.0 h -1043.302612
890.0 940.0 ec -525.549561
940.0 1005.0 t -924.334473
1005.0 1030.0 ssil -305.300446
1030.0 1045.0 ssil -203.234390 ECHTPAAR
1045.0 1150.0 ec -1320.359375
1150.0 1165.0 x -239.924088
1165.0 1230.0 t -915.755249
1230.0 1355.0 p -1662.067871
1355.0 1555.0 a -1896.005615
1555.0 1570.0 ssil -228.537048
1570.0 1585.0 ssil -245.904251 ADOPTEERT
1585.0 1600.0 ac -265.397552
1600.0 1615.0 d -209.960724
1615.0 1845.0 oc -2787.992188
1845.0 1940.0 p -1119.137573
1940.0 2040.0 t -1489.289917
2040.0 2135.0 i -1209.430664
2135.0 2185.0 r -623.061340
2185.0 2235.0 ssil -715.954041
2235.0 2310.0 ssil -920.728149 VOOR
2310.0 2380.0 v -876.687195
2380.0 2410.0 o -379.890900
2410.0 2430.0 ssil -255.190399
2430.0 2540.0 ssil -1298.878296 VEEL
2540.0 2565.0 v -384.283234
2565.0 2650.0 e -1003.944885
2650.0 2705.0 l -606.729919
2705.0 2725.0 ssil -252.324860
2725.0 2745.0 ssil -276.907990 GELD
2745.0 2850.0 x -1426.298340
2850.0 2890.0 ec -394.289093
2890.0 3010.0 l -1281.732178
3010.0 3060.0 ssil -594.884155
3060.0 3250.0 ssil -2446.688965 EEN
3250.0 3310.0 n -742.104492
3310.0 3395.0 ssil -1162.808594
3395.0 3455.0 ssil -736.580078 TWEEJARIG
3455.0 3470.0 t -210.262833
3470.0 3500.0 w -362.632996
3500.0 3605.0 e -1112.909912
3605.0 3725.0 j -1264.743896
3725.0 3880.0 a -1603.307617
3880.0 3895.0 r -195.860703
3895.0 3940.0 @ -569.585571
3940.0 3970.0 x -384.020081
3970.0 3985.0 ssil -195.077377
3985.0 4000.0 ssil -215.906067 WEESJE
4000.0 4130.0 w -1440.608887
4130.0 4300.0 e -1863.124023
4300.0 4400.0 s -1297.608887
4400.0 4445.0 j -629.633972
4445.0 4485.0 @ -473.636993
4485.0 5040.0 ssil -6678.404297
.
