#!MLF!#
"/net/aistaff/aki/_same-utterance/wav/02/Groningen_and_Drenthe/9789-1464934664-2216176.rec"
0.0 230.0 ssil -2601.009033 HET
230.0 245.0 h -183.041611
245.0 260.0 ec -197.937424
260.0 305.0 t -683.707886
305.0 515.0 ssil -2714.094727
515.0 800.0 ssil -4305.289062 ECHTPAAR
800.0 870.0 ec -964.242188
870.0 945.0 x -1008.830627
945.0 975.0 t -439.209137
975.0 1065.0 p -1176.167969
1065.0 1250.0 a -2316.888428
1250.0 1265.0 ssil -219.393417
1265.0 1280.0 ssil -224.817703 ADOPTEERT
1280.0 1470.0 ac -2448.894043
1470.0 1485.0 d -213.396027
1485.0 1515.0 oc -423.389008
1515.0 1530.0 p -254.307281
1530.0 1560.0 t -429.633179
1560.0 1675.0 i -1459.932739
1675.0 1690.0 r -233.757919
1690.0 1735.0 t -649.823975
1735.0 1750.0 ssil -193.965256
1750.0 1765.0 ssil -199.712845 VOOR
1765.0 1820.0 v -695.362854
1820.0 1865.0 o -598.430542
1865.0 1900.0 ssil -425.739899
1900.0 1915.0 ssil -186.264832 VEEL
1915.0 1960.0 v -606.688232
1960.0 2000.0 e -501.531128
2000.0 2070.0 l -834.790344
2070.0 2085.0 ssil -210.669250
2085.0 2100.0 ssil -206.307617 GELD
2100.0 2185.0 x -1127.884399
2185.0 2285.0 ec -1214.332153
2285.0 2355.0 l -866.632507
2355.0 2370.0 ssil -234.784607
2370.0 2390.0 ssil -307.964233 EEN
2390.0 2460.0 @ -923.718079
2460.0 2495.0 n -466.405975
2495.0 2510.0 ssil -206.994019
2510.0 2530.0 ssil -269.168030 TWEEJARIG
2530.0 2605.0 t -1028.787109
2605.0 2625.0 w -280.604218
2625.0 2690.0 e -718.065735
2690.0 2830.0 j -1659.712280
2830.0 2955.0 a -1599.414673
2955.0 2970.0 r -203.715134
2970.0 3010.0 @ -556.062256
3010.0 3075.0 x -822.166626
3075.0 3090.0 ssil -198.463959
3090.0 3105.0 ssil -184.334106 WEESJE
3105.0 3150.0 w -594.314270
3150.0 3310.0 e -1905.900757
3310.0 3325.0 s -228.522018
3325.0 3520.0 j -2416.671631
3520.0 3670.0 @ -1861.809204
3670.0 4180.0 ssil -6050.972168
.
