#!MLF!#
"/net/aistaff/aki/_same-utterance/wav/02/Groningen_and_Drenthe/9935-1464108561-1855914.rec"
0.0 355.0 ssil -3499.166016 HET
355.0 395.0 h -537.160950
395.0 455.0 ec -776.192871
455.0 500.0 t -609.760620
500.0 550.0 ssil -716.671997
550.0 565.0 ssil -247.977539 ECHTPAAR
565.0 700.0 ec -1758.975464
700.0 815.0 x -1496.826172
815.0 830.0 t -216.200546
830.0 890.0 p -842.388733
890.0 1020.0 ac -1400.530151
1020.0 1110.0 r -1259.550293
1110.0 1130.0 ssil -311.965271
1130.0 1145.0 ssil -219.726303 ADOPTEERT
1145.0 1335.0 ac -2335.733643
1335.0 1355.0 d -257.042236
1355.0 1390.0 oc -443.147827
1390.0 1420.0 p -442.488251
1420.0 1495.0 t -1141.163208
1495.0 1585.0 i -1108.576416
1585.0 1660.0 r -1068.635254
1660.0 1690.0 ssil -369.167816
1690.0 1730.0 ssil -555.471741 VOOR
1730.0 1775.0 f -644.774475
1775.0 1845.0 o -857.780579
1845.0 1860.0 ssil -193.858643
1860.0 1885.0 ssil -281.907318 VEEL
1885.0 1965.0 v -984.905029
1965.0 1985.0 e -253.870056
1985.0 2130.0 l -1831.446045
2130.0 2160.0 ssil -372.121735
2160.0 2180.0 ssil -226.151581 GELD
2180.0 2230.0 x -697.379822
2230.0 2300.0 ec -898.338379
2300.0 2410.0 l -1408.768555
2410.0 2430.0 ssil -318.918976
2430.0 2445.0 ssil -240.387314 EEN
2445.0 2470.0 @ -334.478943
2470.0 2555.0 n -1020.472595
2555.0 2575.0 ssil -237.579193
2575.0 2595.0 ssil -268.323944 TWEEJARIG
2595.0 2660.0 t -912.205688
2660.0 2710.0 w -654.623474
2710.0 2765.0 ic -619.441345
2765.0 2930.0 j -1984.524292
2930.0 3015.0 ac -967.557434
3015.0 3065.0 r -642.977539
3065.0 3105.0 @ -520.081055
3105.0 3120.0 x -218.847260
3120.0 3140.0 ssil -295.403320
3140.0 3165.0 ssil -333.361725 WEESJE
3165.0 3255.0 w -1017.761658
3255.0 3405.0 e -1842.095947
3405.0 3530.0 s -1701.383789
3530.0 3595.0 j -775.028198
3595.0 3640.0 @ -509.440125
3640.0 4575.0 ssil -10873.377930
.
