#!MLF!#
"/net/aistaff/aki/_same-utterance/wav/01/Oost_Overijsel-Gelderland/10167-1464126204-1892602.rec"
0.0 325.0 ssil -2602.691895 DE
325.0 340.0 d -192.617996
340.0 550.0 ssil -2788.734863
550.0 1230.0 ssil -8204.150391 SPREI
1230.0 1420.0 z -2609.611084
1420.0 1460.0 p -646.436951
1460.0 1550.0 r -1121.399292
1550.0 1700.0 ei -1968.413452
1700.0 1720.0 ssil -296.229218
1720.0 1735.0 ssil -214.575500 DIE
1735.0 1755.0 d -286.573883
1755.0 1780.0 i -354.495117
1780.0 1795.0 ssil -210.136154
1795.0 1810.0 ssil -223.609619 JIJ
1810.0 1975.0 j -1908.838989
1975.0 2070.0 ei -1069.395142
2070.0 2145.0 ssil -882.059692
2145.0 2170.0 ssil -295.760132 BRACHT
2170.0 2210.0 b -546.672729
2210.0 2245.0 r -494.808105
2245.0 2425.0 ac -2267.352051
2425.0 2480.0 x -751.531311
2480.0 2535.0 ssil -756.496338
2535.0 2575.0 ssil -540.889282 HEEFT
2575.0 2635.0 h -772.842407
2635.0 2730.0 e -1116.824463
2730.0 2745.0 f -242.610977
2745.0 2760.0 ssil -234.813950
2760.0 2775.0 ssil -238.922089 SUZAN
2775.0 2860.0 z -1164.307739
2860.0 2930.0 y -863.635315
2930.0 3060.0 s -1899.202148
3060.0 3160.0 ac -1048.522461
3160.0 3210.0 n -587.641296
3210.0 3225.0 ssil -203.493973
3225.0 3240.0 ssil -207.637344 ALTIJD
3240.0 3255.0 ac -193.181793
3255.0 3355.0 l -1074.254639
3355.0 3370.0 t -231.178574
3370.0 3385.0 ei -210.297455
3385.0 3400.0 t -222.306824
3400.0 3415.0 ssil -221.888626
3415.0 3430.0 ssil -218.222992 AL
3430.0 3560.0 ac -1599.254272
3560.0 3710.0 l -1832.524658
3710.0 3725.0 ssil -213.906555
3725.0 3740.0 ssil -214.383804 GEWILD
3740.0 3815.0 gc -974.985352
3815.0 3925.0 w -1150.954590
3925.0 3940.0 ic -188.083145
3940.0 4065.0 l -1534.684082
4065.0 4170.0 t -1487.537476
4170.0 4830.0 ssil -7781.608887
4830.0 4870.0 ssil -505.400055 OMDAT
4870.0 4910.0 oc -505.722687
4910.0 4975.0 m -786.272705
4975.0 5005.0 d -451.143585
5005.0 5060.0 ac -687.426331
5060.0 5075.0 t -231.186386
5075.0 5090.0 ssil -204.418488
5090.0 5105.0 ssil -224.155258 DIE
5105.0 5130.0 d -349.252838
5130.0 5190.0 i -687.343689
5190.0 5205.0 ssil -218.989914
5205.0 5220.0 ssil -255.253128 ZO
5220.0 5300.0 s -1121.158936
5300.0 5355.0 o -611.497009
5355.0 5370.0 ssil -198.767456
5370.0 5385.0 ssil -206.663910 LEUK
5385.0 5425.0 l -475.768188
5425.0 5565.0 eu -1594.060303
5565.0 5600.0 k -502.610992
5600.0 5615.0 ssil -243.288620
5615.0 5630.0 ssil -263.722687 STAAT
5630.0 5645.0 s -241.974045
5645.0 5710.0 t -843.221863
5710.0 5845.0 a -1491.739746
5845.0 5880.0 t -443.579346
5880.0 5930.0 ssil -535.297913
5930.0 6045.0 ssil -1356.958008 BIJ
6045.0 6090.0 b -645.113892
6090.0 6260.0 ei -2056.119385
6260.0 6275.0 ssil -227.830582
6275.0 6295.0 ssil -260.992828 HET
6295.0 6310.0 h -218.395340
6310.0 6325.0 ec -242.558624
6325.0 6340.0 t -254.178680
6340.0 6355.0 ssil -199.967789
6355.0 6370.0 ssil -186.544373 GELE
6370.0 6440.0 gc -983.285095
6440.0 6565.0 ic -1399.536865
6565.0 6655.0 l -1040.387817
6655.0 6670.0 @ -210.548645
6670.0 6685.0 ssil -201.287308
6685.0 6700.0 ssil -178.649963 LAKEN
6700.0 6760.0 l -677.829651
6760.0 6985.0 a -2516.738037
6985.0 7025.0 k -562.020386
7025.0 7065.0 @ -524.333557
7065.0 7100.0 n -404.371704
7100.0 7940.0 ssil -9919.210938
.
