#!MLF!#
"/net/aistaff/aki/_same-utterance/wav/01/Oost_Overijsel-Gelderland/10609-1464158785-1897941.rec"
0.0 115.0 ssil -1242.975098 DE
115.0 150.0 d -542.239380
150.0 520.0 ssil -4791.993652
520.0 580.0 ssil -853.922546 SPREI
580.0 720.0 s -1919.763184
720.0 760.0 p -676.277344
760.0 805.0 r -551.217590
805.0 975.0 ei -2015.651123
975.0 990.0 ssil -229.326782
990.0 1005.0 ssil -232.493912 DIE
1005.0 1020.0 d -221.556122
1020.0 1125.0 i -1107.661011
1125.0 1140.0 ssil -203.858551
1140.0 1155.0 ssil -194.511719 JIJ
1155.0 1170.0 j -169.558960
1170.0 1225.0 ei -631.461548
1225.0 1270.0 ssil -557.505188
1270.0 1285.0 ssil -194.192535 BRACHT
1285.0 1310.0 b -335.500702
1310.0 1345.0 r -490.210297
1345.0 1445.0 ac -1241.115112
1445.0 1525.0 x -1012.865112
1525.0 1670.0 t -1733.655884
1670.0 1690.0 ssil -227.951492
1690.0 1930.0 ssil -2926.026855 HEEFT
1930.0 1950.0 h -250.013229
1950.0 2045.0 e -1062.034790
2045.0 2065.0 f -295.398590
2065.0 2080.0 ssil -201.965668
2080.0 2095.0 ssil -188.635788 SUZAN
2095.0 2175.0 s -966.385620
2175.0 2240.0 y -846.892090
2240.0 2300.0 s -797.476501
2300.0 2395.0 ac -1004.139587
2395.0 2450.0 n -658.241272
2450.0 2475.0 ssil -349.485565
2475.0 2495.0 ssil -319.005066 ALTIJD
2495.0 2530.0 ac -551.942932
2530.0 2665.0 l -1913.061890
2665.0 2680.0 t -232.435776
2680.0 2695.0 ei -227.392563
2695.0 2740.0 t -631.127258
2740.0 2770.0 ssil -389.924042
2770.0 2785.0 ssil -195.000198 AL
2785.0 2920.0 l -1572.023682
2920.0 2935.0 ssil -222.733887
2935.0 2950.0 ssil -206.265518 GEWILD
2950.0 3030.0 gc -1036.334839
3030.0 3145.0 w -1357.014282
3145.0 3170.0 ic -256.709076
3170.0 3295.0 l -1474.125732
3295.0 3390.0 t -1222.879883
3390.0 3405.0 ssil -183.365143
3405.0 4010.0 ssil -7286.596191 OMDAT
4010.0 4080.0 m -836.627747
4080.0 4095.0 d -214.649124
4095.0 4180.0 ac -1010.183105
4180.0 4195.0 t -221.813995
4195.0 4210.0 ssil -228.829147
4210.0 4225.0 ssil -211.659317 DIE
4225.0 4240.0 d -198.912415
4240.0 4255.0 i -193.757050
4255.0 4270.0 ssil -208.432678
4270.0 4285.0 ssil -190.854416 ZO
4285.0 4365.0 z -976.059021
4365.0 4405.0 o -468.667206
4405.0 4420.0 ssil -220.732056
4420.0 4435.0 ssil -186.548416 LEUK
4435.0 4500.0 l -799.370361
4500.0 4600.0 eu -1089.780029
4600.0 4615.0 k -227.342331
4615.0 4635.0 ssil -272.414459
4635.0 4660.0 ssil -342.323914 STAAT
4660.0 4740.0 s -1055.773804
4740.0 4775.0 t -488.524872
4775.0 4920.0 a -1683.128662
4920.0 4935.0 t -215.921600
4935.0 4965.0 ssil -344.066315
4965.0 4995.0 ssil -345.452911 BIJ
4995.0 5025.0 b -394.133575
5025.0 5120.0 ei -1071.441650
5120.0 5135.0 ssil -199.806107
5135.0 5150.0 ssil -206.405380 HET
5150.0 5165.0 h -219.904358
5165.0 5185.0 ec -321.421265
5185.0 5210.0 t -390.262360
5210.0 5230.0 ssil -306.057739
5230.0 5270.0 ssil -492.106567 GELE
5270.0 5325.0 gc -767.682800
5325.0 5405.0 ic -947.387085
5405.0 5455.0 l -666.671387
5455.0 5475.0 @ -217.387085
5475.0 5490.0 ssil -173.031555
5490.0 5505.0 ssil -177.543274 LAKEN
5505.0 5580.0 l -919.255676
5580.0 5755.0 a -2202.114502
5755.0 5790.0 k -524.894958
5790.0 5825.0 @ -415.607788
5825.0 5910.0 n -1008.421204
5910.0 6130.0 ssil -2892.358643
.
