#!MLF!#
"/net/aistaff/aki/_same-utterance/wav/01/Oost_Overijsel-Gelderland/11194-1464199187-1897995.rec"
0.0 310.0 ssil -2809.322754 DE
310.0 325.0 d -210.849899
325.0 375.0 ssil -742.773926
375.0 810.0 ssil -5562.291992 SPREI
810.0 980.0 z -2217.149902
980.0 1015.0 p -540.432251
1015.0 1060.0 r -596.061768
1060.0 1275.0 ei -2513.406982
1275.0 1305.0 ssil -420.880066
1305.0 1320.0 ssil -221.021179 DIE
1320.0 1345.0 d -431.356720
1345.0 1435.0 i -945.023560
1435.0 1450.0 ssil -197.414734
1450.0 1465.0 ssil -209.066223 JIJ
1465.0 1520.0 j -574.305237
1520.0 1630.0 ei -1198.203857
1630.0 1660.0 ssil -355.218445
1660.0 1675.0 ssil -215.218979 BRACHT
1675.0 1700.0 b -390.611877
1700.0 1765.0 r -884.413391
1765.0 1890.0 ac -1526.582153
1890.0 2035.0 x -1988.093262
2035.0 2085.0 t -672.632141
2085.0 2100.0 ssil -207.148239
2100.0 2145.0 ssil -575.571045 HEEFT
2145.0 2205.0 h -832.088928
2205.0 2320.0 e -1204.970337
2320.0 2335.0 f -230.701401
2335.0 2350.0 ssil -221.935104
2350.0 2375.0 ssil -405.018219 SUZAN
2375.0 2505.0 z -1832.075073
2505.0 2585.0 y -1024.664917
2585.0 2660.0 s -1124.352905
2660.0 2805.0 ac -1588.676025
2805.0 2910.0 n -1510.143311
2910.0 2925.0 ssil -237.698914
2925.0 2950.0 ssil -392.581421 ALTIJD
2950.0 3085.0 ac -1546.754395
3085.0 3155.0 l -945.921143
3155.0 3205.0 t -781.486084
3205.0 3245.0 ei -565.891113
3245.0 3260.0 t -247.558548
3260.0 3275.0 ssil -200.952835
3275.0 3315.0 ssil -612.365173 AL
3315.0 3480.0 ac -1821.179199
3480.0 3515.0 l -485.925537
3515.0 3530.0 ssil -250.178894
3530.0 3545.0 ssil -225.933746 GEWILD
3545.0 3625.0 x -1058.346313
3625.0 3665.0 @ -494.489685
3665.0 3725.0 w -736.714661
3725.0 3810.0 ic -1025.526245
3810.0 3935.0 l -1486.070557
3935.0 4055.0 t -1751.030640
4055.0 4390.0 ssil -4406.404297
4390.0 4445.0 ssil -688.900513 OMDAT
4445.0 4560.0 oc -1548.607422
4560.0 4615.0 m -750.556152
4615.0 4680.0 d -952.987976
4680.0 4735.0 ac -633.077026
4735.0 4750.0 t -215.988266
4750.0 4770.0 ssil -283.415375
4770.0 4785.0 ssil -228.040878 DIE
4785.0 4810.0 d -354.390320
4810.0 4880.0 i -907.119080
4880.0 4895.0 ssil -232.999374
4895.0 4910.0 ssil -237.435104 ZO
4910.0 5005.0 z -1254.701172
5005.0 5070.0 o -716.954407
5070.0 5085.0 ssil -206.032272
5085.0 5100.0 ssil -199.677597 LEUK
5100.0 5165.0 l -800.006165
5165.0 5310.0 eu -1639.687378
5310.0 5325.0 k -241.683823
5325.0 5340.0 ssil -239.770828
5340.0 5355.0 ssil -230.064621 STAAT
5355.0 5495.0 s -1777.672852
5495.0 5530.0 t -499.859070
5530.0 5735.0 a -2072.313721
5735.0 5765.0 t -436.354858
5765.0 5780.0 ssil -211.428650
5780.0 5825.0 ssil -618.649475 BIJ
5825.0 5850.0 b -372.251465
5850.0 6010.0 ei -1673.950684
6010.0 6025.0 ssil -224.553375
6025.0 6040.0 ssil -192.085159 HET
6040.0 6055.0 h -201.629837
6055.0 6070.0 ec -233.928284
6070.0 6125.0 t -717.871582
6125.0 6140.0 ssil -224.275879
6140.0 6155.0 ssil -207.018051 GELE
6155.0 6235.0 x -1048.300659
6235.0 6380.0 e -1521.336548
6380.0 6435.0 l -725.065186
6435.0 6450.0 @ -178.045624
6450.0 6465.0 ssil -198.108139
6465.0 6480.0 ssil -217.104660 LAKEN
6480.0 6565.0 l -1068.038208
6565.0 6835.0 a -2987.497803
6835.0 6905.0 k -1011.984619
6905.0 6950.0 @ -546.378906
6950.0 7065.0 n -1339.256348
7065.0 7200.0 ssil -1690.495117
.
