#!MLF!#
"/net/aistaff/aki/_same-utterance/wav/01/Oost_Overijsel-Gelderland/11940-1464166365-1902318.rec"
0.0 15.0 ssil -186.177536 DE
15.0 355.0 d -4081.485840
355.0 530.0 ssil -2162.443115
530.0 555.0 ssil -341.147552 SPREI
555.0 655.0 z -1206.897827
655.0 740.0 p -1205.946655
740.0 795.0 r -762.707336
795.0 975.0 ei -2368.220703
975.0 990.0 ssil -229.919510
990.0 1005.0 ssil -226.509384 DIE
1005.0 1020.0 d -230.757874
1020.0 1100.0 i -850.529541
1100.0 1115.0 ssil -221.215973
1115.0 1130.0 ssil -212.939880 JIJ
1130.0 1160.0 j -326.589783
1160.0 1225.0 ei -770.420410
1225.0 1240.0 ssil -196.264893
1240.0 1260.0 ssil -274.625854 BRACHT
1260.0 1300.0 b -642.800537
1300.0 1385.0 r -1231.598389
1385.0 1530.0 ac -1832.221191
1530.0 1635.0 x -1379.648560
1635.0 1660.0 t -302.845886
1660.0 1730.0 ssil -960.366760
1730.0 1745.0 ssil -236.630753 HEEFT
1745.0 1765.0 h -272.116699
1765.0 1870.0 e -1344.794067
1870.0 1885.0 f -245.285370
1885.0 1900.0 ssil -218.352402
1900.0 1915.0 ssil -219.474564 SUZAN
1915.0 1955.0 s -567.562622
1955.0 1970.0 @ -200.117905
1970.0 1985.0 n -190.106125
1985.0 2060.0 ssil -1015.318176
2060.0 2110.0 ssil -754.611084 ALTIJD
2110.0 2325.0 ac -2475.094238
2325.0 2375.0 l -686.913696
2375.0 2440.0 t -1016.843872
2440.0 2500.0 ei -703.144165
2500.0 2515.0 t -246.451736
2515.0 2530.0 ssil -211.954865
2530.0 2590.0 ssil -893.980225 AL
2590.0 2675.0 ac -955.105713
2675.0 2690.0 l -233.603714
2690.0 2705.0 ssil -233.765076
2705.0 2720.0 ssil -217.179871 GEWILD
2720.0 2785.0 x -781.586914
2785.0 2855.0 @ -777.777466
2855.0 2880.0 w -273.380096
2880.0 2940.0 ic -559.909546
2940.0 3040.0 l -1158.416626
3040.0 3185.0 t -1966.666138
3185.0 3390.0 ssil -2580.520020
3390.0 3445.0 ssil -666.549561 OMDAT
3445.0 3500.0 oc -724.822876
3500.0 3560.0 m -663.436462
3560.0 3575.0 d -232.795670
3575.0 3630.0 ac -706.566833
3630.0 3645.0 t -254.681961
3645.0 3675.0 ssil -420.161194
3675.0 3705.0 ssil -463.591187 DIE
3705.0 3725.0 d -327.272675
3725.0 3775.0 i -609.899414
3775.0 3790.0 ssil -207.066223
3790.0 3805.0 ssil -223.541809 ZO
3805.0 3880.0 z -974.050354
3880.0 3895.0 o -240.695297
3895.0 3910.0 ssil -196.484909
3910.0 3930.0 ssil -266.517792 LEUK
3930.0 4020.0 l -1136.433594
4020.0 4135.0 eu -1373.738281
4135.0 4175.0 k -570.905823
4175.0 4190.0 ssil -244.297638
4190.0 4220.0 ssil -480.927582 STAAT
4220.0 4245.0 s -352.071228
4245.0 4320.0 t -1150.763062
4320.0 4440.0 a -1529.804321
4440.0 4455.0 t -270.009857
4455.0 4470.0 ssil -262.802368
4470.0 4510.0 ssil -580.714355 BIJ
4510.0 4535.0 b -377.099243
4535.0 4630.0 ei -1006.253967
4630.0 4645.0 ssil -223.967117
4645.0 4660.0 ssil -227.097198 HET
4660.0 4675.0 h -246.491028
4675.0 4690.0 ec -267.710083
4690.0 4720.0 t -444.334747
4720.0 4735.0 ssil -219.685379
4735.0 4750.0 ssil -186.004623 GELE
4750.0 4795.0 gc -593.360657
4795.0 4870.0 ic -950.083862
4870.0 4905.0 l -465.295990
4905.0 4920.0 @ -191.608795
4920.0 4935.0 ssil -201.761307
4935.0 4950.0 ssil -207.879562 LAKEN
4950.0 5050.0 l -1258.279419
5050.0 5260.0 a -2466.972168
5260.0 5315.0 k -820.884644
5315.0 5470.0 @ -1739.801514
5470.0 5665.0 ssil -2598.968994
.
