#!MLF!#
"/net/aistaff/aki/_same-utterance/wav/01/Oost_Overijsel-Gelderland/13285-1464205752-1938369.rec"
0.0 135.0 ssil -1521.911865 DE
135.0 160.0 d -463.376617
160.0 490.0 ssil -4066.170898
490.0 620.0 ssil -1764.338379 SPREI
620.0 790.0 z -2248.488770
790.0 850.0 p -883.764832
850.0 915.0 r -832.542786
915.0 1080.0 ei -1924.886108
1080.0 1095.0 ssil -222.413361
1095.0 1110.0 ssil -221.387878 DIE
1110.0 1135.0 d -370.731964
1135.0 1195.0 i -679.617004
1195.0 1210.0 ssil -208.733795
1210.0 1225.0 ssil -219.951584 JIJ
1225.0 1275.0 j -551.005798
1275.0 1355.0 ei -868.311523
1355.0 1385.0 ssil -442.672852
1385.0 1410.0 ssil -350.948090 BRACHT
1410.0 1450.0 b -536.711548
1450.0 1490.0 r -514.434204
1490.0 1615.0 ac -1589.701172
1615.0 1705.0 x -1130.356812
1705.0 1765.0 t -816.082581
1765.0 1780.0 ssil -181.556732
1780.0 1845.0 ssil -773.644348 HEEFT
1845.0 1930.0 h -1028.592407
1930.0 2050.0 e -1309.447632
2050.0 2130.0 f -985.493103
2130.0 2755.0 ssil -8303.959961
2755.0 2870.0 ssil -1627.263428 SUZAN
2870.0 2970.0 s -1497.546997
2970.0 3065.0 y -1197.074097
3065.0 3120.0 s -775.220947
3120.0 3195.0 ac -1051.206909
3195.0 3245.0 n -686.033813
3245.0 3275.0 ssil -464.167175
3275.0 3295.0 ssil -359.411407 ALTIJD
3295.0 3390.0 ac -1086.408569
3390.0 3435.0 l -605.720642
3435.0 3450.0 t -232.481094
3450.0 3465.0 ei -247.672531
3465.0 3480.0 t -237.165955
3480.0 3560.0 ssil -1259.015381
3560.0 3575.0 ssil -251.851746 AL
3575.0 3680.0 ac -1206.278687
3680.0 3705.0 l -371.446747
3705.0 3720.0 ssil -226.524551
3720.0 3735.0 ssil -213.137268 GEWILD
3735.0 3805.0 x -943.782471
3805.0 3820.0 @ -199.249451
3820.0 3900.0 w -881.073425
3900.0 3925.0 ic -284.559265
3925.0 4070.0 l -1693.992798
4070.0 4195.0 t -1683.918335
4195.0 5260.0001 ssil -12749.483398
5260.0 5575.0 ssil -3809.811035 OMDAT
5575.0 5660.0 oc -1217.868896
5660.0 5745.0 m -1049.958740
5745.0 5770.0 d -398.915527
5770.0 5900.0 ac -1744.455811
5900.0 5950.0 t -635.987671
5950.0 5965.0 ssil -232.093124
5965.0 5980.0 ssil -202.570908 DIE
5980.0 5995.0 d -204.435333
5995.0 6010.0 i -198.659622
6010.0 6025.0 ssil -195.297455
6025.0 6040.0 ssil -198.988846 ZO
6040.0 6090.0 z -592.298584
6090.0 6125.0 o -440.817688
6125.0 6140.0 ssil -229.566589
6140.0 6155.0 ssil -212.112534 LEUK
6155.0 6220.0 l -857.168884
6220.0 6335.0 eu -1383.729614
6335.0 6350.0 k -249.277298
6350.0 6365.0 ssil -217.508682
6365.0 6380.0 ssil -218.883987 STAAT
6380.0 6440.0 s -826.632019
6440.0 6480.0 t -584.568237
6480.0 6630.0 a -2044.963135
6630.0 6645.0 t -276.541595
6645.0 6665.0 ssil -303.976257
6665.0 6685.0 ssil -309.135193 BIJ
6685.0 6725.0 b -591.921692
6725.0 6860.0 ei -1531.515381
6860.0 6880.0 ssil -301.848511
6880.0 6895.0 ssil -231.499680 HET
6895.0 6910.0 h -238.628860
6910.0 6925.0 ec -241.544067
6925.0 6950.0 t -333.652924
6950.0 6965.0 ssil -189.277191
6965.0 6980.0 ssil -210.657639 GELE
6980.0 7010.0 x -398.132294
7010.0 7105.0 e -967.864868
7105.0 7135.0 l -361.743256
7135.0 7200.0 @ -735.504639
7200.0 7215.0 ssil -203.865845
7215.0 7230.0 ssil -206.887924 LAKEN
7230.0 7255.0 l -343.856720
7255.0 7455.0 a -2423.164795
7455.0 7525.0 k -1014.875488
7525.0 7600.0 @ -870.575928
7600.0 7735.0 n -1646.293457
7735.0 8010.0 ssil -3158.805420
.
