#!MLF!#
"/net/aistaff/aki/_same-utterance/wav/01/Oost_Overijsel-Gelderland/13452-1464284308-1975789.rec"
0.0 15.0 ssil -172.437424 DE
15.0 355.0 d -3640.814209
355.0 1105.0 ssil -9034.812500
1105.0 1135.0 ssil -452.240875 SPREI
1135.0 1310.0 z -2271.269775
1310.0 1380.0 p -1032.593018
1380.0 1410.0 r -408.407867
1410.0 1700.0 ei -3645.567383
1700.0 1765.0 ssil -795.527039
1765.0 1810.0 ssil -526.801575 DIE
1810.0 1840.0 d -425.120453
1840.0 1910.0 i -916.246094
1910.0 1925.0 ssil -217.576202
1925.0 1940.0 ssil -198.853012 JIJ
1940.0 2050.0 j -1295.447144
2050.0 2130.0 ei -967.386353
2130.0 2180.0 ssil -633.503784
2180.0 2200.0 ssil -269.996582 BRACHT
2200.0 2240.0 b -577.324585
2240.0 2310.0 r -878.293457
2310.0 2445.0 ac -1633.118164
2445.0 2570.0 x -1596.694458
2570.0 2630.0 t -828.253357
2630.0 2690.0 ssil -680.693970
2690.0 2790.0 ssil -1182.295410 HEEFT
2790.0 2895.0 e -1227.786133
2895.0 2910.0 f -214.440796
2910.0 2950.0 ssil -586.093140
2950.0 3010.0 ssil -873.904724 SUZAN
3010.0 3115.0 z -1392.491211
3115.0 3165.0 yc -657.583191
3165.0 3250.0 s -1178.182251
3250.0 3340.0 ac -1080.826782
3340.0 3430.0 n -1050.645996
3430.0 3450.0 ssil -247.649719
3450.0 3525.0 ssil -1181.570557 ALTIJD
3525.0 3600.0 ac -1099.769043
3600.0 3690.0 l -1137.447754
3690.0 3750.0 t -854.844910
3750.0 3815.0 ei -914.948120
3815.0 3830.0 t -244.644806
3830.0 3845.0 ssil -254.249817
3845.0 3860.0 ssil -233.991867 AL
3860.0 3925.0 ac -795.192200
3925.0 3960.0 l -396.860474
3960.0 3975.0 ssil -191.332291
3975.0 3990.0 ssil -195.647827 GEWILD
3990.0 4110.0 x -1479.433228
4110.0 4155.0 @ -548.965027
4155.0 4200.0 w -511.964691
4200.0 4295.0 ic -1092.518066
4295.0 4400.0 l -1152.425049
4400.0 4430.0 ssil -400.196991
4430.0 4670.0 ssil -3000.283203 OMDAT
4670.0 4710.0 oc -569.628113
4710.0 4800.0 m -1216.950195
4800.0 4825.0 d -389.788239
4825.0 4885.0 ac -683.182068
4885.0 4900.0 t -224.929001
4900.0 4915.0 ssil -194.701080
4915.0 4930.0 ssil -208.699600 DIE
4930.0 4970.0 d -596.413330
4970.0 5055.0 i -1082.677734
5055.0 5070.0 ssil -208.466400
5070.0 5085.0 ssil -214.744858 ZO
5085.0 5155.0 z -1029.038208
5155.0 5180.0 o -313.825958
5180.0 5195.0 ssil -211.937820
5195.0 5210.0 ssil -222.819702 LEUK
5210.0 5340.0 l -1738.130981
5340.0 5455.0 eu -1425.562988
5455.0 5485.0 k -458.118011
5485.0 5500.0 ssil -234.159149
5500.0 5515.0 ssil -213.396133 STAAT
5515.0 5600.0 s -1093.085938
5600.0 5640.0 t -595.105652
5640.0 5835.0 a -2338.582275
5835.0 5850.0 t -201.811859
5850.0 5875.0 ssil -318.451843
5875.0 5995.0 ssil -1445.545654 BIJ
5995.0 6030.0 b -538.811218
6030.0 6235.0 ei -2451.230469
6235.0 6250.0 ssil -198.690796
6250.0 6265.0 ssil -185.588287 HET
6265.0 6280.0 h -169.204605
6280.0 6295.0 ec -211.892151
6295.0 6335.0 t -549.122803
6335.0 6350.0 ssil -208.426010
6350.0 6370.0 ssil -260.191864 GELE
6370.0 6480.0 x -1439.558350
6480.0 6680.0 e -2393.667969
6680.0 6700.0 l -252.996140
6700.0 6765.0 @ -761.132141
6765.0 6780.0 ssil -209.941223
6780.0 6795.0 ssil -193.569611 LAKEN
6795.0 6875.0 l -980.070496
6875.0 7070.0 a -2133.109619
7070.0 7210.0 k -1798.248413
7210.0 7320.0 @ -1297.962891
7320.0 7350.0 n -358.287354
7350.0 7850.0 ssil -5778.553711
.
