#!MLF!#
"/net/aistaff/aki/_same-utterance/wav/01/Oost_Overijsel-Gelderland/13550-1465925969-2315531.rec"
0.0 125.0 ssil -1309.997925 DE
125.0 150.0 d -390.675537
150.0 855.0 ssil -8681.978516
855.0 940.0 ssil -1243.551270 SPREI
940.0 1095.0 s -2057.350342
1095.0 1140.0 p -595.636780
1140.0 1165.0 r -362.405670
1165.0 1495.0 ei -3694.667480
1495.0 1525.0 ssil -476.160767
1525.0 1540.0 ssil -252.433746 DIE
1540.0 1580.0 d -636.414246
1580.0 1680.0 i -1099.146973
1680.0 1695.0 ssil -195.371429
1695.0 1710.0 ssil -197.237869 JIJ
1710.0 1775.0 j -753.716797
1775.0 2010.0 ei -2785.458252
2010.0 2065.0 ssil -984.457947
2065.0 2125.0 ssil -863.683350 BRACHT
2125.0 2145.0 b -318.856445
2145.0 2245.0 r -1422.847534
2245.0 2260.0 ac -218.864990
2260.0 2330.0 x -931.704102
2330.0 2395.0 t -846.890381
2395.0 2410.0 ssil -197.577805
2410.0 2430.0 ssil -292.358246 HEEFT
2430.0 2480.0 h -673.447754
2480.0 2570.0 e -994.823059
2570.0 2585.0 f -213.618546
2585.0 2600.0 ssil -190.149841
2600.0 2615.0 ssil -211.836136 SUZAN
2615.0 2800.0 s -2528.715820
2800.0 2905.0 @ -1441.971069
2905.0 2975.0 s -1046.271362
2975.0 3155.0 ac -2200.491943
3155.0 3175.0 n -282.831726
3175.0 3295.0 ssil -1616.641724
3295.0 3410.0 ssil -1517.953247 ALTIJD
3410.0 3440.0 ac -516.142883
3440.0 3705.0 l -3746.091553
3705.0 3775.0 t -1014.991394
3775.0 4000.0 ei -2551.752686
4000.0 4030.0 t -525.930054
4030.0 4055.0 ssil -373.387573
4055.0 4070.0 ssil -237.005035 AL
4070.0 4130.0 ac -803.279846
4130.0 4205.0 l -1014.335571
4205.0 4220.0 ssil -213.851761
4220.0 4235.0 ssil -216.810593 GEWILD
4235.0 4335.0 x -1375.629150
4335.0 4460.0 w -1331.191772
4460.0 4515.0 ic -603.695312
4515.0 4705.0 l -2307.504395
4705.0 4825.0 t -1666.791748
4825.0 4905.0 ssil -992.717163
4905.0 5020.0 ssil -1571.054321 OMDAT
5020.0 5105.0 oc -1008.834045
5105.0 5180.0 m -1043.265259
5180.0 5200.0 d -295.406586
5200.0 5270.0 ac -1044.286255
5270.0 5290.0 t -360.829590
5290.0 5380.0 ssil -1209.019897
5380.0 5440.0 ssil -797.205750 DIE
5440.0 5550.0 d -1335.016479
5550.0 5785.0 i -2880.224854
5785.0 5800.0 ssil -211.362381
5800.0 5815.0 ssil -209.471756 ZO
5815.0 5920.0 z -1431.853516
5920.0 6115.0 o -2398.743652
6115.0 6130.0 ssil -224.024567
6130.0 6145.0 ssil -209.069611 LEUK
6145.0 6190.0 l -510.792603
6190.0 6330.0 eu -1827.825806
6330.0 6350.0 k -326.819611
6350.0 6365.0 ssil -224.165695
6365.0 6380.0 ssil -219.680466 STAAT
6380.0 6470.0 s -1182.653931
6470.0 6535.0 t -931.908508
6535.0 6725.0 a -2100.244385
6725.0 6815.0 t -1189.058594
6815.0 6875.0 ssil -740.134949
6875.0 6915.0 ssil -531.559265 BIJ
6915.0 6995.0 b -1056.668091
6995.0 7200.0 ei -1971.203735
7200.0 7215.0 ssil -186.971375
7215.0 7230.0 ssil -205.070358 HET
7230.0 7245.0 h -229.770630
7245.0 7260.0 ec -227.999939
7260.0 7360.0 t -1319.055908
7360.0 7425.0 ssil -803.184143
7425.0 7505.0 ssil -1036.813965 GELE
7505.0 7595.0 gc -1305.206665
7595.0 7860.0 ic -3342.007324
7860.0 7910.0 l -716.680115
7910.0 7995.0 @ -1132.115723
7995.0 8030.0 ssil -490.503357
8030.0 8045.0 ssil -212.025223 LAKEN
8045.0 8110.0 l -954.034424
8110.0 8355.0 a -2843.995605
8355.0 8420.0 k -951.195679
8420.0 8445.0 @ -307.004456
8445.0 8525.0 n -863.276062
8525.0 9035.0 ssil -5934.807617
.
