#!MLF!#
"/net/aistaff/aki/_same-utterance/wav/01/Oost_Overijsel-Gelderland/13884-1465540707-2289603.rec"
0.0 325.0 ssil -2854.442139 DE
325.0 340.0 d -212.059723
340.0 745.0 ssil -4812.811523
745.0 795.0 ssil -765.798096 SPREI
795.0 980.0 s -2292.960693
980.0 1050.0 p -944.321899
1050.0 1090.0 r -537.728027
1090.0 1315.0 ei -2533.795410
1315.0 1330.0 ssil -227.937714
1330.0 1355.0 ssil -333.868774 DIE
1355.0 1395.0 d -590.821106
1395.0 1520.0 i -1321.880859
1520.0 1535.0 ssil -214.049667
1535.0 1550.0 ssil -200.939285 JIJ
1550.0 1575.0 j -335.675995
1575.0 1655.0 ei -868.356628
1655.0 1695.0 ssil -522.221375
1695.0 1710.0 ssil -223.566727 BRACHT
1710.0 1755.0 b -685.308655
1755.0 1790.0 r -511.833405
1790.0 1925.0 ac -1710.273804
1925.0 2020.0 x -1321.847412
2020.0 2065.0 t -637.338745
2065.0 2090.0 ssil -365.494171
2090.0 2105.0 ssil -203.899475 HEEFT
2105.0 2200.0 e -1045.799683
2200.0 2215.0 f -210.079544
2215.0 2230.0 ssil -207.299667
2230.0 2245.0 ssil -218.384308 SUZAN
2245.0 2290.0 s -605.742493
2290.0 2330.0 y -576.447693
2330.0 2445.0 s -1432.001465
2445.0 2540.0 ac -1155.680542
2540.0 2570.0 n -399.012634
2570.0 2585.0 ssil -221.749588
2585.0 2600.0 ssil -214.521500 ALTIJD
2600.0 2730.0 ac -1426.071045
2730.0 2775.0 l -644.066895
2775.0 2825.0 t -789.601318
2825.0 2840.0 ei -233.426514
2840.0 2855.0 t -232.676712
2855.0 2895.0 ssil -609.698669
2895.0 2930.0 ssil -564.865295 AL
2930.0 3015.0 ac -892.163330
3015.0 3045.0 l -353.529327
3045.0 3060.0 ssil -209.192169
3060.0 3075.0 ssil -199.458298 GEWILD
3075.0 3155.0 gc -1022.096252
3155.0 3185.0 @ -419.469727
3185.0 3270.0 w -1044.400635
3270.0 3325.0 ic -523.981140
3325.0 3460.0 l -1538.901001
3460.0 3600.0 t -1841.549438
3600.0 3690.0 ssil -1251.852661
3690.0 3735.0 ssil -685.068787 OMDAT
3735.0 3790.0 oc -709.091187
3790.0 3845.0 m -660.724426
3845.0 3905.0 d -787.987305
3905.0 3945.0 ac -493.014740
3945.0 3960.0 t -239.179611
3960.0 3990.0 ssil -450.260010
3990.0 4020.0 ssil -470.489807 DIE
4020.0 4035.0 d -239.433365
4035.0 4120.0 i -1093.661133
4120.0 4135.0 ssil -233.788345
4135.0 4150.0 ssil -220.920807 ZO
4150.0 4225.0 z -947.515137
4225.0 4275.0 o -609.478882
4275.0 4290.0 ssil -201.952713
4290.0 4305.0 ssil -198.064835 LEUK
4305.0 4365.0 l -742.999390
4365.0 4490.0 eu -1425.609375
4490.0 4505.0 k -222.898682
4505.0 4520.0 ssil -208.538010
4520.0 4535.0 ssil -205.106247 STAAT
4535.0 4615.0 s -1049.159424
4615.0 4655.0 t -542.529602
4655.0 4845.0 a -2002.169556
4845.0 4860.0 t -229.650604
4860.0 4875.0 ssil -203.717621
4875.0 4890.0 ssil -207.062576 BIJ
4890.0 4920.0 b -383.508392
4920.0 5050.0 ei -1281.975220
5050.0 5065.0 ssil -228.751205
5065.0 5085.0 ssil -306.633209 HET
5085.0 5100.0 h -258.767700
5100.0 5115.0 ec -254.547653
5115.0 5130.0 t -224.815979
5130.0 5145.0 ssil -196.810165
5145.0 5160.0 ssil -202.386841 GELE
5160.0 5210.0 x -669.085815
5210.0 5320.0 ic -1454.780762
5320.0 5335.0 l -220.392151
5335.0 5390.0 @ -682.705811
5390.0 5405.0 ssil -202.357269
5405.0 5420.0 ssil -210.768906 LAKEN
5420.0 5480.0 l -727.544128
5480.0 5710.0 a -2090.494629
5710.0 5770.0 k -802.848450
5770.0 5800.0 @ -359.295563
5800.0 5920.0 n -1398.354614
5920.0 6270.0 ssil -4075.879639
.
