#!MLF!#
"/net/aistaff/aki/_same-utterance/wav/01/Oost_Overijsel-Gelderland/15012-1464459869-2101409.rec"
0.0 115.0 ssil -1106.825439 DE
115.0 130.0 d -219.326782
130.0 175.0 ssil -560.244019
175.0 1135.0 ssil -11222.782227 SPREI
1135.0 1215.0 z -994.190796
1215.0 1300.0 p -1019.471680
1300.0 1345.0 r -611.785034
1345.0 1555.0 ei -2318.419434
1555.0 1575.0 ssil -278.873901
1575.0 1590.0 ssil -183.265564 DIE
1590.0 1605.0 d -206.347275
1605.0 1695.0 i -991.461975
1695.0 1710.0 ssil -224.156296
1710.0 1725.0 ssil -225.154602 JIJ
1725.0 1765.0 j -506.822296
1765.0 1845.0 ei -847.926453
1845.0 1860.0 ssil -175.609756
1860.0 1895.0 ssil -399.558502 BRACHT
1895.0 1925.0 b -377.281067
1925.0 1980.0 r -784.606934
1980.0 2105.0 ac -1458.000488
2105.0 2190.0 x -1049.717407
2190.0 2255.0 ssil -894.132996
2255.0 2305.0 ssil -618.017456 HEEFT
2305.0 2350.0 h -464.057526
2350.0 2460.0 e -1323.999268
2460.0 2485.0 f -337.822968
2485.0 2520.0 ssil -403.349213
2520.0 2585.0 ssil -796.096619 SUZAN
2585.0 2605.0 z -251.881119
2605.0 2665.0 y -680.539673
2665.0 2745.0 s -1088.754272
2745.0 2845.0 ac -1038.331787
2845.0 2895.0 n -556.957031
2895.0 2910.0 ssil -205.406906
2910.0 2925.0 ssil -213.690369 ALTIJD
2925.0 3050.0 ac -1329.696899
3050.0 3105.0 l -682.453796
3105.0 3140.0 t -475.799194
3140.0 3175.0 ei -419.938843
3175.0 3200.0 t -315.225739
3200.0 3215.0 ssil -180.790787
3215.0 3230.0 ssil -215.271988 AL
3230.0 3335.0 ac -1149.615356
3335.0 3365.0 l -360.864655
3365.0 3385.0 ssil -275.544586
3385.0 3450.0 ssil -766.468384 GEWILD
3450.0 3465.0 gc -180.449707
3465.0 3550.0 w -979.665100
3550.0 3635.0 ic -884.541382
3635.0 3780.0 l -1522.935547
3780.0 3865.0 ssil -1011.570312
3865.0 4005.0 ssil -1564.697998 OMDAT
4005.0 4050.0 oc -502.832672
4050.0 4170.0 m -1188.138184
4170.0 4195.0 d -302.584930
4195.0 4280.0 ac -935.611511
4280.0 4295.0 t -213.495987
4295.0 4310.0 ssil -174.431213
4310.0 4380.0 ssil -773.993958 DIE
4380.0 4395.0 d -197.601440
4395.0 4480.0 i -952.167603
4480.0 4500.0 ssil -271.723083
4500.0 4530.0 ssil -407.081329 ZO
4530.0 4610.0 z -1055.911133
4610.0 4625.0 o -191.499542
4625.0 4640.0 ssil -186.057236
4640.0 4655.0 ssil -179.864288 LEUK
4655.0 4700.0 l -572.809631
4700.0 4820.0 eu -1290.349854
4820.0 4845.0 k -363.172150
4845.0 4860.0 ssil -215.438293
4860.0 4875.0 ssil -207.298477 STAAT
4875.0 4910.0 s -454.120636
4910.0 4955.0 t -573.175964
4955.0 5075.0 a -1340.942871
5075.0 5095.0 t -257.076263
5095.0 5110.0 ssil -166.628174
5110.0 5150.0 ssil -452.780609 BIJ
5150.0 5170.0 b -258.216370
5170.0 5320.0 ei -1464.899170
5320.0 5340.0 ssil -268.611450
5340.0 5355.0 ssil -189.186600 HET
5355.0 5370.0 h -201.092361
5370.0 5385.0 ec -212.876663
5385.0 5400.0 t -186.266907
5400.0 5415.0 ssil -168.041138
5415.0 5430.0 ssil -169.386978 GELE
5430.0 5470.0 gc -494.892426
5470.0 5585.0 e -1244.263062
5585.0 5625.0 l -481.176636
5625.0 5670.0 @ -458.809357
5670.0 5685.0 ssil -185.252396
5685.0 5700.0 ssil -182.922089 LAKEN
5700.0 5765.0 l -747.934937
5765.0 5990.0 a -2227.306396
5990.0 6040.0 k -742.389465
6040.0 6105.0 @ -724.291504
6105.0 6805.0 ssil -7983.740723
.
