#!MLF!#
"/net/aistaff/aki/_same-utterance/wav/01/Oost_Overijsel-Gelderland/1524-1449157578-77619.rec"
0.0 130.0 ssil -1397.271118 DE
130.0 145.0 d -249.731918
145.0 940.0 ssil -9649.108398
940.0 985.0 ssil -695.491089 SPREI
985.0 1155.0 s -2282.534424
1155.0 1175.0 p -340.329559
1175.0 1215.0 r -601.687439
1215.0 1400.0 ei -2416.901123
1400.0 1415.0 ssil -226.422806
1415.0 1430.0 ssil -235.593048 DIE
1430.0 1450.0 d -315.855408
1450.0 1520.0 i -828.312195
1520.0 1535.0 ssil -230.086487
1535.0 1550.0 ssil -231.653900 JIJ
1550.0 1590.0 j -455.724487
1590.0 1695.0 ei -1133.894043
1695.0 1710.0 ssil -204.534561
1710.0 1725.0 ssil -187.644516 BRACHT
1725.0 1775.0 b -674.046997
1775.0 1835.0 r -951.698669
1835.0 1950.0 ac -1363.914429
1950.0 2050.0 x -1322.681030
2050.0 2085.0 t -497.748383
2085.0 2100.0 ssil -248.545471
2100.0 2115.0 ssil -231.879135 HEEFT
2115.0 2135.0 h -241.963242
2135.0 2225.0 e -969.963745
2225.0 2240.0 f -273.944122
2240.0 2255.0 ssil -239.928024
2255.0 2270.0 ssil -226.826920 SUZAN
2270.0 2350.0 s -1018.833374
2350.0 2400.0 @ -597.424622
2400.0 2480.0 s -1078.272095
2480.0 2590.0 ac -1233.489258
2590.0 2640.0 n -592.336609
2640.0 2655.0 ssil -226.754242
2655.0 2670.0 ssil -226.411102 ALTIJD
2670.0 2830.0 ac -2143.226318
2830.0 2855.0 l -426.268036
2855.0 2910.0 t -817.526123
2910.0 2975.0 ei -770.381714
2975.0 3005.0 t -469.505646
3005.0 3025.0 ssil -271.298706
3025.0 3045.0 ssil -294.505157 AL
3045.0 3130.0 ac -859.062256
3130.0 3150.0 l -281.002411
3150.0 3165.0 ssil -243.031143
3165.0 3180.0 ssil -230.505615 GEWILD
3180.0 3270.0 x -1333.934692
3270.0 3305.0 @ -384.477081
3305.0 3340.0 w -394.361542
3340.0 3375.0 ic -418.176392
3375.0 3515.0 l -1786.209961
3515.0 3635.0 t -1598.165649
3635.0 3670.0 ssil -432.342773
3670.0 3725.0 ssil -803.654907 OMDAT
3725.0 3745.0 oc -288.078461
3745.0 3805.0 m -717.464172
3805.0 3875.0 d -940.631714
3875.0 3915.0 ac -490.317322
3915.0 3930.0 t -241.382706
3930.0 3945.0 ssil -216.746780
3945.0 3965.0 ssil -310.264832 DIE
3965.0 4000.0 d -589.293640
4000.0 4045.0 i -549.202148
4045.0 4060.0 ssil -207.368195
4060.0 4075.0 ssil -201.179855 ZO
4075.0 4175.0 z -1245.126709
4175.0 4190.0 o -229.916382
4190.0 4205.0 ssil -211.505112
4205.0 4220.0 ssil -237.053986 LEUK
4220.0 4275.0 l -767.983765
4275.0 4390.0 eu -1338.472656
4390.0 4405.0 k -230.034882
4405.0 4420.0 ssil -216.699188
4420.0 4445.0 ssil -379.992828 STAAT
4445.0 4480.0 s -473.471985
4480.0 4585.0 t -1479.250732
4585.0 4745.0 a -1861.240112
4745.0 4780.0 t -505.163788
4780.0 4795.0 ssil -229.489990
4795.0 4835.0 ssil -519.982422 BIJ
4835.0 4860.0 b -349.387085
4860.0 4875.0 ei -227.600479
4875.0 4890.0 ssil -186.910706
4890.0 4905.0 ssil -180.795105 HET
4905.0 4920.0 h -163.786636
4920.0 4965.0 ec -530.874146
4965.0 5040.0 t -1033.066895
5040.0 5080.0 ssil -510.776642
5080.0 5095.0 ssil -203.340118 GELE
5095.0 5135.0 gc -534.191711
5135.0 5265.0 e -1601.694336
5265.0 5285.0 l -289.272034
5285.0 5305.0 @ -236.955246
5305.0 5320.0 ssil -208.421448
5320.0 5335.0 ssil -199.468964 LAKEN
5335.0 5400.0 l -723.944458
5400.0 5595.0 a -2137.589844
5595.0 5655.0 k -884.438782
5655.0 5690.0 @ -431.158173
5690.0 5765.0 n -969.352356
5765.0 6085.0 ssil -3698.620117
.
