#!MLF!#
"/net/aistaff/aki/_same-utterance/wav/01/Oost_Overijsel-Gelderland/15271-1464355981-2034659.rec"
0.0 170.0 ssil -2105.544678 DE
170.0 210.0 d -609.496033
210.0 245.0 @ -412.658752
245.0 520.0 ssil -3432.077881
520.0 610.0 ssil -1397.349487 SPREI
610.0 765.0 s -2183.821045
765.0 830.0 p -920.505127
830.0 865.0 r -494.313690
865.0 1050.0 ei -2254.947021
1050.0 1065.0 ssil -212.876770
1065.0 1080.0 ssil -232.179199 DIE
1080.0 1105.0 d -375.470093
1105.0 1245.0 i -1659.714844
1245.0 1260.0 ssil -219.985565
1260.0 1275.0 ssil -214.023193 JIJ
1275.0 1290.0 j -185.398727
1290.0 1430.0 ei -1666.494263
1430.0 1450.0 ssil -265.970245
1450.0 1465.0 ssil -236.643387 BRACHT
1465.0 1485.0 b -291.636993
1485.0 1515.0 r -420.140045
1515.0 1670.0 ac -1920.411987
1670.0 1780.0 x -1516.525513
1780.0 1830.0 t -660.341248
1830.0 1845.0 ssil -198.719101
1845.0 1865.0 ssil -256.299408 HEEFT
1865.0 1880.0 h -208.437469
1880.0 2005.0 e -1497.846191
2005.0 2020.0 f -210.412277
2020.0 2035.0 ssil -204.287415
2035.0 2050.0 ssil -214.345139 SUZAN
2050.0 2165.0 s -1566.715698
2165.0 2200.0 @ -499.615692
2200.0 2305.0 s -1629.661255
2305.0 2410.0 ac -1505.475342
2410.0 2480.0 n -872.523865
2480.0 2515.0 ssil -478.687103
2515.0 2530.0 ssil -246.466232 ALTIJD
2530.0 2630.0 ac -1187.601318
2630.0 2665.0 l -534.986938
2665.0 2760.0 t -1402.849609
2760.0 2805.0 ei -596.481262
2805.0 2840.0 t -548.454468
2840.0 2855.0 ssil -240.306915
2855.0 2870.0 ssil -230.048859 AL
2870.0 3000.0 ac -1329.210815
3000.0 3020.0 l -274.382721
3020.0 3035.0 ssil -244.479233
3035.0 3050.0 ssil -224.266617 GEWILD
3050.0 3175.0 x -1626.148804
3175.0 3225.0 w -549.216125
3225.0 3265.0 ic -438.008575
3265.0 3390.0 l -1551.235962
3390.0 3515.0 t -1729.351318
3515.0 3860.0 ssil -4333.657715
3860.0 3910.0 ssil -705.623657 OMDAT
3910.0 3950.0 m -580.540222
3950.0 4015.0 d -921.170410
4015.0 4085.0 ac -946.343933
4085.0 4100.0 t -271.083435
4100.0 4115.0 ssil -246.219208
4115.0 4140.0 ssil -380.017242 DIE
4140.0 4155.0 d -219.276825
4155.0 4190.0 i -428.345154
4190.0 4205.0 ssil -212.976364
4205.0 4220.0 ssil -226.858475 ZO
4220.0 4330.0 z -1398.630737
4330.0 4345.0 o -205.727737
4345.0 4360.0 ssil -196.625702
4360.0 4375.0 ssil -181.256958 LEUK
4375.0 4425.0 l -581.941223
4425.0 4500.0 eu -799.815979
4500.0 4515.0 k -243.888245
4515.0 4530.0 ssil -208.033585
4530.0 4545.0 ssil -215.388138 STAAT
4545.0 4635.0 s -1292.834717
4635.0 4680.0 t -686.897461
4680.0 4830.0 a -1929.920044
4830.0 4845.0 t -239.084595
4845.0 4860.0 ssil -205.326996
4860.0 4875.0 ssil -221.162399 BIJ
4875.0 4900.0 b -390.486511
4900.0 5040.0 ei -1604.261963
5040.0 5060.0 ssil -310.615906
5060.0 5080.0 ssil -337.610809 HET
5080.0 5095.0 h -273.303467
5095.0 5110.0 ec -232.795822
5110.0 5125.0 t -214.753143
5125.0 5140.0 ssil -203.840485
5140.0 5155.0 ssil -201.114426 GELE
5155.0 5200.0 x -589.239380
5200.0 5325.0 e -1200.119995
5325.0 5340.0 l -186.380005
5340.0 5405.0 @ -633.119263
5405.0 5420.0 ssil -193.917038
5420.0 5435.0 ssil -189.678040 LAKEN
5435.0 5485.0 l -580.572998
5485.0 5690.0 a -2407.946777
5690.0 5750.0 k -920.826599
5750.0 5865.0 @ -1410.811768
5865.0 5960.0 n -1233.176514
5960.0 6550.0 ssil -7815.068359
.
