#!MLF!#
"/net/aistaff/aki/_same-utterance/wav/01/Oost_Overijsel-Gelderland/15580-1464347050-2023792.rec"
0.0 300.0 ssil -2455.917480 DE
300.0 340.0 d -535.173096
340.0 855.0 ssil -6044.578125
855.0 2000.0 ssil -13323.012695 SPREI
2000.0 2075.0 s -1006.385864
2075.0 2170.0 p -1249.958862
2170.0 2330.0 r -1947.739624
2330.0 2350.0 ei -260.785187
2350.0 2365.0 ssil -199.697784
2365.0 2380.0 ssil -206.518494 DIE
2380.0 2395.0 d -208.293777
2395.0 2440.0 i -446.808167
2440.0 2455.0 ssil -191.916794
2455.0 2470.0 ssil -191.039810 JIJ
2470.0 2540.0 j -682.926697
2540.0 2635.0 ei -1011.220825
2635.0 2660.0 ssil -314.427643
2660.0 2700.0 ssil -558.088867 BRACHT
2700.0 2735.0 b -583.218628
2735.0 2770.0 r -485.823792
2770.0 2900.0 ac -1486.415283
2900.0 2985.0 x -1224.251709
2985.0 3060.0 t -1004.135315
3060.0 3075.0 ssil -209.875702
3075.0 3090.0 ssil -208.094299 HEEFT
3090.0 3185.0 e -1100.043335
3185.0 3310.0 f -1669.817383
3310.0 3325.0 ssil -190.799469
3325.0 3340.0 ssil -173.024658 SUZAN
3340.0 3425.0 z -1022.260620
3425.0 3445.0 yc -235.658722
3445.0 3460.0 s -250.068466
3460.0 3565.0 ac -1332.262939
3565.0 3680.0 n -1472.977783
3680.0 3780.0 ssil -1278.508301
3780.0 3825.0 ssil -659.921448 ALTIJD
3825.0 3845.0 ac -302.532349
3845.0 3950.0 l -1131.244751
3950.0 3965.0 t -233.143112
3965.0 3980.0 ei -251.779190
3980.0 3995.0 t -198.972717
3995.0 4015.0 ssil -273.882385
4015.0 4030.0 ssil -213.078720 AL
4030.0 4225.0 l -2222.442627
4225.0 4240.0 ssil -239.632446
4240.0 4255.0 ssil -234.056274 GEWILD
4255.0 4295.0 gc -588.642700
4295.0 4400.0 w -1151.343872
4400.0 4415.0 ic -196.934555
4415.0 4565.0 l -1940.624512
4565.0 4640.0 t -1042.679688
4640.0 4765.0 ssil -1688.330811
4765.0 4785.0 ssil -281.786407 OMDAT
4785.0 4875.0 oc -1221.190186
4875.0 4890.0 m -185.759491
4890.0 4935.0 d -696.419189
4935.0 4965.0 ac -453.126343
4965.0 4980.0 t -256.646332
4980.0 4995.0 ssil -231.635681
4995.0 5010.0 ssil -230.388931 DIE
5010.0 5040.0 d -432.269592
5040.0 5090.0 i -561.230591
5090.0 5105.0 ssil -208.915741
5105.0 5120.0 ssil -216.426910 ZO
5120.0 5190.0 z -898.376587
5190.0 5220.0 o -441.607880
5220.0 5235.0 ssil -237.389175
5235.0 5255.0 ssil -301.021881 LEUK
5255.0 5305.0 l -758.179993
5305.0 5425.0 eu -1299.449707
5425.0 5440.0 k -232.218430
5440.0 5455.0 ssil -216.825272
5455.0 5470.0 ssil -217.945740 STAAT
5470.0 5545.0 s -1008.761169
5545.0 5595.0 t -687.000000
5595.0 5710.0 a -1231.622559
5710.0 5725.0 t -259.513245
5725.0 5740.0 ssil -225.679535
5740.0 5755.0 ssil -194.955368 BIJ
5755.0 5845.0 b -1083.934570
5845.0 5970.0 ei -1233.121460
5970.0 5985.0 ssil -217.860718
5985.0 6000.0 ssil -242.241348 HET
6000.0 6015.0 h -243.901810
6015.0 6030.0 ec -216.893372
6030.0 6045.0 t -218.160065
6045.0 6060.0 ssil -193.998260
6060.0 6075.0 ssil -196.656494 GELE
6075.0 6100.0 x -374.676514
6100.0 6185.0 ic -1015.710693
6185.0 6200.0 l -199.959549
6200.0 6250.0 @ -551.577026
6250.0 6265.0 ssil -197.147415
6265.0 6280.0 ssil -197.135925 LAKEN
6280.0 6330.0 l -590.529419
6330.0 6525.0 ac -2297.241943
6525.0 6565.0 k -550.533386
6565.0 6620.0 @ -626.943176
6620.0 6745.0 n -1323.639648
6745.0 7270.0 ssil -6212.420898
.
