#!MLF!#
"/net/aistaff/aki/_same-utterance/wav/01/Oost_Overijsel-Gelderland/15629-1464793348-2190843.rec"
0.0 710.0 ssil -6302.122559 DE
710.0 755.0 d -664.585022
755.0 795.0 @ -494.558624
795.0 810.0 ssil -207.122025
810.0 825.0 ssil -211.259109 SPREI
825.0 1005.0 s -2135.966553
1005.0 1055.0 p -667.189026
1055.0 1185.0 r -1916.140625
1185.0 1355.0 ei -2100.375244
1355.0 1370.0 ssil -212.413437
1370.0 1385.0 ssil -235.365952 DIE
1385.0 1405.0 d -297.655640
1405.0 1540.0 i -1363.358276
1540.0 1555.0 ssil -222.371338
1555.0 1570.0 ssil -213.083862 JIJ
1570.0 1610.0 j -392.176819
1610.0 1640.0 ei -394.086761
1640.0 1665.0 ssil -344.771301
1665.0 1685.0 ssil -264.661133 BRACHT
1685.0 1755.0 b -953.307190
1755.0 1790.0 r -478.855103
1790.0 1955.0 ac -1891.025146
1955.0 2090.0 x -1874.334961
2090.0 2220.0 t -1722.760498
2220.0 2265.0 ssil -569.099426
2265.0 2305.0 ssil -569.158752 HEEFT
2305.0 2415.0 e -1407.232178
2415.0 2430.0 f -222.431946
2430.0 2445.0 ssil -205.476700
2445.0 2460.0 ssil -205.133942 SUZAN
2460.0 2590.0 s -1730.006104
2590.0 2705.0 y -1494.936523
2705.0 2785.0 s -1118.455444
2785.0 2875.0 ac -972.998169
2875.0 2890.0 n -211.349197
2890.0 2905.0 ssil -213.278458
2905.0 2920.0 ssil -201.283310 ALTIJD
2920.0 3135.0 ac -2450.744873
3135.0 3195.0 l -947.443726
3195.0 3255.0 t -882.624817
3255.0 3280.0 ei -376.900574
3280.0 3330.0 t -816.149414
3330.0 3345.0 ssil -247.435135
3345.0 3360.0 ssil -221.472565 AL
3360.0 3460.0 ac -975.962036
3460.0 3480.0 l -277.229828
3480.0 3495.0 ssil -249.259262
3495.0 3510.0 ssil -243.091461 GEWILD
3510.0 3595.0 x -1121.377808
3595.0 3635.0 @ -445.216339
3635.0 3710.0 w -863.723572
3710.0 3780.0 ic -732.312927
3780.0 3930.0 l -1786.585815
3930.0 4035.0 t -1550.178223
4035.0 4105.0 ssil -873.174133
4105.0 4535.0 ssil -5086.092285 OMDAT
4535.0 4590.0 m -711.167542
4590.0 4650.0 d -779.813843
4650.0 4695.0 ac -608.428284
4695.0 4710.0 t -228.509033
4710.0 4740.0 ssil -501.279907
4740.0 4765.0 ssil -405.904266 DIE
4765.0 4780.0 d -248.034714
4780.0 4855.0 i -929.303284
4855.0 4870.0 ssil -221.570511
4870.0 4885.0 ssil -217.355972 ZO
4885.0 4965.0 z -1045.840698
4965.0 5025.0 o -645.672241
5025.0 5040.0 ssil -217.510071
5040.0 5055.0 ssil -200.419327 LEUK
5055.0 5125.0 l -782.307861
5125.0 5260.0 eu -1417.870972
5260.0 5290.0 k -479.421082
5290.0 5305.0 ssil -234.502533
5305.0 5320.0 ssil -236.515030 STAAT
5320.0 5435.0 s -1523.900024
5435.0 5470.0 t -496.896729
5470.0 5655.0 a -2179.027832
5655.0 5740.0 t -1290.223022
5740.0 5765.0 ssil -325.561523
5765.0 5780.0 ssil -210.159393 BIJ
5780.0 5870.0 b -1231.780396
5870.0 6055.0 ei -2226.438232
6055.0 6085.0 ssil -504.415833
6085.0 6115.0 ssil -534.001404 HET
6115.0 6130.0 h -223.172775
6130.0 6145.0 ec -229.908463
6145.0 6160.0 t -220.908691
6160.0 6175.0 ssil -194.536270
6175.0 6190.0 ssil -208.440445 GELE
6190.0 6230.0 gc -570.587463
6230.0 6365.0 e -1430.448242
6365.0 6380.0 l -215.371002
6380.0 6425.0 @ -555.424438
6425.0 6440.0 ssil -201.427078
6440.0 6455.0 ssil -222.313599 LAKEN
6455.0 6545.0 l -1129.348999
6545.0 6825.0 a -3158.503418
6825.0 6870.0 k -637.290161
6870.0 6885.0 @ -198.754181
6885.0 7035.0 n -1687.594238
7035.0 7800.0 ssil -8599.253906
.
