#!MLF!#
"/net/aistaff/aki/_same-utterance/wav/01/Oost_Overijsel-Gelderland/16156-1464645736-2164469.rec"
0.0 100.0 ssil -870.598938 DE
100.0 115.0 d -216.099548
115.0 145.0 ssil -465.478027
145.0 590.0 ssil -5184.812988 SPREI
590.0 750.0 s -2065.413818
750.0 815.0 p -931.007568
815.0 860.0 r -556.854980
860.0 1035.0 ei -1860.253296
1035.0 1050.0 ssil -193.529770
1050.0 1065.0 ssil -175.181259 DIE
1065.0 1115.0 d -661.988464
1115.0 1220.0 i -1133.833862
1220.0 1235.0 ssil -204.692902
1235.0 1250.0 ssil -200.890335 JIJ
1250.0 1270.0 j -251.692947
1270.0 1340.0 ei -873.802917
1340.0 1365.0 ssil -309.593872
1365.0 1395.0 ssil -383.939148 BRACHT
1395.0 1425.0 b -447.197235
1425.0 1495.0 r -908.384338
1495.0 1600.0 ac -1324.811279
1600.0 1690.0 x -1180.938232
1690.0 1740.0 t -750.335510
1740.0 1755.0 ssil -217.456680
1755.0 1775.0 ssil -257.854004 HEEFT
1775.0 1825.0 h -651.115479
1825.0 1875.0 e -610.701233
1875.0 1890.0 f -215.984619
1890.0 1905.0 ssil -215.595795
1905.0 1920.0 ssil -221.837753 SUZAN
1920.0 1995.0 z -974.110535
1995.0 2060.0 @ -854.729553
2060.0 2155.0 s -1301.480957
2155.0 2270.0 ac -1361.963623
2270.0 2365.0 n -1151.129150
2365.0 2385.0 ssil -317.259064
2385.0 2430.0 ssil -544.347229 ALTIJD
2430.0 2600.0 ac -2150.444336
2600.0 2635.0 l -482.748230
2635.0 2700.0 t -884.308716
2700.0 2730.0 ei -408.247040
2730.0 2775.0 t -642.149475
2775.0 2790.0 ssil -242.492615
2790.0 2805.0 ssil -234.969055 AL
2805.0 2905.0 ac -1036.788696
2905.0 2925.0 l -244.720261
2925.0 2940.0 ssil -200.155121
2940.0 2955.0 ssil -204.230194 GEWILD
2955.0 3060.0 x -1330.004639
3060.0 3075.0 @ -193.347260
3075.0 3140.0 w -692.325317
3140.0 3235.0 ic -1034.809448
3235.0 3320.0 l -1010.253357
3320.0 3430.0 t -1426.439331
3430.0 3695.0 ssil -2998.177734
3695.0 3735.0 ssil -575.617493 OMDAT
3735.0 3825.0 m -1059.937622
3825.0 3865.0 d -552.433838
3865.0 3920.0 ac -649.372437
3920.0 3935.0 t -230.900620
3935.0 3950.0 ssil -186.894852
3950.0 3965.0 ssil -204.403168 DIE
3965.0 4005.0 d -549.813660
4005.0 4105.0 i -1194.697021
4105.0 4120.0 ssil -227.846939
4120.0 4135.0 ssil -203.073914 ZO
4135.0 4220.0 z -1078.334961
4220.0 4265.0 o -513.037659
4265.0 4280.0 ssil -209.408905
4280.0 4295.0 ssil -201.277847 LEUK
4295.0 4355.0 l -743.646606
4355.0 4475.0 eu -1265.110107
4475.0 4490.0 k -219.300949
4490.0 4520.0 ssil -376.339386
4520.0 4540.0 ssil -298.530090 STAAT
4540.0 4615.0 s -940.059387
4615.0 4680.0 t -1016.340820
4680.0 4825.0 a -1664.513428
4825.0 4870.0 t -536.402527
4870.0 4900.0 ssil -364.165680
4900.0 4935.0 ssil -409.930206 BIJ
4935.0 4960.0 b -379.426636
4960.0 5085.0 ei -1312.289795
5085.0 5100.0 ssil -197.983337
5100.0 5115.0 ssil -198.383926 HET
5115.0 5130.0 h -223.350677
5130.0 5145.0 ec -231.324203
5145.0 5160.0 t -209.903976
5160.0 5175.0 ssil -200.467606
5175.0 5200.0 ssil -344.009369 GELE
5200.0 5265.0 gc -883.128845
5265.0 5355.0 e -1031.106934
5355.0 5420.0 l -834.693542
5420.0 5435.0 @ -193.842438
5435.0 5450.0 ssil -194.148285
5450.0 5465.0 ssil -200.601120 LAKEN
5465.0 5575.0 l -1326.896362
5575.0 5745.0 a -1777.588257
5745.0 5825.0 k -984.778625
5825.0 5840.0 @ -201.688446
5840.0 6480.0 ssil -7355.212402
.
