#!MLF!#
"/net/aistaff/aki/_same-utterance/wav/01/Oost_Overijsel-Gelderland/1621-1449159534-89743.rec"
0.0 195.0 ssil -1944.914673 DE
195.0 210.0 d -227.219467
210.0 605.0 ssil -4790.002930
605.0 735.0 ssil -1752.896851 SPREI
735.0 875.0 s -1793.227295
875.0 925.0 p -731.884766
925.0 960.0 r -515.089478
960.0 1110.0 ei -1670.423584
1110.0 1125.0 ssil -222.205521
1125.0 1140.0 ssil -230.351303 DIE
1140.0 1160.0 d -283.434937
1160.0 1230.0 i -750.537231
1230.0 1245.0 ssil -201.070694
1245.0 1260.0 ssil -211.254349 JIJ
1260.0 1310.0 j -546.121338
1310.0 1420.0 ei -1185.122437
1420.0 1445.0 ssil -332.178467
1445.0 1460.0 ssil -215.877808 BRACHT
1460.0 1500.0 b -565.430908
1500.0 1555.0 r -708.882446
1555.0 1665.0 ac -1219.955200
1665.0 1730.0 x -858.259399
1730.0 1775.0 t -633.377808
1775.0 1790.0 ssil -215.785568
1790.0 1805.0 ssil -206.537338 HEEFT
1805.0 1865.0 e -712.969910
1865.0 1880.0 f -216.678482
1880.0 1895.0 ssil -192.699387
1895.0 1910.0 ssil -189.643906 SUZAN
1910.0 2000.0 z -1153.402588
2000.0 2030.0 @ -376.562317
2030.0 2100.0 s -980.772705
2100.0 2160.0 @ -823.729248
2160.0 2185.0 n -342.599457
2185.0 2200.0 ssil -227.295822
2200.0 2215.0 ssil -258.507660 ALTIJD
2215.0 2380.0 ac -2013.259766
2380.0 2420.0 l -634.700623
2420.0 2475.0 t -847.049072
2475.0 2490.0 ei -261.663330
2490.0 2525.0 t -505.758759
2525.0 2540.0 ssil -242.845688
2540.0 2555.0 ssil -268.229858 AL
2555.0 2685.0 ac -1517.595581
2685.0 2710.0 l -312.712585
2710.0 2725.0 ssil -235.609055
2725.0 2740.0 ssil -219.176468 GEWILD
2740.0 2815.0 gc -1001.474915
2815.0 2850.0 @ -444.491791
2850.0 2910.0 w -662.899109
2910.0 2970.0 ic -538.207642
2970.0 3125.0 l -1946.921875
3125.0 3190.0 t -913.606628
3190.0 3205.0 ssil -281.203186
3205.0 3220.0 ssil -238.033798 OMDAT
3220.0 3345.0 oc -1666.035767
3345.0 3395.0 m -692.185425
3395.0 3420.0 d -351.484985
3420.0 3475.0 ac -698.244263
3475.0 3500.0 t -397.385132
3500.0 3515.0 ssil -239.396240
3515.0 3530.0 ssil -264.451782 DIE
3530.0 3545.0 d -258.458038
3545.0 3560.0 i -261.144073
3560.0 3575.0 ssil -232.409683
3575.0 3590.0 ssil -227.296799 ZO
3590.0 3680.0 z -1148.907837
3680.0 3695.0 o -230.775208
3695.0 3710.0 ssil -218.006378
3710.0 3725.0 ssil -195.189682 LEUK
3725.0 3780.0 l -646.004639
3780.0 3880.0 eu -1284.545898
3880.0 3900.0 k -315.347412
3900.0 3915.0 ssil -248.165909
3915.0 3930.0 ssil -212.446747 STAAT
3930.0 3950.0 s -260.869354
3950.0 4000.0 t -665.431152
4000.0 4045.0 a -494.932037
4045.0 4060.0 t -246.896957
4060.0 4075.0 ssil -213.280090
4075.0 4090.0 ssil -199.578705 BIJ
4090.0 4105.0 b -200.616486
4105.0 4120.0 ei -216.623978
4120.0 4135.0 ssil -202.317795
4135.0 4155.0 ssil -286.205261 HET
4155.0 4170.0 h -219.933472
4170.0 4270.0 ec -1132.111694
4270.0 4350.0 t -1177.466187
4350.0 4365.0 ssil -209.683838
4365.0 4380.0 ssil -200.483063 GELE
4380.0 4410.0 gc -434.663330
4410.0 4460.0 ic -616.408569
4460.0 4475.0 l -225.296326
4475.0 4490.0 @ -217.512741
4490.0 4505.0 ssil -229.560791
4505.0 4520.0 ssil -219.046051 LAKEN
4520.0 4685.0 l -1762.967285
4685.0 4840.0 a -1803.965088
4840.0 4920.0 k -1127.217041
4920.0 5000.0 @ -971.382324
5000.0 5155.0 ssil -1993.434814
.
