#!MLF!#
"/net/aistaff/aki/_same-utterance/wav/01/Oost_Overijsel-Gelderland/16242-1464367632-2051136.rec"
0.0 90.0 ssil -818.382751 DE
90.0 120.0 d -417.564301
120.0 685.0 ssil -6559.063965
685.0 720.0 ssil -494.787262 SPREI
720.0 825.0 s -1364.517700
825.0 885.0 p -807.081543
885.0 940.0 r -738.638855
940.0 1055.0 ei -1330.326172
1055.0 1070.0 ssil -252.943207
1070.0 1085.0 ssil -241.293121 DIE
1085.0 1105.0 d -318.465088
1105.0 1165.0 i -727.900024
1165.0 1180.0 ssil -233.020752
1180.0 1195.0 ssil -236.877151 JIJ
1195.0 1250.0 j -624.765137
1250.0 1295.0 ei -515.366943
1295.0 1310.0 ssil -193.972382
1310.0 1325.0 ssil -183.024597 BRACHT
1325.0 1375.0 b -726.118164
1375.0 1405.0 r -392.740662
1405.0 1560.0 ac -1741.072876
1560.0 1670.0 x -1514.517090
1670.0 1740.0 t -975.332153
1740.0 1770.0 ssil -388.013000
1770.0 1885.0 ssil -1378.310425 HEEFT
1885.0 1910.0 h -303.460419
1910.0 2010.0 e -1221.366455
2010.0 2025.0 f -212.851974
2025.0 2040.0 ssil -198.506866
2040.0 2055.0 ssil -219.826141 SUZAN
2055.0 2090.0 s -492.787994
2090.0 2185.0 y -1307.773315
2185.0 2200.0 s -294.568481
2200.0 2270.0 ac -926.532654
2270.0 2300.0 n -379.758606
2300.0 2315.0 ssil -297.127563
2315.0 2330.0 ssil -273.637817 ALTIJD
2330.0 2370.0 ac -494.273102
2370.0 2475.0 l -1212.655518
2475.0 2510.0 t -537.438110
2510.0 2535.0 ei -383.097534
2535.0 2590.0 t -794.727905
2590.0 2605.0 ssil -224.086929
2605.0 2620.0 ssil -227.664429 AL
2620.0 2705.0 ac -858.545776
2705.0 2730.0 l -324.683441
2730.0 2745.0 ssil -219.387085
2745.0 2760.0 ssil -214.618546 GEWILD
2760.0 2800.0 gc -551.943420
2800.0 2820.0 @ -273.814789
2820.0 2920.0 w -1027.817383
2920.0 2965.0 ic -420.038055
2965.0 3150.0 l -2058.841309
3150.0 3270.0 t -1654.197388
3270.0 3420.0 ssil -1952.452637
3420.0 3815.0 ssil -4425.672852 OMDAT
3815.0 3855.0 oc -559.032898
3855.0 3925.0 m -902.241089
3925.0 3955.0 d -486.844055
3955.0 4015.0 ac -781.379333
4015.0 4030.0 t -247.941849
4030.0 4045.0 ssil -246.756363
4045.0 4060.0 ssil -243.328400 DIE
4060.0 4075.0 d -221.665909
4075.0 4105.0 i -413.924225
4105.0 4120.0 ssil -230.848419
4120.0 4135.0 ssil -224.053452 ZO
4135.0 4220.0 z -1132.589844
4220.0 4245.0 o -338.671387
4245.0 4260.0 ssil -219.080475
4260.0 4275.0 ssil -211.857635 LEUK
4275.0 4350.0 l -999.013672
4350.0 4455.0 eu -1301.571411
4455.0 4470.0 k -251.634476
4470.0 4485.0 ssil -217.737701
4485.0 4500.0 ssil -224.488510 STAAT
4500.0 4595.0 s -1277.781250
4595.0 4625.0 t -457.818695
4625.0 4805.0 a -2009.782715
4805.0 4820.0 t -222.942001
4820.0 4835.0 ssil -164.073563
4835.0 4850.0 ssil -195.655396 BIJ
4850.0 4875.0 b -331.856384
4875.0 5040.0 ei -1655.610474
5040.0 5055.0 ssil -229.612183
5055.0 5070.0 ssil -233.574097 HET
5070.0 5085.0 h -277.978668
5085.0 5100.0 ec -268.629730
5100.0 5115.0 t -229.627319
5115.0 5130.0 ssil -211.920792
5130.0 5150.0 ssil -279.986023 GELE
5150.0 5185.0 x -508.397430
5185.0 5305.0 e -1292.546265
5305.0 5365.0 l -725.638428
5365.0 5395.0 @ -326.337189
5395.0 5410.0 ssil -196.645782
5410.0 5425.0 ssil -186.561325 LAKEN
5425.0 5485.0 l -651.472595
5485.0 5690.0 a -2209.944336
5690.0 5710.0 k -289.168457
5710.0 5755.0 @ -517.795044
5755.0 5950.0 n -2223.513184
5950.0 6735.0 ssil -9035.268555
.
