#!MLF!#
"/net/aistaff/aki/_same-utterance/wav/01/Oost_Overijsel-Gelderland/16368-1464205542-1938314.rec"
0.0 695.0 ssil -6122.831543 DE
695.0 715.0 d -295.776215
715.0 775.0 ssil -750.765015
775.0 1250.0 ssil -5854.827148 SPREI
1250.0 1360.0 z -1461.881958
1360.0 1435.0 p -972.638733
1435.0 1490.0 r -604.109009
1490.0 1795.0 ei -3791.222412
1795.0 1810.0 ssil -209.699982
1810.0 1825.0 ssil -201.668472 DIE
1825.0 1925.0 d -1248.813354
1925.0 1955.0 i -391.579865
1955.0 1970.0 ssil -215.854996
1970.0 1985.0 ssil -199.140335 JIJ
1985.0 2085.0 j -1074.358643
2085.0 2175.0 ei -1008.361572
2175.0 2200.0 ssil -341.608368
2200.0 2230.0 ssil -462.130127 BRACHT
2230.0 2275.0 b -703.065735
2275.0 2305.0 r -361.244629
2305.0 2470.0 ac -1849.023438
2470.0 2540.0 x -900.937134
2540.0 2560.0 ssil -248.054840
2560.0 2655.0 ssil -1289.307373 HEEFT
2655.0 2740.0 e -1091.986816
2740.0 2755.0 f -211.794128
2755.0 2820.0 t -867.455994
2820.0 2865.0 ssil -606.955078
2865.0 2900.0 ssil -505.028412 SUZAN
2900.0 2995.0 z -1135.053589
2995.0 3010.0 yc -198.767303
3010.0 3025.0 s -256.670258
3025.0 3105.0 ac -1019.704529
3105.0 3250.0 n -1718.747559
3250.0 3265.0 ssil -220.539825
3265.0 3295.0 ssil -427.163483 ALTIJD
3295.0 3350.0 ac -808.601868
3350.0 3470.0 l -1779.588257
3470.0 3510.0 t -613.921814
3510.0 3640.0 ei -1555.839478
3640.0 3660.0 t -310.296265
3660.0 3680.0 ssil -327.494476
3680.0 3695.0 ssil -252.157806 AL
3695.0 3795.0 ac -1211.709839
3795.0 3835.0 l -611.576416
3835.0 3850.0 ssil -208.693069
3850.0 3865.0 ssil -192.989731 GEWILD
3865.0 3930.0 x -817.509705
3930.0 4050.0 w -1376.593262
4050.0 4100.0 ic -474.040710
4100.0 4285.0 l -2309.490723
4285.0 4375.0 t -1143.160156
4375.0 4830.0 ssil -4934.952148
4830.0 4870.0 ssil -447.190918 OMDAT
4870.0 4890.0 oc -278.513672
4890.0 4965.0 m -1099.435059
4965.0 4995.0 d -438.791138
4995.0 5035.0 ac -512.533752
5035.0 5050.0 t -253.988388
5050.0 5065.0 ssil -206.771362
5065.0 5080.0 ssil -215.132721 DIE
5080.0 5110.0 d -442.097748
5110.0 5175.0 i -807.028320
5175.0 5190.0 ssil -219.231476
5190.0 5205.0 ssil -199.624863 ZO
5205.0 5285.0 z -934.954651
5285.0 5315.0 o -401.531464
5315.0 5330.0 ssil -206.298874
5330.0 5345.0 ssil -186.324112 LEUK
5345.0 5425.0 l -974.693115
5425.0 5580.0 eu -2045.836304
5580.0 5635.0 k -812.704102
5635.0 5650.0 ssil -214.837677
5650.0 5665.0 ssil -218.448029 STAAT
5665.0 5750.0 s -1091.352783
5750.0 5800.0 t -754.197144
5800.0 5970.0 a -2092.409912
5970.0 6035.0 t -890.619751
6035.0 6050.0 ssil -195.497345
6050.0 6155.0 ssil -1223.917969 BIJ
6155.0 6185.0 b -425.371613
6185.0 6290.0 ei -1110.563354
6290.0 6305.0 ssil -210.609665
6305.0 6320.0 ssil -225.636856 HET
6320.0 6335.0 h -199.802719
6335.0 6355.0 ec -309.183411
6355.0 6380.0 t -379.730225
6380.0 6395.0 ssil -233.170593
6395.0 6410.0 ssil -215.607971 GELE
6410.0 6495.0 x -1067.929932
6495.0 6630.0 e -1497.695435
6630.0 6700.0 l -832.084778
6700.0 6750.0 @ -591.061462
6750.0 6765.0 ssil -197.471008
6765.0 6780.0 ssil -204.960861 LAKEN
6780.0 6825.0 l -566.008667
6825.0 7040.0 a -2361.739502
7040.0 7095.0 k -743.128540
7095.0 7195.0 @ -1197.740112
7195.0 8290.0 ssil -12579.178711
.
