#!MLF!#
"/net/aistaff/aki/_same-utterance/wav/01/Oost_Overijsel-Gelderland/16505-1464530929-2123252.rec"
0.0 15.0 ssil -140.353806 DE
15.0 30.0 d -176.459137
30.0 550.0 @ -4166.105469
550.0 565.0 ssil -140.353806
565.0 580.0 ssil -140.353806 SPREI
580.0 595.0 z -197.805817
595.0 630.0 p -571.431335
630.0 645.0 r -224.108597
645.0 660.0 ei -213.619598
660.0 675.0 ssil -208.225266
675.0 690.0 ssil -214.452316 DIE
690.0 705.0 d -227.493271
705.0 735.0 i -349.685486
735.0 750.0 ssil -197.105713
750.0 765.0 ssil -209.761230 JIJ
765.0 830.0 j -759.870850
830.0 920.0 ei -971.597961
920.0 940.0 ssil -269.180695
940.0 955.0 ssil -221.345291 BRACHT
955.0 1000.0 b -676.200989
1000.0 1015.0 r -206.047882
1015.0 1120.0 ac -1329.743652
1120.0 1205.0 x -1229.293457
1205.0 1225.0 ssil -308.038239
1225.0 1255.0 ssil -463.819885 HEEFT
1255.0 1325.0 e -904.076782
1325.0 1340.0 f -198.014481
1340.0 1355.0 ssil -215.293793
1355.0 1370.0 ssil -231.036072 SUZAN
1370.0 1425.0 z -747.153320
1425.0 1440.0 @ -228.341171
1440.0 1520.0 s -1090.004639
1520.0 1595.0 ac -856.103455
1595.0 1645.0 n -590.829407
1645.0 1685.0 ssil -524.733887
1685.0 1705.0 ssil -347.302826 ALTIJD
1705.0 1755.0 ac -741.663452
1755.0 1920.0 l -2304.644287
1920.0 1935.0 t -233.471985
1935.0 1950.0 ei -248.894363
1950.0 1975.0 t -359.732635
1975.0 1990.0 ssil -208.710266
1990.0 2005.0 ssil -203.929443 AL
2005.0 2020.0 l -216.795380
2020.0 2035.0 ssil -187.641159
2035.0 2050.0 ssil -184.637604 GEWILD
2050.0 2085.0 gc -464.201935
2085.0 2110.0 @ -302.640839
2110.0 2175.0 w -718.628174
2175.0 2210.0 ic -428.634552
2210.0 2320.0 l -1373.856812
2320.0 2355.0 t -511.785736
2355.0 2390.0 ssil -443.941376
2390.0 2655.0 ssil -3294.019287 OMDAT
2655.0 2680.0 oc -355.972961
2680.0 2720.0 m -476.413116
2720.0 2745.0 d -397.408020
2745.0 2780.0 ac -477.623749
2780.0 2795.0 t -242.995209
2795.0 2810.0 ssil -212.459366
2810.0 2825.0 ssil -196.083405 DIE
2825.0 2840.0 d -206.860214
2840.0 2855.0 i -224.368378
2855.0 2870.0 ssil -212.166214
2870.0 2885.0 ssil -219.705978 ZO
2885.0 2990.0 z -1338.551636
2990.0 3050.0 o -729.781311
3050.0 3065.0 ssil -197.862259
3065.0 3080.0 ssil -199.064590 LEUK
3080.0 3110.0 l -418.409882
3110.0 3225.0 eu -1417.299805
3225.0 3240.0 k -245.412827
3240.0 3255.0 ssil -226.418472
3255.0 3270.0 ssil -240.155502 STAAT
3270.0 3285.0 s -223.409103
3285.0 3320.0 t -510.128876
3320.0 3365.0 a -585.122192
3365.0 3380.0 t -212.867722
3380.0 3395.0 ssil -171.894867
3395.0 3410.0 ssil -170.658218 BIJ
3410.0 3435.0 b -328.548828
3435.0 3530.0 ei -1026.766724
3530.0 3545.0 ssil -230.910095
3545.0 3575.0 ssil -429.601013 HET
3575.0 3590.0 h -191.749817
3590.0 3605.0 ec -194.969162
3605.0 3620.0 t -210.289597
3620.0 3635.0 ssil -181.590271
3635.0 3650.0 ssil -197.769073 GELE
3650.0 3670.0 gc -291.675537
3670.0 3805.0 e -1498.689087
3805.0 3840.0 l -497.080688
3840.0 4080.0 @ -2560.657715
4080.0 4440.0 ssil -4375.672852
4440.0 4470.0 ssil -411.317108 LAKEN
4470.0 4510.0 l -581.376770
4510.0 4705.0 a -2289.458984
4705.0 4755.0 k -720.922241
4755.0 4875.0 @ -1567.442261
4875.0 4945.0 ssil -874.962891
.
