#!MLF!#
"/net/aistaff/aki/_same-utterance/wav/01/Oost_Overijsel-Gelderland/1654-1449397419-340186.rec"
0.0 115.0 ssil -1028.486084 DE
115.0 140.0 d -371.712830
140.0 315.0 ssil -2080.726807
315.0 695.0 ssil -4624.060547 SPREI
695.0 845.0 s -1933.351074
845.0 875.0 p -418.278229
875.0 915.0 r -572.849915
915.0 1115.0 ei -2297.792480
1115.0 1130.0 ssil -205.225769
1130.0 1145.0 ssil -228.140121 DIE
1145.0 1160.0 d -227.672150
1160.0 1230.0 i -746.616333
1230.0 1245.0 ssil -191.229050
1245.0 1260.0 ssil -195.572388 JIJ
1260.0 1320.0 j -624.578735
1320.0 1440.0 ei -1308.533569
1440.0 1455.0 ssil -196.096024
1455.0 1495.0 ssil -634.803284 BRACHT
1495.0 1515.0 b -307.492859
1515.0 1540.0 r -308.674866
1540.0 1645.0 ac -1181.627441
1645.0 1725.0 x -1060.094360
1725.0 1925.0 t -2664.146484
1925.0 1955.0 ssil -401.150391
1955.0 1995.0 ssil -522.719055 HEEFT
1995.0 2115.0 e -1407.651123
2115.0 2130.0 f -223.981522
2130.0 2145.0 ssil -199.793045
2145.0 2160.0 ssil -208.982986 SUZAN
2160.0 2260.0 s -1270.988770
2260.0 2290.0 @ -407.865082
2290.0 2360.0 s -926.253052
2360.0 2445.0 ac -1017.469727
2445.0 2460.0 n -203.590530
2460.0 2475.0 ssil -194.376831
2475.0 2490.0 ssil -217.972229 ALTIJD
2490.0 2620.0 ac -1566.906494
2620.0 2650.0 l -421.498871
2650.0 2705.0 t -816.444763
2705.0 2780.0 ei -897.726501
2780.0 2815.0 t -487.942078
2815.0 2830.0 ssil -234.907303
2830.0 2845.0 ssil -229.350861 AL
2845.0 2925.0 ac -821.168274
2925.0 2940.0 l -187.684082
2940.0 2955.0 ssil -206.775757
2955.0 2970.0 ssil -194.561340 GEWILD
2970.0 3030.0 x -786.126343
3030.0 3050.0 @ -258.248627
3050.0 3105.0 w -658.988831
3105.0 3190.0 ic -984.978455
3190.0 3325.0 l -1706.322510
3325.0 3410.0 t -1158.784912
3410.0 3470.0 ssil -729.439270
3470.0 3670.0 ssil -2273.260986 OMDAT
3670.0 3700.0 oc -367.772034
3700.0 3775.0 m -981.675781
3775.0 3790.0 d -230.518631
3790.0 3835.0 ac -613.890625
3835.0 3850.0 t -240.472900
3850.0 3865.0 ssil -245.463715
3865.0 3900.0 ssil -534.548279 DIE
3900.0 3920.0 d -325.280884
3920.0 3970.0 i -610.113586
3970.0 3985.0 ssil -184.251434
3985.0 4000.0 ssil -183.540771 ZO
4000.0 4085.0 z -1018.689331
4085.0 4180.0 o -1203.506348
4180.0 4195.0 ssil -226.671280
4195.0 4210.0 ssil -193.752579 LEUK
4210.0 4225.0 l -195.926453
4225.0 4330.0 eu -1135.838379
4330.0 4345.0 k -242.130981
4345.0 4360.0 ssil -234.544617
4360.0 4375.0 ssil -228.420380 STAAT
4375.0 4435.0 s -862.905945
4435.0 4485.0 t -746.100647
4485.0 4685.0 a -2125.823730
4685.0 4700.0 t -214.307373
4700.0 4730.0 ssil -372.334229
4730.0 4750.0 ssil -278.864105 BIJ
4750.0 4775.0 b -358.433014
4775.0 4895.0 ei -1282.219238
4895.0 4910.0 ssil -244.650421
4910.0 4925.0 ssil -248.642044 HET
4925.0 4940.0 h -260.392029
4940.0 4955.0 ec -240.888321
4955.0 4970.0 t -228.499329
4970.0 4985.0 ssil -203.197845
4985.0 5000.0 ssil -225.621628 GELE
5000.0 5025.0 x -405.389771
5025.0 5125.0 e -1078.134399
5125.0 5140.0 l -188.676971
5140.0 5185.0 @ -467.800537
5185.0 5200.0 ssil -209.601456
5200.0 5215.0 ssil -203.484528 LAKEN
5215.0 5275.0 l -692.228577
5275.0 5475.0 a -2294.181396
5475.0 5515.0 k -647.808777
5515.0 5580.0 @ -773.920471
5580.0 5730.0 n -1881.827637
5730.0 6130.0 ssil -4532.554199
.
