#!MLF!#
"/net/aistaff/aki/_same-utterance/wav/01/Oost_Overijsel-Gelderland/17226-1472378397-2462808.rec"
0.0 15.0 ssil -151.504944 DE
15.0 30.0 d -176.133209
30.0 95.0 @ -558.175598
95.0 930.0 ssil -9525.569336
930.0 980.0 ssil -716.736145 SPREI
980.0 1150.0 s -2410.118164
1150.0 1195.0 p -647.000244
1195.0 1335.0 r -1779.666260
1335.0 1385.0 ei -626.011963
1385.0 1400.0 ssil -196.337402
1400.0 1415.0 ssil -215.207535 DIE
1415.0 1435.0 d -313.990631
1435.0 1520.0 i -1004.232605
1520.0 1550.0 ssil -375.477722
1550.0 1850.0 ssil -3498.280762 JIJ
1850.0 2000.0 j -2061.472656
2000.0 2095.0 ei -1135.367554
2095.0 2110.0 ssil -230.937744
2110.0 2160.0 ssil -644.751343 BRACHT
2160.0 2180.0 b -307.703461
2180.0 2235.0 r -850.921875
2235.0 2350.0 ac -1474.995117
2350.0 2560.0 x -2717.043701
2560.0 2680.0 t -1576.073853
2680.0 2750.0 ssil -859.427307
2750.0 3275.0 ssil -5555.354004 HEEFT
3275.0 3470.0 e -2465.044678
3470.0 3580.0 f -1491.690674
3580.0 3655.0 t -1058.922607
3655.0 3805.0 ssil -1885.018311
3805.0 3830.0 ssil -385.064178 SUZAN
3830.0 3950.0 s -1551.012939
3950.0 4015.0 y -889.672546
4015.0 4145.0 s -1798.307251
4145.0 4255.0 ac -1296.179565
4255.0 4430.0 n -2018.006348
4430.0 4460.0 ssil -327.214111
4460.0 4775.0 ssil -3500.411133 ALTIJD
4775.0 4860.0 ac -1185.167236
4860.0 5015.0 l -2315.337891
5015.0 5080.0 t -1061.874023
5080.0 5260.0 ei -2420.738770
5260.0 5405.0 t -2018.118652
5405.0 5540.0 ssil -1719.860474
5540.0 5615.0 ssil -964.634705 AL
5615.0 5710.0 ac -1344.869507
5710.0 5770.0 l -857.848145
5770.0 5785.0 ssil -234.433243
5785.0 5800.0 ssil -215.737854 GEWILD
5800.0 5940.0 x -1736.498535
5940.0 5960.0 @ -251.602859
5960.0 6045.0 w -980.197571
6045.0 6085.0 ic -486.996796
6085.0 6200.0 l -1617.495239
6200.0 6250.0 t -695.508301
6250.0 6740.0 ssil -5390.877930
6740.0 7155.0 ssil -5058.266602 OMDAT
7155.0 7240.0 oc -1235.532471
7240.0 7330.0 m -1144.589355
7330.0 7410.0 d -1261.835205
7410.0 7480.0 ac -950.553162
7480.0 7585.0 t -1582.348633
7585.0 7610.0 ssil -341.010895
7610.0 7640.0 ssil -430.284546 DIE
7640.0 7660.0 d -307.111084
7660.0 7855.0 i -2314.789795
7855.0 7900.0 ssil -493.598083
7900.0 8115.0 ssil -2499.006836 ZO
8115.0 8250.0 s -1674.266724
8250.0 8320.0 o -931.954407
8320.0 8335.0 ssil -240.515701
8335.0 8350.0 ssil -197.904602 LEUK
8350.0 8430.0 l -1054.997314
8430.0 8550.0 eu -1602.628540
8550.0 8590.0 k -602.490356
8590.0 8615.0 ssil -341.006470
8615.0 8630.0 ssil -203.375885 STAAT
8630.0 8690.0 s -815.204712
8690.0 8730.0 t -610.197937
8730.0 8935.0 a -2478.413086
8935.0 9060.0 t -1741.947144
9060.0 9175.0 ssil -1317.336304
9175.0 9405.0 ssil -2583.474365 BIJ
9405.0 9505.0 b -1198.154907
9505.0 9555.0 ei -632.397095
9555.0 9570.0 ssil -212.260880
9570.0 9585.0 ssil -223.091629 HET
9585.0 9600.0 h -223.511917
9600.0 9650.0 ec -728.556274
9650.0 9705.0 t -764.505920
9705.0 9720.0 ssil -220.217270
9720.0 9750.0 ssil -421.198486 GELE
9750.0 9815.0 gc -864.522461
9815.0 9915.0 ic -1218.381836
9915.0 9935.0 l -296.481628
9935.0 9990.0 @ -700.378540
9990.0 10005.0 ssil -221.838348
10005.0 10020.0 ssil -196.173050 LAKEN
10020.0 10080.0 l -733.694031
10080.0 10240.0 a -1943.777588
10240.0 10295.0 k -808.008911
10295.0 10325.0 @ -413.344269
10325.0 10440.0 n -1385.330322
10440.0 10915.0 ssil -5382.169922
.
