#!MLF!#
"/net/aistaff/aki/_same-utterance/wav/01/Oost_Overijsel-Gelderland/1814-1449178446-145838.rec"
0.0 100.0 ssil -1007.792542 DE
100.0 115.0 d -241.283325
115.0 150.0 ssil -603.833130
150.0 770.0 ssil -7848.968750 SPREI
770.0 950.0 z -2382.149902
950.0 1035.0 p -1284.012329
1035.0 1050.0 r -207.381866
1050.0 1270.0 ei -2392.629639
1270.0 1285.0 ssil -209.183884
1285.0 1300.0 ssil -198.847076 DIE
1300.0 1350.0 d -636.931396
1350.0 1485.0 i -1395.581055
1485.0 1500.0 ssil -208.166229
1500.0 1515.0 ssil -214.144623 JIJ
1515.0 1535.0 j -238.656967
1535.0 1610.0 ei -950.079834
1610.0 1665.0 ssil -707.330566
1665.0 1680.0 ssil -220.255127 BRACHT
1680.0 1715.0 b -493.876862
1715.0 1745.0 r -446.270508
1745.0 1880.0 ac -1586.976196
1880.0 2165.0 x -3640.395020
2165.0 2210.0 t -627.422607
2210.0 2360.0 ssil -1733.912231
2360.0 2420.0 ssil -884.033447 HEEFT
2420.0 2500.0 e -993.518311
2500.0 2520.0 f -260.499695
2520.0 2550.0 ssil -389.714508
2550.0 2565.0 ssil -202.614548 SUZAN
2565.0 2630.0 z -840.625000
2630.0 2695.0 y -846.179749
2695.0 2780.0 s -1165.046265
2780.0 2860.0 ac -1029.620361
2860.0 2920.0 n -707.402710
2920.0 2935.0 ssil -228.850113
2935.0 2950.0 ssil -257.269226 ALTIJD
2950.0 3065.0 ac -1649.627563
3065.0 3130.0 l -855.413879
3130.0 3200.0 t -1136.536133
3200.0 3265.0 ei -825.884094
3265.0 3445.0 t -2446.467041
3445.0 3490.0 ssil -624.490540
3490.0 3545.0 ssil -758.013000 AL
3545.0 3685.0 l -1840.567383
3685.0 3710.0 ssil -361.587280
3710.0 3760.0 ssil -632.801025 GEWILD
3760.0 4170.0 x -5152.865723
4170.0 4185.0 w -224.158966
4185.0 4200.0 ic -225.095108
4200.0 4220.0 l -294.087463
4220.0 4240.0 ssil -271.176483
4240.0 4280.0 ssil -659.154907 OMDAT
4280.0 4335.0 oc -749.483276
4335.0 4385.0 m -614.186279
4385.0 4455.0 d -987.510498
4455.0 4510.0 ac -687.666199
4510.0 4525.0 t -228.934662
4525.0 4540.0 ssil -223.442261
4540.0 4580.0 ssil -589.680298 DIE
4580.0 4600.0 d -278.888672
4600.0 4670.0 i -858.890076
4670.0 4685.0 ssil -227.699326
4685.0 4700.0 ssil -216.606796 ZO
4700.0 4755.0 z -746.300659
4755.0 4815.0 o -803.311401
4815.0 4830.0 ssil -223.747742
4830.0 4845.0 ssil -207.441895 LEUK
4845.0 4905.0 l -836.151062
4905.0 5035.0 eu -1690.303223
5035.0 5060.0 k -367.886383
5060.0 5075.0 ssil -224.699997
5075.0 5090.0 ssil -216.707657 STAAT
5090.0 5170.0 s -1149.568115
5170.0 5210.0 t -592.276794
5210.0 5380.0 a -2123.826416
5380.0 5405.0 t -371.051361
5405.0 5455.0 ssil -647.284729
5455.0 5480.0 ssil -335.224945 BIJ
5480.0 5520.0 b -598.524658
5520.0 5670.0 ei -1793.477783
5670.0 5685.0 ssil -212.813217
5685.0 5710.0 ssil -337.728638 HET
5710.0 5725.0 h -220.282806
5725.0 5740.0 ec -226.497391
5740.0 5755.0 t -218.019379
5755.0 5770.0 ssil -208.830383
5770.0 5790.0 ssil -253.135864 GELE
5790.0 5820.0 x -417.725189
5820.0 5950.0 ic -1709.094849
5950.0 5965.0 l -233.011642
5965.0 6025.0 @ -796.631714
6025.0 6040.0 ssil -226.503281
6040.0 6055.0 ssil -215.056320 LAKEN
6055.0 6115.0 l -777.615723
6115.0 6290.0 a -2074.105957
6290.0 6345.0 k -774.742920
6345.0 6380.0 @ -487.322205
6380.0 6430.0 n -694.432007
6430.0 7130.0 ssil -8452.793945
.
