#!MLF!#
"/net/aistaff/aki/_same-utterance/wav/01/Oost_Overijsel-Gelderland/1959-1449220647-177579.rec"
0.0 100.0 ssil -895.406921 DE
100.0 125.0 d -354.015991
125.0 815.0 ssil -8189.740234
815.0 875.0 ssil -795.720215 SPREI
875.0 1030.0 z -1980.142578
1030.0 1085.0 p -744.734619
1085.0 1150.0 r -889.448730
1150.0 1355.0 ei -2255.591797
1355.0 1370.0 ssil -200.382935
1370.0 1385.0 ssil -232.037323 DIE
1385.0 1405.0 d -282.211792
1405.0 1490.0 i -1018.626831
1490.0 1505.0 ssil -236.743805
1505.0 1520.0 ssil -248.858307 JIJ
1520.0 1565.0 j -557.166992
1565.0 1680.0 ei -1335.307983
1680.0 1695.0 ssil -200.213394
1695.0 1710.0 ssil -258.984100 BRACHT
1710.0 1740.0 b -482.850067
1740.0 1790.0 r -644.328552
1790.0 1890.0 ac -1123.057617
1890.0 1910.0 x -277.191162
1910.0 1990.0 ssil -971.084961
1990.0 2035.0 ssil -653.999878 HEEFT
2035.0 2065.0 h -404.411255
2065.0 2130.0 e -749.145447
2130.0 2145.0 f -225.791702
2145.0 2170.0 ssil -335.419617
2170.0 2185.0 ssil -216.839935 SUZAN
2185.0 2285.0 z -1280.581177
2285.0 2325.0 y -538.674866
2325.0 2375.0 s -698.881653
2375.0 2455.0 ac -894.109497
2455.0 2515.0 n -685.017517
2515.0 2530.0 ssil -216.060226
2530.0 2545.0 ssil -219.153595 ALTIJD
2545.0 2640.0 ac -1243.502319
2640.0 2660.0 l -294.710358
2660.0 2705.0 t -661.017883
2705.0 2845.0 ei -1790.530396
2845.0 2885.0 t -584.171326
2885.0 2900.0 ssil -256.244476
2900.0 2915.0 ssil -239.106277 AL
2915.0 2965.0 ac -602.558289
2965.0 2985.0 l -240.859100
2985.0 3000.0 ssil -201.962845
3000.0 3015.0 ssil -210.695572 GEWILD
3015.0 3080.0 gc -839.095642
3080.0 3125.0 @ -561.026978
3125.0 3160.0 w -493.383636
3160.0 3235.0 ic -861.337280
3235.0 3385.0 l -1868.722534
3385.0 3425.0 t -566.470276
3425.0 3440.0 ssil -214.300430
3440.0 3455.0 ssil -215.919495 OMDAT
3455.0 3515.0 oc -778.876282
3515.0 3575.0 m -750.460754
3575.0 3590.0 d -237.151978
3590.0 3690.0 ac -1313.922607
3690.0 3715.0 t -321.787323
3715.0 3730.0 ssil -204.384186
3730.0 3745.0 ssil -197.927704 DIE
3745.0 3760.0 d -196.959167
3760.0 3780.0 i -258.599670
3780.0 3795.0 ssil -205.660080
3795.0 3810.0 ssil -199.619110 ZO
3810.0 3900.0 z -1166.202271
3900.0 3940.0 o -489.539398
3940.0 3980.0 ssil -617.057434
3980.0 3995.0 ssil -199.990402 LEUK
3995.0 4030.0 l -465.833191
4030.0 4120.0 eu -1091.738647
4120.0 4135.0 k -245.063110
4135.0 4150.0 ssil -218.446289
4150.0 4165.0 ssil -209.416809 STAAT
4165.0 4255.0 s -1235.610474
4255.0 4290.0 t -515.529053
4290.0 4335.0 a -576.184692
4335.0 4350.0 t -283.722412
4350.0 4380.0 ssil -437.717773
4380.0 4395.0 ssil -213.449478 BIJ
4395.0 4410.0 b -214.129898
4410.0 4445.0 ei -467.971069
4445.0 4470.0 ssil -338.529816
4470.0 4495.0 ssil -368.592346 HET
4495.0 4515.0 h -272.530457
4515.0 4660.0 ec -1893.313354
4660.0 4680.0 t -285.399689
4680.0 4700.0 ssil -289.219818
4700.0 4765.0 ssil -789.258911 GELE
4765.0 4785.0 x -278.017151
4785.0 4865.0 ic -959.625061
4865.0 4880.0 l -251.624420
4880.0 4920.0 @ -512.975159
4920.0 4980.0 ssil -859.715210
4980.0 5000.0 ssil -297.095917 LAKEN
5000.0 5080.0 l -1059.562500
5080.0 5285.0 a -2508.198242
5285.0 5310.0 k -404.515167
5310.0 5400.0 @ -1210.066772
5400.0 5435.0 n -433.470154
5435.0 5945.0 ssil -6075.547852
.
