#!MLF!#
"/net/aistaff/aki/_same-utterance/wav/01/Oost_Overijsel-Gelderland/2612-1449334787-297937.rec"
0.0 75.0 ssil -758.869812 DE
75.0 90.0 d -213.561081
90.0 620.0 ssil -6231.073730
620.0 635.0 ssil -210.460175 SPREI
635.0 815.0 s -2429.424805
815.0 835.0 p -280.000244
835.0 885.0 r -712.028564
885.0 1350.0 ei -5279.457031
1350.0 1375.0 ssil -306.394379
1375.0 1410.0 ssil -502.176941 DIE
1410.0 1510.0 d -1401.219116
1510.0 1575.0 i -728.822693
1575.0 1590.0 ssil -222.538345
1590.0 1605.0 ssil -225.386642 JIJ
1605.0 1690.0 j -930.240601
1690.0 1765.0 ei -804.509094
1765.0 1805.0 ssil -491.698029
1805.0 1820.0 ssil -194.323303 BRACHT
1820.0 1845.0 b -348.474060
1845.0 1890.0 r -587.226624
1890.0 2045.0 ac -1892.671265
2045.0 2215.0 x -2098.995117
2215.0 2240.0 ssil -308.145172
2240.0 2295.0 ssil -763.762146 HEEFT
2295.0 2315.0 h -238.820496
2315.0 2425.0 e -1234.990601
2425.0 2460.0 f -468.890869
2460.0 2475.0 ssil -195.166901
2475.0 2490.0 ssil -192.953476 SUZAN
2490.0 2545.0 z -718.038086
2545.0 2605.0 y -793.840149
2605.0 2690.0 s -1247.687256
2690.0 2790.0 ac -1272.239990
2790.0 2805.0 n -196.208572
2805.0 2820.0 ssil -201.451477
2820.0 2840.0 ssil -296.314606 ALTIJD
2840.0 2975.0 ac -1545.444946
2975.0 3020.0 l -588.707825
3020.0 3085.0 t -991.904785
3085.0 3175.0 ei -1182.735962
3175.0 3190.0 t -244.305466
3190.0 3205.0 ssil -248.938889
3205.0 3220.0 ssil -214.371536 AL
3220.0 3285.0 ac -741.834595
3285.0 3370.0 l -1002.096985
3370.0 3385.0 ssil -224.609482
3385.0 3400.0 ssil -262.299225 GEWILD
3400.0 3485.0 x -1130.699219
3485.0 3565.0 w -964.292236
3565.0 3635.0 ic -828.022461
3635.0 3785.0 l -1830.777954
3785.0 3900.0 t -1509.848999
3900.0 3995.0 ssil -1142.281738
3995.0 4335.0 ssil -4304.217285 OMDAT
4335.0 4430.0 m -1117.487061
4430.0 4445.0 d -221.841873
4445.0 4505.0 ac -797.775757
4505.0 4525.0 t -329.646606
4525.0 4540.0 ssil -212.611603
4540.0 4560.0 ssil -293.532349 DIE
4560.0 4580.0 d -305.541473
4580.0 4655.0 i -931.946411
4655.0 4670.0 ssil -250.667099
4670.0 4685.0 ssil -221.905930 ZO
4685.0 4775.0 z -1233.300049
4775.0 4860.0 o -941.549072
4860.0 4875.0 ssil -199.160477
4875.0 4890.0 ssil -184.073563 LEUK
4890.0 4910.0 l -235.962585
4910.0 5065.0 eu -1888.949219
5065.0 5090.0 k -367.604431
5090.0 5105.0 ssil -213.654541
5105.0 5135.0 ssil -479.559967 STAAT
5135.0 5165.0 s -440.706512
5165.0 5195.0 t -426.423370
5195.0 5345.0 a -1743.591064
5345.0 5360.0 t -220.672943
5360.0 5375.0 ssil -171.256927
5375.0 5390.0 ssil -178.019257 BIJ
5390.0 5415.0 b -332.042664
5415.0 5610.0 ei -1925.471558
5610.0 5625.0 ssil -229.684662
5625.0 5640.0 ssil -235.971542 HET
5640.0 5655.0 h -233.925552
5655.0 5670.0 ec -279.687256
5670.0 5700.0 t -450.406647
5700.0 5715.0 ssil -231.526443
5715.0 5735.0 ssil -266.527161 GELE
5735.0 5795.0 x -817.054626
5795.0 5950.0 e -1678.615601
5950.0 5990.0 l -530.135437
5990.0 6030.0 @ -431.928680
6030.0 6045.0 ssil -213.659210
6045.0 6060.0 ssil -202.138321 LAKEN
6060.0 6120.0 l -709.260986
6120.0 6385.0 a -2936.836914
6385.0 6425.0 k -565.774170
6425.0 6505.0 @ -911.371216
6505.0 6580.0 n -855.474182
6580.0 6875.0 ssil -3321.270996
.
