#!MLF!#
"/net/aistaff/aki/_same-utterance/wav/01/Oost_Overijsel-Gelderland/2668-1449343187-309857.rec"
0.0 120.0 ssil -1075.757690 DE
120.0 135.0 d -220.862885
135.0 1325.0001 ssil -14067.769531
1325.0 1420.0 ssil -1358.130371 SPREI
1420.0 1545.0 s -1634.350708
1545.0 1640.0 p -1236.577759
1640.0 1695.0 r -852.116577
1695.0 1855.0 ei -1858.014282
1855.0 1870.0 ssil -196.888092
1870.0 1885.0 ssil -196.556122 DIE
1885.0 1920.0 d -547.005737
1920.0 2000.0 i -824.626770
2000.0 2015.0 ssil -207.873978
2015.0 2030.0 ssil -207.102570 JIJ
2030.0 2070.0 j -406.628082
2070.0 2140.0 ei -803.571045
2140.0 2180.0 ssil -517.166565
2180.0 2195.0 ssil -212.436340 BRACHT
2195.0 2230.0 b -511.954712
2230.0 2285.0 r -712.696777
2285.0 2390.0 ac -1279.635864
2390.0 2525.0 x -1785.399292
2525.0 2590.0 t -828.853760
2590.0 2625.0 ssil -419.548523
2625.0 2705.0 ssil -1028.885864 HEEFT
2705.0 2845.0 e -1666.196167
2845.0 2860.0 f -220.178726
2860.0 2880.0 ssil -273.588928
2880.0 2900.0 ssil -257.372772 SUZAN
2900.0 3040.0 z -1754.748901
3040.0 3100.0 y -740.212097
3100.0 3200.0 s -1312.229004
3200.0 3310.0 ac -1202.216064
3310.0 3365.0 n -661.533813
3365.0 3380.0 ssil -218.649170
3380.0 3400.0 ssil -284.357056 ALTIJD
3400.0 3565.0 ac -2131.415527
3565.0 3665.0 l -1360.778809
3665.0 3710.0 t -749.636108
3710.0 3815.0 ei -1196.393433
3815.0 3830.0 t -224.536362
3830.0 3860.0 ssil -418.738220
3860.0 3875.0 ssil -197.423813 AL
3875.0 3890.0 l -215.259933
3890.0 3905.0 ssil -196.264725
3905.0 3920.0 ssil -189.723206 GEWILD
3920.0 3985.0 gc -823.234070
3985.0 4145.0 @ -1716.681885
4145.0 4165.0 w -275.479340
4165.0 4180.0 ic -203.177841
4180.0 4290.0 l -1459.155884
4290.0 4330.0 t -535.411194
4330.0 5050.0 ssil -8843.587891
5050.0 5085.0 ssil -454.069916 OMDAT
5085.0 5165.0 oc -1127.343750
5165.0 5190.0 m -357.983002
5190.0 5275.0 d -1118.089600
5275.0 5330.0 ac -696.978394
5330.0 5345.0 t -250.126892
5345.0 5375.0 ssil -424.408020
5375.0 5390.0 ssil -230.394730 DIE
5390.0 5425.0 d -480.076447
5425.0 5460.0 i -423.554230
5460.0 5475.0 ssil -218.615402
5475.0 5490.0 ssil -216.900940 ZO
5490.0 5595.0 z -1358.609863
5595.0 5635.0 o -478.750122
5635.0 5650.0 ssil -193.545273
5650.0 5665.0 ssil -185.480286 LEUK
5665.0 5715.0 l -659.509155
5715.0 5820.0 eu -1148.561523
5820.0 5835.0 k -231.000885
5835.0 5850.0 ssil -221.349380
5850.0 5865.0 ssil -225.027496 STAAT
5865.0 5945.0 s -1057.119873
5945.0 6005.0 t -840.529114
6005.0 6155.0 a -1562.714722
6155.0 6170.0 t -232.667221
6170.0 6185.0 ssil -189.912888
6185.0 6200.0 ssil -179.640869 BIJ
6200.0 6270.0 b -894.297058
6270.0 6365.0 ei -1435.565918
6365.0 6380.0 ssil -198.206131
6380.0 6400.0 ssil -285.494080 HET
6400.0 6415.0 h -240.303696
6415.0 6450.0 ec -515.253540
6450.0 6465.0 t -207.985016
6465.0 6525.0 ssil -761.683289
6525.0 6550.0 ssil -348.406097 GELE
6550.0 6645.0 x -1299.904297
6645.0 6745.0 e -1003.932373
6745.0 6760.0 l -211.000412
6760.0 6775.0 @ -207.341507
6775.0 6790.0 ssil -216.165268
6790.0 6805.0 ssil -226.228149 LAKEN
6805.0 6940.0 l -1664.609253
6940.0 7200.0 ac -3169.420166
7200.0 7245.0 k -629.401794
7245.0 7285.0 @ -585.214417
7285.0 8035.0 ssil -9187.172852
.
