#!MLF!#
"/net/aistaff/aki/_same-utterance/wav/01/Oost_Overijsel-Gelderland/2682-1449346805-313030.rec"
0.0 415.0 ssil -4070.826172 DE
415.0 445.0 d -435.493530
445.0 490.0 @ -519.183899
490.0 505.0 ssil -226.567749
505.0 520.0 ssil -215.833313 SPREI
520.0 655.0 s -1829.568970
655.0 685.0 p -473.617493
685.0 750.0 r -940.053223
750.0 765.0 ei -251.861389
765.0 785.0 ssil -323.855743
785.0 920.0 ssil -1946.340454 DIE
920.0 940.0 d -333.021057
940.0 975.0 i -556.283081
975.0 990.0 ssil -278.541168
990.0 1010.0 ssil -323.798035 JIJ
1010.0 1135.0 j -1426.844238
1135.0 1190.0 ei -601.773926
1190.0 1235.0 ssil -545.756226
1235.0 1250.0 ssil -212.070755 BRACHT
1250.0 1285.0 b -528.679443
1285.0 1340.0 r -760.675964
1340.0 1475.0 ac -1625.340576
1475.0 1555.0 x -1150.034180
1555.0 1630.0 t -1109.204346
1630.0 1645.0 ssil -233.164276
1645.0 1660.0 ssil -210.173767 HEEFT
1660.0 1725.0 e -889.204407
1725.0 1740.0 f -215.122284
1740.0 1755.0 ssil -211.982986
1755.0 1775.0 ssil -280.811646 SUZAN
1775.0 1855.0 s -1094.566162
1855.0 1925.0 y -987.591736
1925.0 2005.0 s -1129.041260
2005.0 2125.0 ac -1379.718506
2125.0 2155.0 n -454.786804
2155.0 2175.0 ssil -304.361542
2175.0 2215.0 ssil -578.686096 ALTIJD
2215.0 2425.0 ac -3001.082520
2425.0 2465.0 l -804.912292
2465.0 2515.0 t -980.414001
2515.0 2540.0 ei -415.940918
2540.0 2570.0 t -527.391541
2570.0 2595.0 ssil -462.631592
2595.0 2610.0 ssil -268.796631 AL
2610.0 2725.0 ac -1381.702148
2725.0 2750.0 l -353.268280
2750.0 2765.0 ssil -221.298874
2765.0 2780.0 ssil -219.142380 GEWILD
2780.0 2830.0 gc -702.749451
2830.0 2875.0 @ -561.158386
2875.0 2910.0 w -399.099823
2910.0 2985.0 ic -817.722778
2985.0 3090.0 l -1251.360596
3090.0 3110.0 ssil -325.197906
3110.0 3145.0 ssil -650.164062 OMDAT
3145.0 3220.0 oc -991.175781
3220.0 3285.0 m -824.818848
3285.0 3300.0 d -207.440414
3300.0 3355.0 ac -698.136414
3355.0 3370.0 t -253.814713
3370.0 3385.0 ssil -259.203217
3385.0 3400.0 ssil -268.662628 DIE
3400.0 3420.0 d -336.841858
3420.0 3455.0 i -486.821564
3455.0 3470.0 ssil -209.108994
3470.0 3485.0 ssil -211.690826 ZO
3485.0 3585.0 z -1276.254639
3585.0 3600.0 o -226.756104
3600.0 3615.0 ssil -213.299301
3615.0 3630.0 ssil -212.125153 LEUK
3630.0 3735.0 l -1360.722778
3735.0 3865.0 eu -1694.052979
3865.0 3900.0 k -524.314880
3900.0 3950.0 ssil -838.982910
3950.0 3970.0 ssil -335.752625 STAAT
3970.0 3995.0 s -382.775787
3995.0 4030.0 t -508.022369
4030.0 4160.0 a -1377.317627
4160.0 4175.0 t -221.292114
4175.0 4190.0 ssil -199.074448
4190.0 4225.0 ssil -456.636749 BIJ
4225.0 4250.0 b -361.443817
4250.0 4410.0 ei -1655.018677
4410.0 4425.0 ssil -239.946426
4425.0 4440.0 ssil -222.505997 HET
4440.0 4455.0 h -255.911819
4455.0 4470.0 ec -251.913483
4470.0 4485.0 t -215.648392
4485.0 4500.0 ssil -205.556168
4500.0 4530.0 ssil -419.269104 GELE
4530.0 4575.0 gc -620.935913
4575.0 4705.0 e -1359.298706
4705.0 4750.0 l -600.800598
4750.0 4790.0 @ -433.290649
4790.0 4805.0 ssil -213.094513
4805.0 4820.0 ssil -195.095001 LAKEN
4820.0 4890.0 l -786.643616
4890.0 5040.0 a -1743.831055
5040.0 5055.0 k -226.333115
5055.0 5070.0 @ -216.646118
5070.0 5085.0 ssil -195.586960
.
