#!MLF!#
"/net/aistaff/aki/_same-utterance/wav/01/Oost_Overijsel-Gelderland/3377-1449531177-465477.rec"
0.0 15.0 ssil -156.049561 DE
15.0 30.0 d -183.005341
30.0 95.0 @ -567.101074
95.0 510.0 ssil -5028.749512
510.0 645.0 ssil -1868.238647 SPREI
645.0 745.0 s -1280.705688
745.0 815.0 p -979.636292
815.0 970.0 r -1835.474243
970.0 1065.0 ei -1113.419678
1065.0 1080.0 ssil -192.241531
1080.0 1095.0 ssil -216.053345 DIE
1095.0 1125.0 d -494.541962
1125.0 1225.0 i -1085.772705
1225.0 1240.0 ssil -218.191650
1240.0 1255.0 ssil -212.791229 JIJ
1255.0 1325.0 j -728.360962
1325.0 1450.0 ei -1195.473755
1450.0 1465.0 ssil -220.598862
1465.0 1480.0 ssil -206.513428 BRACHT
1480.0 1575.0 b -1198.878784
1575.0 1635.0 r -768.296692
1635.0 1760.0 ac -1450.922485
1760.0 1840.0 x -1028.460693
1840.0 1905.0 t -879.863831
1905.0 1925.0 ssil -277.759888
1925.0 1940.0 ssil -199.203186 HEEFT
1940.0 2000.0 e -680.813416
2000.0 2065.0 f -892.993408
2065.0 2100.0 t -514.281433
2100.0 2115.0 ssil -234.003830
2115.0 2130.0 ssil -232.231400 SUZAN
2130.0 2230.0 s -1308.075195
2230.0 2290.0 y -816.485474
2290.0 2360.0 s -991.022644
2360.0 2430.0 ac -850.937439
2430.0 2510.0 n -1168.850586
2510.0 2535.0 ssil -354.691376
2535.0 2635.0 ssil -1369.421021 ALTIJD
2635.0 2720.0 ac -1161.695679
2720.0 2840.0 l -1436.938354
2840.0 2940.0 t -1444.834595
2940.0 3035.0 ei -1103.359131
3035.0 3050.0 t -236.755264
3050.0 3065.0 ssil -239.891281
3065.0 3080.0 ssil -229.774887 AL
3080.0 3160.0 l -980.176331
3160.0 3175.0 ssil -235.099457
3175.0 3190.0 ssil -224.301498 GEWILD
3190.0 3295.0 x -1432.888062
3295.0 3420.0 w -1407.908081
3420.0 3465.0 ic -495.687805
3465.0 3610.0 l -1869.862671
3610.0 3680.0 t -931.849854
3680.0 3800.0 ssil -1514.248413
3800.0 4170.0 ssil -4534.548340 OMDAT
4170.0 4190.0 @ -336.490936
4190.0 4230.0 m -611.824158
4230.0 4260.0 d -438.371155
4260.0 4275.0 ac -230.252792
4275.0 4290.0 t -233.676758
4290.0 4305.0 ssil -218.607208
4305.0 4320.0 ssil -229.478790 DIE
4320.0 4340.0 d -273.029205
4340.0 4355.0 i -266.594177
4355.0 4370.0 ssil -227.936005
4370.0 4385.0 ssil -228.416290 ZO
4385.0 4485.0 z -1301.682617
4485.0 4545.0 o -771.068848
4545.0 4560.0 ssil -210.575394
4560.0 4575.0 ssil -193.907852 LEUK
4575.0 4645.0 l -943.358093
4645.0 4805.0 eu -1899.098389
4805.0 4840.0 k -591.267456
4840.0 4855.0 ssil -273.003174
4855.0 4870.0 ssil -226.561768 STAAT
4870.0 4960.0 s -1121.231689
4960.0 5015.0 t -787.569885
5015.0 5210.0 a -2177.991211
5210.0 5260.0 t -655.025757
5260.0 5275.0 ssil -198.349777
5275.0 5290.0 ssil -196.786667 BIJ
5290.0 5345.0 b -695.977478
5345.0 5400.0 ei -677.536438
5400.0 5445.0 ssil -643.325500
5445.0 5460.0 ssil -229.742844 HET
5460.0 5480.0 h -289.200317
5480.0 5545.0 ec -926.677612
5545.0 5590.0 t -622.196411
5590.0 5605.0 ssil -241.051514
5605.0 5620.0 ssil -242.790161 GELE
5620.0 5720.0 gc -1325.744507
5720.0 5860.0 e -1674.253418
5860.0 5895.0 l -437.560699
5895.0 5940.0 @ -593.344177
5940.0 5955.0 ssil -236.627548
5955.0 5970.0 ssil -202.606140 LAKEN
5970.0 6025.0 l -752.841675
6025.0 6215.0 a -2177.396729
6215.0 6295.0 k -1104.244141
6295.0 6350.0 @ -724.615845
6350.0 6620.0 ssil -3434.606934
.
