#!MLF!#
"/net/aistaff/aki/_same-utterance/wav/01/Oost_Overijsel-Gelderland/3477-1449583164-479277.rec"
0.0 90.0 ssil -782.792847 DE
90.0 125.0 d -502.629761
125.0 155.0 ssil -474.066132
155.0 390.0 ssil -2920.362549 SPREI
390.0 485.0 s -1261.202759
485.0 565.0 p -1021.752197
565.0 615.0 r -763.942200
615.0 835.0 ei -2480.670654
835.0 850.0 ssil -209.510742
850.0 865.0 ssil -198.016342 DIE
865.0 880.0 d -212.433167
880.0 975.0 i -1029.065796
975.0 990.0 ssil -236.852997
990.0 1005.0 ssil -231.826950 JIJ
1005.0 1020.0 j -217.374649
1020.0 1035.0 ei -222.034241
1035.0 1050.0 ssil -199.428741
1050.0 1065.0 ssil -205.675720 BRACHT
1065.0 1090.0 b -371.011475
1090.0 1130.0 r -592.737793
1130.0 1290.0 ac -1932.147827
1290.0 1305.0 x -213.360596
1305.0 1325.0 ssil -262.445526
1325.0 1360.0 ssil -447.425232 HEEFT
1360.0 1375.0 e -210.375427
1375.0 1390.0 f -244.720184
1390.0 1415.0 ssil -387.688507
1415.0 1440.0 ssil -369.632141 SUZAN
1440.0 1565.0 s -1699.978271
1565.0 1620.0 @ -665.366882
1620.0 1710.0 n -930.916321
1710.0 1725.0 ssil -239.011353
1725.0 1740.0 ssil -253.435364 ALTIJD
1740.0 1875.0 ac -1592.268555
1875.0 1915.0 l -519.972107
1915.0 1945.0 t -451.956238
1945.0 1960.0 ei -199.688171
1960.0 1975.0 t -221.149048
1975.0 1990.0 ssil -208.160706
1990.0 2005.0 ssil -208.361359 AL
2005.0 2190.0 ac -1929.076294
2190.0 2215.0 l -313.051758
2215.0 2230.0 ssil -177.487000
2230.0 2245.0 ssil -187.370285 GEWILD
2245.0 2260.0 gc -210.611465
2260.0 2310.0 w -651.238586
2310.0 2335.0 ic -337.580627
2335.0 2455.0 l -1454.815552
2455.0 2560.0 t -1500.535522
2560.0 2615.0 ssil -789.696289
2615.0 2845.0 ssil -2989.210449 OMDAT
2845.0 2905.0 m -760.557434
2905.0 2920.0 d -222.548355
2920.0 3010.0 ac -1032.901367
3010.0 3025.0 t -214.119171
3025.0 3045.0 ssil -237.345978
3045.0 3070.0 ssil -328.788239 DIE
3070.0 3085.0 d -208.889206
3085.0 3100.0 i -198.339676
3100.0 3120.0 ssil -272.691864
3120.0 3135.0 ssil -202.210052 ZO
3135.0 3180.0 z -556.021545
3180.0 3195.0 o -199.067688
3195.0 3210.0 ssil -205.915405
3210.0 3225.0 ssil -211.006363 LEUK
3225.0 3295.0 l -920.164490
3295.0 3385.0 eu -1041.436646
3385.0 3400.0 k -238.564270
3400.0 3420.0 ssil -293.921387
3420.0 3455.0 ssil -513.098083 STAAT
3455.0 3480.0 s -324.122559
3480.0 3535.0 t -798.660645
3535.0 3550.0 a -269.889252
3550.0 3570.0 t -271.198853
3570.0 3585.0 ssil -238.026154
3585.0 3600.0 ssil -238.214264 BIJ
3600.0 3615.0 b -223.386322
3615.0 3990.0 ei -4911.511719
3990.0 4005.0 ssil -230.788666
4005.0 4035.0 ssil -414.230988 HET
4035.0 4100.0 h -842.959351
4100.0 4115.0 ec -210.077789
4115.0 4145.0 t -403.313263
4145.0 4160.0 ssil -189.902069
4160.0 4175.0 ssil -187.231430 GELE
4175.0 4195.0 gc -266.682312
4195.0 4330.0 ic -1728.166138
4330.0 4345.0 l -202.398392
4345.0 4370.0 @ -289.188995
4370.0 4385.0 ssil -193.020493
4385.0 4400.0 ssil -197.684586 LAKEN
4400.0 4460.0 l -746.987244
4460.0 4635.0 a -1985.607788
4635.0 4650.0 k -240.476746
4650.0 4670.0 @ -250.048203
4670.0 4765.0 n -1036.543823
4765.0 5110.0 ssil -4199.111328
.
