#!MLF!#
"/net/aistaff/aki/_same-utterance/wav/01/Oost_Overijsel-Gelderland/3583-1449603224-501445.rec"
0.0 640.0 ssil -7540.747559 DE
640.0 695.0 d -702.808899
695.0 750.0 @ -665.741028
750.0 770.0 ssil -287.016235
770.0 785.0 ssil -200.542160 SPREI
785.0 855.0 s -923.220398
855.0 920.0 p -928.852722
920.0 955.0 r -521.715881
955.0 1120.0 ei -1870.900391
1120.0 1135.0 ssil -190.585846
1135.0 1150.0 ssil -211.349960 DIE
1150.0 1165.0 d -208.767822
1165.0 1205.0 i -444.479523
1205.0 1220.0 ssil -177.409790
1220.0 1235.0 ssil -171.556763 JIJ
1235.0 1315.0 j -922.066467
1315.0 1410.0 ei -1008.769836
1410.0 1450.0 ssil -499.152435
1450.0 1465.0 ssil -222.492401 BRACHT
1465.0 1510.0 b -689.352722
1510.0 1570.0 r -759.795898
1570.0 1695.0 ac -1331.893921
1695.0 1805.0 x -1465.626099
1805.0 1870.0 t -881.039368
1870.0 1890.0 ssil -251.344284
1890.0 1915.0 ssil -304.496063 HEEFT
1915.0 1960.0 h -542.597778
1960.0 2075.0 e -1203.303589
2075.0 2090.0 f -204.548569
2090.0 2105.0 ssil -175.111847
2105.0 2135.0 ssil -327.573547 SUZAN
2135.0 2205.0 z -864.268188
2205.0 2300.0 y -1041.231567
2300.0 2355.0 s -734.170532
2355.0 2465.0 ac -1330.391846
2465.0 2540.0 n -990.108765
2540.0 2555.0 ssil -217.960724
2555.0 2570.0 ssil -219.965729 ALTIJD
2570.0 2790.0 ac -3084.417480
2790.0 2820.0 l -429.835968
2820.0 2865.0 t -706.152161
2865.0 3045.0 ei -2360.950684
3045.0 3060.0 t -232.377945
3060.0 3075.0 ssil -220.731873
3075.0 3095.0 ssil -287.358124 AL
3095.0 3210.0 l -1281.355469
3210.0 3225.0 ssil -219.919693
3225.0 3250.0 ssil -372.480927 GEWILD
3250.0 3295.0 x -617.813904
3295.0 3335.0 @ -494.550537
3335.0 3415.0 w -873.497131
3415.0 3470.0 ic -579.678040
3470.0 3605.0 l -1531.778076
3605.0 3700.0 t -1279.626709
3700.0 3775.0 ssil -993.351074
3775.0 3855.0 ssil -1094.807983 OMDAT
3855.0 3950.0 oc -1135.911987
3950.0 4050.0 m -1129.104492
4050.0 4075.0 d -362.565674
4075.0 4150.0 ac -892.601562
4150.0 4165.0 t -229.314529
4165.0 4180.0 ssil -206.503983
4180.0 4195.0 ssil -228.116150 DIE
4195.0 4230.0 d -538.037170
4230.0 4285.0 i -674.567932
4285.0 4300.0 ssil -200.272919
4300.0 4315.0 ssil -207.165054 ZO
4315.0 4370.0 z -721.105835
4370.0 4425.0 o -659.395020
4425.0 4440.0 ssil -202.091019
4440.0 4455.0 ssil -190.620560 LEUK
4455.0 4510.0 l -728.867798
4510.0 4630.0 eu -1411.059937
4630.0 4655.0 k -377.109741
4655.0 4670.0 ssil -209.569992
4670.0 4685.0 ssil -192.441788 STAAT
4685.0 4750.0 s -823.725281
4750.0 4780.0 t -434.657288
4780.0 4960.0 a -2024.245361
4960.0 4990.0 t -433.094574
4990.0 5020.0 ssil -434.405121
5020.0 5060.0 ssil -522.179077 BIJ
5060.0 5090.0 b -421.549500
5090.0 5255.0 ei -1857.346680
5255.0 5270.0 ssil -238.229111
5270.0 5295.0 ssil -353.887665 HET
5295.0 5310.0 h -230.117340
5310.0 5325.0 ec -247.195999
5325.0 5345.0 t -270.364502
5345.0 5360.0 ssil -228.914719
5360.0 5385.0 ssil -396.237610 GELE
5385.0 5420.0 gc -569.238464
5420.0 5570.0 e -1465.469360
5570.0 5625.0 l -648.746216
5625.0 5655.0 @ -297.270935
5655.0 5670.0 ssil -204.631729
5670.0 5685.0 ssil -207.711441 LAKEN
5685.0 5775.0 l -999.766235
5775.0 5980.0 a -2544.968994
5980.0 6040.0 k -821.333984
6040.0 6110.0 @ -858.437134
6110.0 6150.0 n -501.756470
6150.0 6595.0 ssil -5052.217285
.
