#!MLF!#
"/net/aistaff/aki/_same-utterance/wav/01/Oost_Overijsel-Gelderland/3702-1449668720-532233.rec"
0.0 125.0 ssil -1274.846558 DE
125.0 140.0 d -236.558365
140.0 635.0 ssil -6075.383301
635.0 700.0 ssil -887.166016 SPREI
700.0 850.0 s -1926.199829
850.0 890.0 p -556.540222
890.0 955.0 r -790.679932
955.0 1175.0 ei -2551.475342
1175.0 1190.0 ssil -222.214447
1190.0 1205.0 ssil -203.999390 DIE
1205.0 1250.0 d -618.205566
1250.0 1300.0 i -670.649109
1300.0 1315.0 ssil -199.070435
1315.0 1330.0 ssil -195.200119 JIJ
1330.0 1450.0 j -1389.575439
1450.0 1550.0 ei -1103.593506
1550.0 1585.0 ssil -463.358612
1585.0 1605.0 ssil -239.550354 BRACHT
1605.0 1645.0 b -550.656738
1645.0 1700.0 r -576.513062
1700.0 1830.0 ac -1498.452515
1830.0 1905.0 x -965.334656
1905.0 1955.0 t -694.550659
1955.0 1970.0 ssil -219.211533
1970.0 1985.0 ssil -209.837753 HEEFT
1985.0 2085.0 e -1156.563599
2085.0 2100.0 f -206.807907
2100.0 2140.0 ssil -567.389160
2140.0 2165.0 ssil -430.303558 SUZAN
2165.0 2255.0 z -1220.121826
2255.0 2290.0 y -426.195465
2290.0 2385.0 s -1271.055786
2385.0 2485.0 ac -1268.310059
2485.0 2545.0 n -667.820496
2545.0 2560.0 ssil -230.231842
2560.0 2575.0 ssil -214.714371 ALTIJD
2575.0 2750.0 ac -2215.990967
2750.0 2790.0 l -515.738098
2790.0 2850.0 t -798.489868
2850.0 3010.0 ei -1723.306274
3010.0 3050.0 t -569.447998
3050.0 3075.0 ssil -355.768951
3075.0 3095.0 ssil -291.151764 AL
3095.0 3175.0 ac -992.421631
3175.0 3250.0 l -880.356567
3250.0 3265.0 ssil -225.592300
3265.0 3280.0 ssil -217.697311 GEWILD
3280.0 3370.0 gc -1091.379883
3370.0 3450.0 w -865.127319
3450.0 3540.0 ic -852.805115
3540.0 3670.0 l -1584.190796
3670.0 3880.0 t -2556.698242
3880.0 4205.0 ssil -4018.500000
4205.0 4230.0 ssil -370.093353 OMDAT
4230.0 4270.0 oc -509.323395
4270.0 4315.0 m -490.135590
4315.0 4380.0 d -900.105835
4380.0 4420.0 ac -500.177856
4420.0 4435.0 t -265.067352
4435.0 4465.0 ssil -425.701324
4465.0 4480.0 ssil -243.690445 DIE
4480.0 4515.0 d -587.006226
4515.0 4590.0 i -956.781677
4590.0 4605.0 ssil -206.705505
4605.0 4620.0 ssil -238.698380 ZO
4620.0 4680.0 z -771.399475
4680.0 4755.0 o -839.959717
4755.0 4770.0 ssil -198.958893
4770.0 4785.0 ssil -188.450378 LEUK
4785.0 4840.0 l -686.386780
4840.0 4935.0 eu -1054.190063
4935.0 4960.0 k -366.158447
4960.0 4980.0 ssil -304.495453
4980.0 4995.0 ssil -233.913193 STAAT
4995.0 5105.0 s -1468.637207
5105.0 5145.0 t -638.874695
5145.0 5295.0 a -1841.481689
5295.0 5310.0 t -225.479858
5310.0 5325.0 ssil -192.487503
5325.0 5340.0 ssil -182.816162 BIJ
5340.0 5375.0 b -472.205780
5375.0 5525.0 ei -1429.210327
5525.0 5540.0 ssil -213.462402
5540.0 5555.0 ssil -217.182663 HET
5555.0 5570.0 h -186.964920
5570.0 5585.0 ec -256.492950
5585.0 5610.0 t -364.139069
5610.0 5625.0 ssil -218.099945
5625.0 5640.0 ssil -231.540634 GELE
5640.0 5735.0 x -1221.299683
5735.0 5845.0 e -1295.626709
5845.0 5895.0 l -648.428223
5895.0 5965.0 @ -712.778503
5965.0 5980.0 ssil -198.564636
5980.0 5995.0 ssil -182.550186 LAKEN
5995.0 6055.0 l -652.885132
6055.0 6285.0 a -2413.070312
6285.0 6330.0 k -659.230469
6330.0 6470.0 @ -1881.273315
6470.0 7035.0 ssil -6699.984375
.
