#!MLF!#
"/net/aistaff/aki/_same-utterance/wav/01/Oost_Overijsel-Gelderland/3748-1449692852-550624.rec"
0.0 310.0 ssil -2723.745850 DE
310.0 335.0 d -320.301727
335.0 520.0 ssil -2209.869873
520.0 570.0 ssil -702.194824 SPREI
570.0 735.0 s -2105.182129
735.0 770.0 p -460.790070
770.0 985.0 r -2822.959229
985.0 1050.0 ei -979.465393
1050.0 1065.0 ssil -213.918274
1065.0 1080.0 ssil -222.827866 DIE
1080.0 1100.0 d -306.545227
1100.0 1270.0 i -1994.859375
1270.0 1285.0 ssil -245.999619
1285.0 1300.0 ssil -207.380768 JIJ
1300.0 1315.0 j -178.926666
1315.0 1330.0 ei -193.474075
1330.0 1345.0 ssil -189.832413
1345.0 1360.0 ssil -206.379990 BRACHT
1360.0 1380.0 b -277.565186
1380.0 1450.0 r -846.398010
1450.0 1540.0 ac -1164.709717
1540.0 1610.0 x -913.638184
1610.0 1680.0 t -926.696594
1680.0 1695.0 ssil -218.821991
1695.0 1710.0 ssil -209.955933 HEEFT
1710.0 1800.0 e -1119.234985
1800.0 1815.0 f -222.585281
1815.0 1830.0 ssil -206.871872
1830.0 1845.0 ssil -212.073608 SUZAN
1845.0 1910.0 z -867.949524
1910.0 1960.0 y -654.969360
1960.0 2040.0 s -1080.105103
2040.0 2150.0 ac -1414.949585
2150.0 2185.0 n -528.751038
2185.0 2200.0 ssil -249.507980
2200.0 2215.0 ssil -243.462296 ALTIJD
2215.0 2305.0 ac -1117.079346
2305.0 2375.0 l -1014.518677
2375.0 2420.0 t -648.230774
2420.0 2435.0 ei -231.955460
2435.0 2485.0 t -702.507874
2485.0 2500.0 ssil -231.777908
2500.0 2515.0 ssil -231.537537 AL
2515.0 2615.0 l -1315.515869
2615.0 2630.0 ssil -226.356110
2630.0 2645.0 ssil -229.773651 GEWILD
2645.0 2710.0 gc -854.799377
2710.0 2800.0 w -1166.359497
2800.0 2830.0 ic -486.069153
2830.0 2950.0 l -1594.439331
2950.0 3020.0 t -951.673706
3020.0 3245.0 ssil -2619.845703
3245.0 3380.0 ssil -1723.050537 OMDAT
3380.0 3405.0 oc -358.207001
3405.0 3460.0 m -777.173218
3460.0 3490.0 d -447.624176
3490.0 3555.0 ac -893.162292
3555.0 3570.0 t -250.997940
3570.0 3585.0 ssil -228.736359
3585.0 3600.0 ssil -214.394730 DIE
3600.0 3615.0 d -222.954422
3615.0 3640.0 i -326.840851
3640.0 3655.0 ssil -205.698990
3655.0 3670.0 ssil -221.651840 ZO
3670.0 3785.0 s -1432.082886
3785.0 3805.0 o -267.199646
3805.0 3820.0 ssil -213.251968
3820.0 3835.0 ssil -221.357513 LEUK
3835.0 3915.0 l -999.724243
3915.0 4010.0 eu -1229.721802
4010.0 4040.0 k -465.867157
4040.0 4055.0 ssil -219.047653
4055.0 4070.0 ssil -202.519409 STAAT
4070.0 4105.0 s -450.031555
4105.0 4160.0 t -719.783447
4160.0 4310.0 a -1879.066040
4310.0 4330.0 t -299.616608
4330.0 4355.0 ssil -304.945862
4355.0 4380.0 ssil -295.778870 BIJ
4380.0 4415.0 b -507.334198
4415.0 4500.0 ei -1101.093506
4500.0 4515.0 ssil -213.540344
4515.0 4530.0 ssil -229.460327 HET
4530.0 4545.0 h -220.172699
4545.0 4560.0 ec -222.482147
4560.0 4600.0 t -558.432251
4600.0 4615.0 ssil -224.224945
4615.0 4635.0 ssil -268.094727 GELE
4635.0 4695.0 gc -850.993896
4695.0 4835.0 e -1825.786377
4835.0 4860.0 l -332.570801
4860.0 4875.0 @ -204.048553
4875.0 4890.0 ssil -214.839294
4890.0 4905.0 ssil -209.209457 LAKEN
4905.0 5005.0 l -1279.338013
5005.0 5160.0 a -1827.796631
5160.0 5250.0 k -1236.653320
5250.0 5280.0 @ -414.363617
5280.0 5850.0 ssil -6196.465332
.
