#!MLF!#
"/net/aistaff/aki/_same-utterance/wav/01/Oost_Overijsel-Gelderland/3975-1449925308-607539.rec"
0.0 395.0 ssil -4202.297852 DE
395.0 520.0 d -1572.351807
520.0 610.0 @ -1093.541870
610.0 625.0 ssil -232.569000
625.0 640.0 ssil -219.204254 SPREI
640.0 715.0 z -959.027649
715.0 780.0 p -860.517273
780.0 840.0 r -806.128967
840.0 1100.0 ei -2854.034424
1100.0 1115.0 ssil -209.532639
1115.0 1130.0 ssil -207.359024 DIE
1130.0 1145.0 d -220.985519
1145.0 1265.0 i -1250.751587
1265.0 1280.0 ssil -193.694839
1280.0 1295.0 ssil -205.056030 JIJ
1295.0 1310.0 j -190.247955
1310.0 1420.0 ei -1304.552856
1420.0 1435.0 ssil -231.582626
1435.0 1460.0 ssil -346.587708 BRACHT
1460.0 1475.0 b -213.198654
1475.0 1520.0 r -536.583923
1520.0 1635.0 ac -1410.663818
1635.0 1650.0 x -231.368591
1650.0 1670.0 ssil -281.989380
1670.0 1730.0 ssil -815.309998 HEEFT
1730.0 1745.0 h -200.600128
1745.0 1835.0 e -1065.270264
1835.0 1850.0 f -250.351852
1850.0 1905.0 ssil -841.508606
1905.0 1920.0 ssil -223.635880 SUZAN
1920.0 2045.0 z -1711.993042
2045.0 2060.0 @ -205.287018
2060.0 2075.0 s -244.168625
2075.0 2155.0 ac -1015.721619
2155.0 2195.0 n -543.750549
2195.0 2215.0 ssil -295.755310
2215.0 2280.0 ssil -935.363831 ALTIJD
2280.0 2425.0 ac -1886.715942
2425.0 2450.0 l -373.145844
2450.0 2485.0 t -553.794434
2485.0 2500.0 ei -241.765884
2500.0 2525.0 t -403.255066
2525.0 2545.0 ssil -295.829071
2545.0 2610.0 ssil -1001.250916 AL
2610.0 2725.0 ac -1276.597290
2725.0 2740.0 l -218.304459
2740.0 2755.0 ssil -229.332092
2755.0 2770.0 ssil -228.052963 GEWILD
2770.0 2835.0 x -864.217712
2835.0 2860.0 @ -342.464844
2860.0 2950.0 w -1018.910767
2950.0 2965.0 ic -172.652969
2965.0 3125.0 l -1698.654175
3125.0 3190.0 t -877.957397
3190.0 3205.0 ssil -220.209595
3205.0 3220.0 ssil -210.312592 OMDAT
3220.0 3270.0 oc -580.482605
3270.0 3365.0 m -1114.669067
3365.0 3380.0 d -216.363358
3380.0 3450.0 ac -873.478088
3450.0 3465.0 t -250.184555
3465.0 3480.0 ssil -227.583130
3480.0 3500.0 ssil -297.516113 DIE
3500.0 3520.0 d -300.792480
3520.0 3580.0 i -786.316833
3580.0 3595.0 ssil -220.552063
3595.0 3610.0 ssil -215.766754 ZO
3610.0 3680.0 z -927.918091
3680.0 3705.0 o -298.226410
3705.0 3720.0 ssil -206.669006
3720.0 3735.0 ssil -221.686218 LEUK
3735.0 3790.0 l -660.617798
3790.0 3910.0 eu -1354.008667
3910.0 3930.0 k -295.598694
3930.0 3945.0 ssil -210.406754
3945.0 3960.0 ssil -206.030960 STAAT
3960.0 4020.0 s -815.918457
4020.0 4065.0 t -678.000916
4065.0 4230.0 a -1864.034546
4230.0 4245.0 t -214.622131
4245.0 4260.0 ssil -187.893997
4260.0 4275.0 ssil -192.744278 BIJ
4275.0 4295.0 b -267.712341
4295.0 4440.0 ei -1605.133667
4440.0 4455.0 ssil -194.607010
4455.0 4470.0 ssil -196.328201 HET
4470.0 4485.0 h -209.503235
4485.0 4500.0 ec -226.405136
4500.0 4560.0 t -862.601562
4560.0 4575.0 ssil -215.444214
4575.0 4590.0 ssil -197.768921 GELE
4590.0 4620.0 gc -486.503296
4620.0 4760.0 e -1711.583618
4760.0 4785.0 l -346.317596
4785.0 4820.0 @ -396.604614
4820.0 4835.0 ssil -183.865799
4835.0 4850.0 ssil -211.281296 LAKEN
4850.0 4915.0 l -816.312256
4915.0 5180.0 a -3008.534668
5180.0 5225.0 k -673.283936
5225.0 5440.0 @ -2423.677734
5440.0 5475.0 n -415.241425
5475.0 5645.0 ssil -2100.174072
.
