#!MLF!#
"/net/aistaff/aki/_same-utterance/wav/01/Oost_Overijsel-Gelderland/4245-1450040409-658433.rec"
0.0 15.0 ssil -164.294662 DE
15.0 30.0 d -193.595535
30.0 285.0 @ -2354.401123
285.0 1220.0 ssil -11170.797852
1220.0 1475.0 ssil -3150.677979 SPREI
1475.0 1610.0 s -1729.066772
1610.0 1705.0 p -1208.967041
1705.0 1720.0 r -204.011215
1720.0 1910.0 ei -2125.124268
1910.0 1925.0 ssil -254.487381
1925.0 1940.0 ssil -228.717453 DIE
1940.0 1970.0 d -471.927124
1970.0 2100.0 i -1598.763062
2100.0 2115.0 ssil -243.624908
2115.0 2130.0 ssil -225.289139 JIJ
2130.0 2150.0 j -227.731232
2150.0 2240.0 ei -940.544556
2240.0 2285.0 ssil -576.929688
2285.0 2330.0 ssil -591.894775 BRACHT
2330.0 2355.0 b -343.095673
2355.0 2465.0 r -1337.626953
2465.0 2490.0 ac -326.550507
2490.0 2620.0 x -1813.068237
2620.0 2725.0 t -1428.185303
2725.0 2740.0 ssil -219.668732
2740.0 2765.0 ssil -371.144348 HEEFT
2765.0 2780.0 h -220.650436
2780.0 2860.0 e -932.442200
2860.0 2895.0 f -483.480560
2895.0 2910.0 ssil -207.337067
2910.0 2940.0 ssil -425.996155 SUZAN
2940.0 2985.0 s -591.986023
2985.0 3040.0 y -675.056946
3040.0 3120.0 s -1050.684326
3120.0 3195.0 ac -874.831787
3195.0 3250.0 n -821.158569
3250.0 3290.0 ssil -576.011963
3290.0 3315.0 ssil -379.893005 ALTIJD
3315.0 3415.0 ac -1342.550903
3415.0 3480.0 l -955.746460
3480.0 3565.0 t -1329.711792
3565.0 3645.0 ei -942.508606
3645.0 3690.0 t -706.753906
3690.0 3705.0 ssil -255.425079
3705.0 3730.0 ssil -417.936737 AL
3730.0 3780.0 ac -697.035583
3780.0 3835.0 l -764.483337
3835.0 3850.0 ssil -251.130768
3850.0 3865.0 ssil -236.186890 GEWILD
3865.0 3930.0 gc -911.326843
3930.0 3960.0 @ -372.496124
3960.0 4030.0 w -851.825806
4030.0 4085.0 ic -622.965820
4085.0 4200.0 l -1440.528809
4200.0 4295.0 t -1319.076904
4295.0 4370.0 ssil -1137.945557
4370.0 4780.0 ssil -5214.474609 OMDAT
4780.0 4815.0 oc -453.385681
4815.0 4925.0 m -1361.961792
4925.0 4975.0 d -717.352234
4975.0 5030.0 ac -774.224365
5030.0 5045.0 t -243.841232
5045.0 5070.0 ssil -340.073639
5070.0 5105.0 ssil -563.243164 DIE
5105.0 5125.0 d -377.204681
5125.0 5185.0 i -741.420288
5185.0 5200.0 ssil -233.491013
5200.0 5215.0 ssil -221.467331 ZO
5215.0 5295.0 z -1187.574585
5295.0 5360.0 o -862.199585
5360.0 5375.0 ssil -212.128387
5375.0 5390.0 ssil -209.013672 LEUK
5390.0 5430.0 l -525.862488
5430.0 5580.0 eu -1640.788208
5580.0 5615.0 k -511.126221
5615.0 5630.0 ssil -216.828964
5630.0 5645.0 ssil -215.667511 STAAT
5645.0 5740.0 s -1126.283691
5740.0 5790.0 t -676.403381
5790.0 5975.0 a -2111.374023
5975.0 6015.0 t -581.969055
6015.0 6035.0 ssil -283.282257
6035.0 6070.0 ssil -420.305054 BIJ
6070.0 6110.0 b -583.755005
6110.0 6140.0 ei -360.328094
6140.0 6155.0 ssil -194.542480
6155.0 6170.0 ssil -197.739975 HET
6170.0 6240.0 h -775.704590
6240.0 6265.0 ec -352.751465
6265.0 6320.0 t -755.680359
6320.0 6335.0 ssil -225.730850
6335.0 6360.0 ssil -356.363525 GELE
6360.0 6470.0 x -1425.309204
6470.0 6555.0 e -869.632202
6555.0 6630.0 l -1099.325806
6630.0 6675.0 @ -455.611206
6675.0 6690.0 ssil -190.264633
6690.0 6705.0 ssil -229.689835 LAKEN
6705.0 6785.0 l -1001.654419
6785.0 6980.0 a -2167.321777
6980.0 7090.0 k -1468.186523
7090.0 7105.0 @ -202.223694
7105.0 7175.0 n -942.871216
7175.0 7385.0 ssil -2522.888916
.
