#!MLF!#
"/net/aistaff/aki/_same-utterance/wav/01/Oost_Overijsel-Gelderland/4444-1450519474-721007.rec"
0.0 15.0 ssil -165.989548 DE
15.0 30.0 d -207.199463
30.0 320.0 @ -2762.187256
320.0 355.0 ssil -496.902710
355.0 715.0 ssil -4605.713379 SPREI
715.0 860.0 s -2302.424072
860.0 930.0 p -956.855164
930.0 995.0 r -922.332214
995.0 1165.0 ei -1995.236694
1165.0 1180.0 ssil -223.333679
1180.0 1195.0 ssil -197.166901 DIE
1195.0 1230.0 d -551.956787
1230.0 1250.0 i -283.469452
1250.0 1265.0 ssil -208.180130
1265.0 1280.0 ssil -190.965317 JIJ
1280.0 1395.0 j -1282.610840
1395.0 1485.0 ei -1153.012573
1485.0 1500.0 ssil -228.849930
1500.0 1515.0 ssil -199.503098 BRACHT
1515.0 1625.0 b -1398.557495
1625.0 1680.0 r -794.476562
1680.0 1825.0 ac -2044.020508
1825.0 1895.0 x -1096.602051
1895.0 1925.0 t -456.061676
1925.0 1940.0 ssil -196.318222
1940.0 1955.0 ssil -224.650330 HEEFT
1955.0 2015.0 h -760.768066
2015.0 2055.0 e -572.254944
2055.0 2070.0 f -257.361023
2070.0 2100.0 ssil -474.315887
2100.0 2115.0 ssil -231.008362 SUZAN
2115.0 2165.0 z -679.834717
2165.0 2220.0 y -730.278687
2220.0 2335.0 s -1668.533447
2335.0 2420.0 ac -1048.157227
2420.0 2445.0 n -308.080292
2445.0 2460.0 ssil -225.123657
2460.0 2475.0 ssil -234.975845 ALTIJD
2475.0 2645.0 ac -2180.716064
2645.0 2680.0 l -582.448792
2680.0 2715.0 t -552.884277
2715.0 2760.0 ei -615.721191
2760.0 2800.0 t -596.728210
2800.0 2815.0 ssil -257.015411
2815.0 2830.0 ssil -269.650513 AL
2830.0 2935.0 ac -1357.038574
2935.0 3015.0 l -855.234619
3015.0 3030.0 ssil -220.246353
3030.0 3045.0 ssil -203.939575 GEWILD
3045.0 3115.0 gc -998.173828
3115.0 3165.0 @ -662.183350
3165.0 3225.0 w -769.311707
3225.0 3320.0 ic -1110.431152
3320.0 3395.0 l -893.821228
3395.0 3460.0 t -933.708618
3460.0 3500.0 ssil -628.492737
3500.0 3685.0 ssil -2274.818115 OMDAT
3685.0 3705.0 @ -286.454803
3705.0 3810.0 m -1196.135620
3810.0 3845.0 d -517.900146
3845.0 3900.0 ac -756.596680
3900.0 3915.0 t -247.816849
3915.0 3930.0 ssil -183.559921
3930.0 3945.0 ssil -209.382095 DIE
3945.0 3980.0 d -495.818115
3980.0 4050.0 i -891.737000
4050.0 4065.0 ssil -242.427414
4065.0 4080.0 ssil -233.852295 ZO
4080.0 4160.0 z -1136.172607
4160.0 4240.0 o -1047.976685
4240.0 4255.0 ssil -253.963470
4255.0 4270.0 ssil -235.426117 LEUK
4270.0 4330.0 l -836.212952
4330.0 4455.0 eu -1761.231079
4455.0 4470.0 k -225.337906
4470.0 4485.0 ssil -224.859268
4485.0 4500.0 ssil -236.793137 STAAT
4500.0 4585.0 s -1164.389648
4585.0 4650.0 t -914.699097
4650.0 4810.0 a -1813.514282
4810.0 4845.0 t -593.066772
4845.0 4860.0 ssil -232.444122
4860.0 4930.0 ssil -853.268494 BIJ
4930.0 4960.0 b -428.789673
4960.0 5095.0 ei -1379.143311
5095.0 5110.0 ssil -232.159119
5110.0 5125.0 ssil -237.381287 HET
5125.0 5140.0 h -221.855667
5140.0 5155.0 ec -230.232727
5155.0 5175.0 t -296.475433
5175.0 5190.0 ssil -229.675522
5190.0 5205.0 ssil -214.922073 GELE
5205.0 5295.0 x -1150.636597
5295.0 5400.0 e -1170.963989
5400.0 5455.0 l -691.892578
5455.0 5490.0 @ -396.683228
5490.0 5505.0 ssil -214.339493
5505.0 5520.0 ssil -245.866653 LAKEN
5520.0 5605.0 l -1116.655396
5605.0 5785.0 a -2132.803467
5785.0 5870.0 k -1159.718994
5870.0 5965.0 @ -1158.689453
5965.0 6015.0 n -682.110291
6015.0 6735.0 ssil -8358.543945
.
