#!MLF!#
"/net/aistaff/aki/_same-utterance/wav/01/Oost_Overijsel-Gelderland/4674-1450945584-773186.rec"
0.0 15.0 ssil -160.066055 DE
15.0 30.0 d -187.240494
30.0 100.0 @ -618.501221
100.0 570.0 ssil -5722.542480
570.0 595.0 ssil -338.699646 SPREI
595.0 725.0 s -1678.770996
725.0 785.0 p -1017.682251
785.0 800.0 r -226.012802
800.0 950.0 ei -1710.944092
950.0 965.0 ssil -206.209213
965.0 980.0 ssil -202.396057 DIE
980.0 1005.0 d -338.635345
1005.0 1030.0 i -297.365417
1030.0 1045.0 ssil -185.035248
1045.0 1060.0 ssil -185.572449 JIJ
1060.0 1155.0 j -1060.560303
1155.0 1240.0 ei -966.340271
1240.0 1270.0 ssil -388.889160
1270.0 1285.0 ssil -211.434753 BRACHT
1285.0 1310.0 b -363.448975
1310.0 1335.0 r -360.255341
1335.0 1445.0 ac -1330.514526
1445.0 1510.0 x -872.385010
1510.0 1555.0 t -634.823242
1555.0 1570.0 ssil -216.567276
1570.0 1585.0 ssil -208.206833 HEEFT
1585.0 1665.0 e -1087.510132
1665.0 1680.0 f -230.935120
1680.0 1695.0 ssil -220.743835
1695.0 1710.0 ssil -231.299911 SUZAN
1710.0 1790.0 s -1030.993286
1790.0 1875.0 y -1049.935059
1875.0 1965.0 s -1170.487793
1965.0 2065.0 ac -1105.478271
2065.0 2120.0 n -751.568909
2120.0 2135.0 ssil -212.542557
2135.0 2155.0 ssil -306.634399 ALTIJD
2155.0 2265.0 ac -1346.674805
2265.0 2320.0 l -785.845703
2320.0 2370.0 t -709.925171
2370.0 2450.0 ei -1006.606995
2450.0 2485.0 t -485.861023
2485.0 2500.0 ssil -224.656601
2500.0 2515.0 ssil -205.967804 AL
2515.0 2640.0 l -1636.069458
2640.0 2655.0 ssil -216.663147
2655.0 2670.0 ssil -208.544937 GEWILD
2670.0 2740.0 x -892.625916
2740.0 2805.0 w -690.934814
2805.0 2820.0 ic -191.530319
2820.0 2990.0 l -2265.137939
2990.0 3070.0 t -1094.392334
3070.0 3320.0 ssil -3166.050537
3320.0 3360.0 ssil -545.596008 OMDAT
3360.0 3400.0 oc -493.943726
3400.0 3435.0 m -442.690338
3435.0 3510.0 d -1070.115234
3510.0 3575.0 ac -778.201050
3575.0 3610.0 t -521.735474
3610.0 3625.0 ssil -244.718124
3625.0 3640.0 ssil -219.723679 DIE
3640.0 3655.0 d -209.542633
3655.0 3695.0 i -469.935425
3695.0 3710.0 ssil -213.144165
3710.0 3725.0 ssil -220.430206 ZO
3725.0 3795.0 z -889.525940
3795.0 3810.0 o -209.739853
3810.0 3825.0 ssil -194.449326
3825.0 3840.0 ssil -188.160110 LEUK
3840.0 3975.0 l -1551.934326
3975.0 4110.0 eu -1560.213257
4110.0 4130.0 k -311.772156
4130.0 4145.0 ssil -210.989120
4145.0 4160.0 ssil -212.016876 STAAT
4160.0 4235.0 s -1039.839478
4235.0 4275.0 t -608.791199
4275.0 4415.0 a -1900.785767
4415.0 4430.0 t -253.063873
4430.0 4460.0 ssil -372.168152
4460.0 4500.0 ssil -506.383026 BIJ
4500.0 4535.0 b -533.944153
4535.0 4690.0 ei -1841.135254
4690.0 4705.0 ssil -211.809006
4705.0 4720.0 ssil -212.356140 HET
4720.0 4735.0 h -207.854019
4735.0 4750.0 ec -233.057312
4750.0 4800.0 t -765.756714
4800.0 4815.0 ssil -264.237183
4815.0 4830.0 ssil -236.722641 GELE
4830.0 4890.0 x -783.855042
4890.0 5020.0 ic -1630.147705
5020.0 5070.0 l -639.910889
5070.0 5110.0 @ -405.612549
5110.0 5125.0 ssil -208.383209
5125.0 5140.0 ssil -190.244415 LAKEN
5140.0 5195.0 l -645.095459
5195.0 5410.0 a -2640.903076
5410.0 5465.0 k -778.524170
5465.0 5525.0 @ -806.987976
5525.0 5665.0 ssil -1784.207153
.
