#!MLF!#
"/net/aistaff/aki/_same-utterance/wav/01/Oost_Overijsel-Gelderland/4844-1451380187-813390.rec"
0.0 170.0 ssil -1769.912109 DE
170.0 195.0 d -364.386292
195.0 465.0 ssil -3284.860352
465.0 650.0 ssil -2458.458984 SPREI
650.0 780.0 s -1708.568115
780.0 850.0 p -917.714417
850.0 905.0 r -850.670593
905.0 1080.0 ei -2235.710938
1080.0 1095.0 ssil -212.265228
1095.0 1110.0 ssil -215.295685 DIE
1110.0 1125.0 d -222.540558
1125.0 1230.0 i -1234.548096
1230.0 1245.0 ssil -211.991943
1245.0 1260.0 ssil -207.559906 JIJ
1260.0 1275.0 j -198.382080
1275.0 1330.0 ei -663.610046
1330.0 1375.0 ssil -601.242554
1375.0 1390.0 ssil -237.041428 BRACHT
1390.0 1440.0 b -756.155457
1440.0 1460.0 r -348.749969
1460.0 1535.0 ac -1073.995972
1535.0 1605.0 x -977.726624
1605.0 1620.0 ssil -213.358704
1620.0 1650.0 ssil -413.684326 HEEFT
1650.0 1675.0 h -334.167694
1675.0 1745.0 e -833.602905
1745.0 1765.0 f -273.458191
1765.0 1780.0 ssil -194.471375
1780.0 1795.0 ssil -190.655579 SUZAN
1795.0 1840.0 s -630.486572
1840.0 1875.0 yc -472.457947
1875.0 1960.0 s -1148.102539
1960.0 2035.0 ac -900.233582
2035.0 2070.0 n -503.757782
2070.0 2125.0 ssil -719.354309
2125.0 2190.0 ssil -997.781433 ALTIJD
2190.0 2285.0 ac -1242.419189
2285.0 2335.0 l -828.160583
2335.0 2380.0 t -710.532959
2380.0 2400.0 ei -296.795776
2400.0 2415.0 t -240.900848
2415.0 2465.0 ssil -776.534973
2465.0 2480.0 ssil -259.470428 AL
2480.0 2585.0 ac -1279.944824
2585.0 2605.0 l -281.462646
2605.0 2620.0 ssil -204.684052
2620.0 2635.0 ssil -192.886551 GEWILD
2635.0 2700.0 gc -852.704102
2700.0 2765.0 @ -881.014771
2765.0 2820.0 w -703.524475
2820.0 2890.0 ic -797.437927
2890.0 2995.0 l -1285.463623
2995.0 3065.0 t -989.267700
3065.0 3080.0 ssil -220.554916
3080.0 3355.0 ssil -3422.897217 OMDAT
3355.0 3375.0 @ -295.386627
3375.0 3390.0 m -239.484253
3390.0 3460.0 d -1133.010376
3460.0 3510.0 ac -718.097290
3510.0 3530.0 t -303.926270
3530.0 3550.0 ssil -312.812408
3550.0 3565.0 ssil -229.193771 DIE
3565.0 3590.0 d -355.882141
3590.0 3640.0 i -648.751831
3640.0 3655.0 ssil -213.243195
3655.0 3670.0 ssil -197.007965 ZO
3670.0 3725.0 z -683.191589
3725.0 3740.0 o -240.843475
3740.0 3755.0 ssil -213.822922
3755.0 3770.0 ssil -217.814026 LEUK
3770.0 3855.0 l -1073.908936
3855.0 3985.0 eu -1518.424927
3985.0 4000.0 k -258.183746
4000.0 4015.0 ssil -252.494965
4015.0 4030.0 ssil -219.842804 STAAT
4030.0 4075.0 s -606.818604
4075.0 4120.0 t -645.565491
4120.0 4210.0 a -1174.370239
4210.0 4225.0 t -242.188095
4225.0 4240.0 ssil -208.694336
4240.0 4265.0 ssil -364.606812 BIJ
4265.0 4295.0 b -439.168182
4295.0 4430.0 ei -1634.215088
4430.0 4445.0 ssil -214.153214
4445.0 4460.0 ssil -209.214554 HET
4460.0 4475.0 h -237.762466
4475.0 4490.0 ec -258.444733
4490.0 4505.0 t -221.884033
4505.0 4540.0 ssil -425.944489
4540.0 4555.0 ssil -185.521408 GELE
4555.0 4595.0 x -540.735535
4595.0 4695.0 e -1184.713989
4695.0 4725.0 l -427.584167
4725.0 4745.0 @ -255.482849
4745.0 4760.0 ssil -215.150330
4760.0 4775.0 ssil -209.117798 LAKEN
4775.0 4865.0 l -1043.113770
4865.0 5100.0 a -2555.000488
5100.0 5150.0 k -661.806580
5150.0 5245.0 @ -1230.770020
5245.0 5320.0 n -902.095825
5320.0 5340.0 ssil -226.340652
.
