#!MLF!#
"/net/aistaff/aki/_same-utterance/wav/01/Oost_Overijsel-Gelderland/5330-1454019942-941163.rec"
0.0 95.0 ssil -819.889832 DE
95.0 135.0 d -543.448303
135.0 215.0 ssil -1078.055908
215.0 915.0 ssil -8558.137695 SPREI
915.0 1100.0 s -2319.681641
1100.0 1130.0 p -415.082642
1130.0 1190.0 r -958.059937
1190.0 1340.0 ei -1641.660400
1340.0 1355.0 ssil -194.659241
1355.0 1370.0 ssil -198.596344 DIE
1370.0 1400.0 d -422.275787
1400.0 1510.0 i -1017.127197
1510.0 1525.0 ssil -193.827682
1525.0 1540.0 ssil -193.269241 JIJ
1540.0 1595.0 j -524.979614
1595.0 1665.0 ei -671.428162
1665.0 1680.0 ssil -220.549820
1680.0 1695.0 ssil -204.410614 BRACHT
1695.0 1750.0 b -654.264832
1750.0 1820.0 r -1003.116394
1820.0 1945.0 ac -1463.923950
1945.0 2055.0 x -1417.838501
2055.0 2135.0 t -1086.595093
2135.0 2150.0 ssil -223.393707
2150.0 2165.0 ssil -213.092133 HEEFT
2165.0 2260.0 e -1065.702271
2260.0 2275.0 f -218.526459
2275.0 2290.0 ssil -180.504013
2290.0 2305.0 ssil -199.963638 SUZAN
2305.0 2380.0 z -932.417969
2380.0 2405.0 @ -302.116913
2405.0 2505.0 s -1317.265503
2505.0 2590.0 ac -965.629456
2590.0 2640.0 n -723.903198
2640.0 2660.0 ssil -327.981384
2660.0 2675.0 ssil -229.685059 ALTIJD
2675.0 2815.0 ac -1582.457520
2815.0 2865.0 l -700.047424
2865.0 2900.0 t -502.824768
2900.0 2950.0 ei -615.275879
2950.0 2965.0 t -228.712570
2965.0 2980.0 ssil -201.749008
2980.0 2995.0 ssil -205.409576 AL
2995.0 3140.0 ac -1496.806274
3140.0 3175.0 l -435.203705
3175.0 3190.0 ssil -214.548874
3190.0 3205.0 ssil -209.542160 GEWILD
3205.0 3285.0 x -1049.634888
3285.0 3375.0 w -955.231750
3375.0 3445.0 ic -689.740173
3445.0 3555.0 l -1238.496338
3555.0 3625.0 t -999.827942
3625.0 3710.0 ssil -1004.411377
3710.0 4140.0 ssil -5321.754883 OMDAT
4140.0 4185.0 oc -576.116455
4185.0 4230.0 m -578.373230
4230.0 4290.0 d -909.177307
4290.0 4340.0 ac -606.908813
4340.0 4365.0 t -333.837616
4365.0 4380.0 ssil -214.459808
4380.0 4410.0 ssil -467.264832 DIE
4410.0 4430.0 d -315.492279
4430.0 4510.0 i -884.560486
4510.0 4525.0 ssil -195.777054
4525.0 4540.0 ssil -206.929047 ZO
4540.0 4605.0 z -818.920349
4605.0 4650.0 o -506.786316
4650.0 4665.0 ssil -220.142548
4665.0 4680.0 ssil -223.094620 LEUK
4680.0 4750.0 l -838.889038
4750.0 4880.0 eu -1201.169189
4880.0 4895.0 k -263.528961
4895.0 4915.0 ssil -288.303070
4915.0 4935.0 ssil -287.881592 STAAT
4935.0 5005.0 s -967.547241
5005.0 5065.0 t -847.195679
5065.0 5250.0 a -1847.173584
5250.0 5265.0 t -222.246780
5265.0 5280.0 ssil -166.828430
5280.0 5295.0 ssil -164.035797 BIJ
5295.0 5340.0 b -585.587219
5340.0 5510.0 ei -1683.180420
5510.0 5525.0 ssil -220.913071
5525.0 5550.0 ssil -362.650299 HET
5550.0 5565.0 h -246.953918
5565.0 5580.0 ec -235.133163
5580.0 5595.0 t -208.366592
5595.0 5635.0 ssil -560.975281
5635.0 5650.0 ssil -186.298660 GELE
5650.0 5695.0 gc -603.723572
5695.0 5805.0 e -1115.518311
5805.0 5860.0 l -692.240540
5860.0 5900.0 @ -414.274994
5900.0 5915.0 ssil -197.985458
5915.0 5930.0 ssil -189.274200 LAKEN
5930.0 5995.0 l -741.870117
5995.0 6220.0 a -2300.797363
6220.0 6290.0 k -1021.548950
6290.0 6345.0 @ -722.268982
6345.0 6445.0 n -1193.419556
6445.0 7105.0 ssil -7550.654785
.
