#!MLF!#
"/net/aistaff/aki/_same-utterance/wav/01/Oost_Overijsel-Gelderland/5559-1454008377-953305.rec"
0.0 105.0 ssil -1005.137329 DE
105.0 140.0 d -493.329132
140.0 795.0 ssil -7581.788086
795.0 840.0 ssil -651.612915 SPREI
840.0 970.0 z -1758.990723
970.0 1005.0 p -505.740448
1005.0 1045.0 r -560.975952
1045.0 1175.0 ei -1877.903320
1175.0 1190.0 ssil -243.939072
1190.0 1205.0 ssil -238.237106 DIE
1205.0 1230.0 d -391.984222
1230.0 1290.0 i -714.570557
1290.0 1305.0 ssil -222.304733
1305.0 1320.0 ssil -227.467728 JIJ
1320.0 1350.0 j -404.163666
1350.0 1400.0 ei -678.298279
1400.0 1415.0 ssil -247.949600
1415.0 1440.0 ssil -308.665161 BRACHT
1440.0 1500.0 b -790.964905
1500.0 1515.0 r -196.459656
1515.0 1665.0 ac -1990.749390
1665.0 1725.0 x -843.360474
1725.0 1740.0 ssil -222.613266
1740.0 1785.0 ssil -590.886780 HEEFT
1785.0 1860.0 e -1006.246460
1860.0 1880.0 f -295.634094
1880.0 1895.0 ssil -219.383743
1895.0 1910.0 ssil -221.957260 SUZAN
1910.0 1975.0 z -888.365967
1975.0 2005.0 yc -389.224152
2005.0 2055.0 s -729.647522
2055.0 2140.0 ac -1207.333862
2140.0 2170.0 n -397.825562
2170.0 2190.0 ssil -318.951508
2190.0 2210.0 ssil -270.745026 ALTIJD
2210.0 2370.0 ac -2049.308838
2370.0 2400.0 l -431.080811
2400.0 2440.0 t -571.983765
2440.0 2455.0 ei -258.816071
2455.0 2490.0 t -486.890594
2490.0 2505.0 ssil -198.809525
2505.0 2520.0 ssil -226.830933 AL
2520.0 2605.0 ac -1024.469971
2605.0 2625.0 l -270.012360
2625.0 2640.0 ssil -215.151947
2640.0 2655.0 ssil -208.330246 GEWILD
2655.0 2730.0 x -971.004700
2730.0 2765.0 @ -466.307709
2765.0 2815.0 w -657.142273
2815.0 2870.0 ic -690.583740
2870.0 2960.0 l -997.978821
2960.0 2995.0 ssil -462.145233
2995.0 3040.0 ssil -664.343262 OMDAT
3040.0 3135.0 oc -1293.777710
3135.0 3230.0 m -1019.863708
3230.0 3255.0 d -353.578735
3255.0 3335.0 ac -1028.298096
3335.0 3350.0 t -230.673386
3350.0 3365.0 ssil -228.378601
3365.0 3380.0 ssil -234.617813 DIE
3380.0 3395.0 d -236.488510
3395.0 3470.0 i -975.813721
3470.0 3485.0 ssil -226.310623
3485.0 3500.0 ssil -222.830154 ZO
3500.0 3540.0 s -606.394287
3540.0 3570.0 o -372.897369
3570.0 3585.0 ssil -206.751114
3585.0 3600.0 ssil -220.407593 LEUK
3600.0 3650.0 l -634.354797
3650.0 3770.0 eu -1304.942261
3770.0 3785.0 k -234.615601
3785.0 3800.0 ssil -233.422958
3800.0 3815.0 ssil -226.056656 STAAT
3815.0 3830.0 s -220.234421
3830.0 3865.0 t -483.262299
3865.0 3960.0 a -1235.298462
3960.0 3975.0 t -234.789841
3975.0 3990.0 ssil -197.399399
3990.0 4005.0 ssil -216.737610 BIJ
4005.0 4025.0 b -316.367523
4025.0 4145.0 ei -1389.632202
4145.0 4160.0 ssil -216.753342
4160.0 4175.0 ssil -206.720947 HET
4175.0 4190.0 h -244.873688
4190.0 4205.0 ec -231.881271
4205.0 4220.0 t -224.885010
4220.0 4235.0 ssil -204.354156
4235.0 4250.0 ssil -190.656921 GELE
4250.0 4295.0 x -605.329285
4295.0 4375.0 e -966.499146
4375.0 4410.0 l -542.896912
4410.0 4450.0 @ -514.434692
4450.0 4465.0 ssil -209.935989
4465.0 4480.0 ssil -210.279266 LAKEN
4480.0 4535.0 l -769.039551
4535.0 4735.0 a -2673.008789
4735.0 4825.0 k -1287.432251
4825.0 4895.0 @ -899.988770
4895.0 5830.0 ssil -10727.231445
.
