#!MLF!#
"/net/aistaff/aki/_same-utterance/wav/01/Oost_Overijsel-Gelderland/5857-1454009313-966568.rec"
0.0 15.0 ssil -162.833664 DE
15.0 30.0 d -188.727402
30.0 650.0 @ -5756.147949
650.0 700.0 ssil -816.169983
700.0 730.0 ssil -440.244568 SPREI
730.0 940.0 s -2648.342529
940.0 955.0 p -246.394196
955.0 995.0 r -597.373230
995.0 1195.0 ei -2353.384766
1195.0 1210.0 ssil -199.002029
1210.0 1225.0 ssil -219.215164 DIE
1225.0 1245.0 d -303.903839
1245.0 1265.0 i -272.033875
1265.0 1280.0 ssil -210.767639
1280.0 1295.0 ssil -201.449371 JIJ
1295.0 1375.0 j -923.261353
1375.0 1445.0 ei -809.848633
1445.0 1510.0 ssil -825.752869
1510.0 1525.0 ssil -212.890396 BRACHT
1525.0 1540.0 b -227.277039
1540.0 1615.0 r -1167.734253
1615.0 1750.0 ac -1567.402222
1750.0 1860.0 x -1260.532471
1860.0 1960.0 t -1314.641602
1960.0 1995.0 ssil -507.496399
1995.0 2115.0 ssil -1419.073242 HEEFT
2115.0 2130.0 h -221.098160
2130.0 2220.0 e -1082.985229
2220.0 2235.0 f -226.265808
2235.0 2250.0 ssil -228.170120
2250.0 2265.0 ssil -208.127380 SUZAN
2265.0 2325.0 z -831.578918
2325.0 2365.0 y -555.733765
2365.0 2455.0 s -1266.123047
2455.0 2550.0 ac -1149.266602
2550.0 2600.0 n -626.923523
2600.0 2625.0 ssil -376.061646
2625.0 2675.0 ssil -778.121765 ALTIJD
2675.0 2780.0 ac -1476.715698
2780.0 2850.0 l -1010.402832
2850.0 2890.0 t -573.939575
2890.0 2910.0 ei -312.846222
2910.0 2970.0 t -958.501892
2970.0 2985.0 ssil -229.957870
2985.0 3000.0 ssil -206.671158 AL
3000.0 3040.0 l -495.795929
3040.0 3055.0 ssil -226.631104
3055.0 3070.0 ssil -217.587601 GEWILD
3070.0 3140.0 gc -1037.162476
3140.0 3165.0 @ -322.507294
3165.0 3225.0 w -734.788330
3225.0 3330.0 ic -1339.612305
3330.0 3430.0 l -1313.715576
3430.0 3535.0 t -1383.752441
3535.0 3805.0 ssil -3016.020020
3805.0 4010.0 ssil -2491.424316 OMDAT
4010.0 4070.0 oc -841.953918
4070.0 4115.0 m -625.663147
4115.0 4160.0 d -646.301453
4160.0 4210.0 ac -618.434753
4210.0 4225.0 t -243.002014
4225.0 4240.0 ssil -218.765762
4240.0 4255.0 ssil -242.891663 DIE
4255.0 4280.0 d -408.651337
4280.0 4325.0 i -599.453308
4325.0 4340.0 ssil -214.356308
4340.0 4355.0 ssil -204.410431 ZO
4355.0 4455.0 z -1287.005737
4455.0 4475.0 o -258.952881
4475.0 4490.0 ssil -247.674118
4490.0 4505.0 ssil -249.867340 LEUK
4505.0 4560.0 l -730.816772
4560.0 4655.0 eu -1158.898193
4655.0 4670.0 k -243.916168
4670.0 4685.0 ssil -226.075455
4685.0 4700.0 ssil -241.841644 STAAT
4700.0 4825.0 s -1531.272827
4825.0 4855.0 t -445.043121
4855.0 5020.0 a -1795.622437
5020.0 5035.0 t -217.066544
5035.0 5055.0 ssil -264.983551
5055.0 5095.0 ssil -542.967529 BIJ
5095.0 5125.0 b -470.333710
5125.0 5235.0 ei -1278.933716
5235.0 5250.0 ssil -232.139328
5250.0 5265.0 ssil -228.224670 HET
5265.0 5280.0 h -220.601425
5280.0 5295.0 ec -246.832489
5295.0 5310.0 t -220.819000
5310.0 5325.0 ssil -254.205170
5325.0 5340.0 ssil -237.881470 GELE
5340.0 5425.0 x -1207.597534
5425.0 5540.0 e -1369.166992
5540.0 5560.0 l -264.666046
5560.0 5575.0 @ -188.682739
5575.0 5590.0 ssil -193.739609
5590.0 5605.0 ssil -221.756927 LAKEN
5605.0 5705.0 l -1268.362305
5705.0 5925.0 a -2466.734863
5925.0 5965.0 k -594.646118
5965.0 6080.0 @ -1559.485352
6080.0 6410.0 ssil -4011.551025
.
