#!MLF!#
"/net/aistaff/aki/_same-utterance/wav/01/Oost_Overijsel-Gelderland/5945-1454071611-988267.rec"
0.0 620.0 ssil -7097.961914 DE
620.0 665.0 d -609.989868
665.0 710.0 @ -520.777405
710.0 725.0 ssil -227.095840
725.0 740.0 ssil -230.046768 SPREI
740.0 865.0 s -1565.571899
865.0 895.0 p -422.526215
895.0 950.0 r -744.627075
950.0 1075.0 ei -1430.941650
1075.0 1090.0 ssil -239.673279
1090.0 1105.0 ssil -241.310287 DIE
1105.0 1120.0 d -222.213989
1120.0 1180.0 i -652.708679
1180.0 1195.0 ssil -187.012039
1195.0 1210.0 ssil -198.875580 JIJ
1210.0 1250.0 j -441.586853
1250.0 1330.0 ei -920.606628
1330.0 1345.0 ssil -183.797943
1345.0 1365.0 ssil -262.826630 BRACHT
1365.0 1415.0 b -668.757446
1415.0 1430.0 r -219.170074
1430.0 1595.0 ac -1912.075928
1595.0 1690.0 x -1173.087524
1690.0 1770.0 t -1003.716309
1770.0 1795.0 ssil -336.480316
1795.0 1925.0 ssil -1548.507080 HEEFT
1925.0 1940.0 h -179.881744
1940.0 2010.0 e -808.304321
2010.0 2035.0 f -372.963959
2035.0 2070.0 ssil -453.986450
2070.0 2100.0 ssil -481.838654 SUZAN
2100.0 2190.0 z -1261.569702
2190.0 2295.0 y -1414.833618
2295.0 2345.0 s -795.429871
2345.0 2450.0 ac -1259.396851
2450.0 2500.0 n -691.617126
2500.0 2520.0 ssil -387.542053
2520.0 2535.0 ssil -255.262695 ALTIJD
2535.0 2670.0 ac -1786.958618
2670.0 2690.0 l -280.367371
2690.0 2735.0 t -632.426636
2735.0 2795.0 ei -731.743774
2795.0 2820.0 t -342.946899
2820.0 2835.0 ssil -210.609039
2835.0 2850.0 ssil -229.047287 AL
2850.0 2955.0 ac -1200.796875
2955.0 2970.0 l -202.132370
2970.0 2985.0 ssil -203.645004
2985.0 3000.0 ssil -220.379791 GEWILD
3000.0 3080.0 x -1107.361328
3080.0 3125.0 @ -556.107117
3125.0 3195.0 w -923.997925
3195.0 3255.0 ic -748.723206
3255.0 3375.0 l -1484.154541
3375.0 3410.0 t -510.970306
3410.0 3425.0 ssil -228.471542
3425.0 3450.0 ssil -375.154510 OMDAT
3450.0 3475.0 oc -327.552734
3475.0 3570.0 m -1169.747803
3570.0 3600.0 d -404.960083
3600.0 3625.0 ac -335.562347
3625.0 3640.0 t -235.002792
3640.0 3655.0 ssil -195.746765
3655.0 3680.0 ssil -340.134308 DIE
3680.0 3705.0 d -352.813721
3705.0 3765.0 i -764.399414
3765.0 3780.0 ssil -203.534271
3780.0 3795.0 ssil -201.404053 ZO
3795.0 3865.0 z -879.803589
3865.0 3880.0 o -192.295929
3880.0 3895.0 ssil -186.564194
3895.0 3910.0 ssil -188.891647 LEUK
3910.0 4005.0 l -1132.064209
4005.0 4135.0 eu -1389.212891
4135.0 4150.0 k -237.023300
4150.0 4165.0 ssil -236.359222
4165.0 4180.0 ssil -224.570847 STAAT
4180.0 4290.0 s -1394.609131
4290.0 4340.0 t -710.320190
4340.0 4485.0 a -1687.304688
4485.0 4500.0 t -202.448395
4500.0 4525.0 ssil -289.476624
4525.0 4545.0 ssil -238.013855 BIJ
4545.0 4590.0 b -687.951782
4590.0 4730.0 ei -1530.558350
4730.0 4745.0 ssil -204.577682
4745.0 4760.0 ssil -198.520615 HET
4760.0 4775.0 h -204.938217
4775.0 4790.0 ec -250.805237
4790.0 4840.0 t -759.160217
4840.0 4870.0 ssil -454.837921
4870.0 4895.0 ssil -339.546234 GELE
4895.0 4950.0 x -770.887390
4950.0 5075.0 ic -1475.154907
5075.0 5110.0 l -436.171997
5110.0 5125.0 @ -185.757416
5125.0 5140.0 ssil -190.507355
5140.0 5155.0 ssil -184.676605 LAKEN
5155.0 5250.0 l -1092.476929
5250.0 5465.0 a -2427.081787
5465.0 5535.0 k -943.901611
5535.0 5600.0 @ -788.484863
5600.0 5695.0 n -1086.270752
5695.0 6340.0 ssil -7562.460938
.
