#!MLF!#
"/net/aistaff/aki/_same-utterance/wav/01/Oost_Overijsel-Gelderland/6030-1454014471-1021899.rec"
0.0 75.0 ssil -785.081970 DE
75.0 95.0 d -289.102631
95.0 830.0 ssil -8034.289551
830.0 1910.0 ssil -12898.769531 SPREI
1910.0 2070.0 s -2171.768311
2070.0 2125.0 p -680.507141
2125.0 2175.0 r -750.766663
2175.0 2440.0 ei -3328.262207
2440.0 2455.0 ssil -213.872025
2455.0 2470.0 ssil -200.451294 DIE
2470.0 2515.0 d -629.594299
2515.0 2560.0 i -580.185730
2560.0 2575.0 ssil -207.759628
2575.0 2590.0 ssil -199.631165 JIJ
2590.0 2700.0 j -1382.757202
2700.0 2845.0 ei -1828.655273
2845.0 2860.0 ssil -194.937866
2860.0 2875.0 ssil -212.131027 BRACHT
2875.0 2905.0 b -414.986298
2905.0 2960.0 r -785.901794
2960.0 3085.0 ac -1425.525269
3085.0 3215.0 x -1714.914307
3215.0 3255.0 t -535.980408
3255.0 3295.0 ssil -507.983093
3295.0 3340.0 ssil -563.379028 HEEFT
3340.0 3385.0 h -645.440674
3385.0 3495.0 e -1313.212158
3495.0 3520.0 f -387.222473
3520.0 3535.0 ssil -211.546600
3535.0 3550.0 ssil -210.500931 SUZAN
3550.0 3645.0 z -1302.980347
3645.0 3720.0 y -963.309021
3720.0 3795.0 s -1058.376099
3795.0 3905.0 ac -1343.674438
3905.0 4000.0 n -1191.896729
4000.0 4050.0 ssil -597.773315
4050.0 4075.0 ssil -361.447449 ALTIJD
4075.0 4120.0 ac -554.794556
4120.0 4265.0 l -1865.365601
4265.0 4305.0 t -598.999756
4305.0 4435.0 ei -1678.308350
4435.0 4450.0 t -227.064270
4450.0 4485.0 ssil -480.156586
4485.0 4515.0 ssil -491.690918 AL
4515.0 4550.0 ac -450.845612
4550.0 4670.0 l -1419.622192
4670.0 4685.0 ssil -217.851242
4685.0 4700.0 ssil -227.296005 GEWILD
4700.0 4740.0 gc -523.890076
4740.0 4850.0 w -1427.143799
4850.0 4900.0 ic -592.131042
4900.0 5070.0 l -2094.302490
5070.0 5115.0 t -590.950806
5115.0 5450.0 ssil -4030.713623
5450.0 5660.0 ssil -2468.567627 OMDAT
5660.0 5720.0 oc -675.502686
5720.0 5795.0 m -841.812073
5795.0 5825.0 d -456.722443
5825.0 5965.0 ac -1721.042236
5965.0 5980.0 t -219.721756
5980.0 5995.0 ssil -185.338943
5995.0 6010.0 ssil -202.288498 DIE
6010.0 6040.0 d -430.989502
6040.0 6115.0 i -803.635681
6115.0 6130.0 ssil -203.492661
6130.0 6145.0 ssil -221.956238 ZO
6145.0 6200.0 z -777.004700
6200.0 6310.0 o -1337.299927
6310.0 6325.0 ssil -219.412338
6325.0 6340.0 ssil -210.095551 LEUK
6340.0 6375.0 l -459.908569
6375.0 6520.0 eu -1711.135742
6520.0 6535.0 k -237.822083
6535.0 6550.0 ssil -242.163406
6550.0 6570.0 ssil -332.573700 STAAT
6570.0 6670.0 s -1420.038086
6670.0 6710.0 t -565.044556
6710.0 6935.0 a -2542.032471
6935.0 6960.0 t -344.806183
6960.0 6975.0 ssil -206.528046
6975.0 7030.0 ssil -662.883789 BIJ
7030.0 7055.0 b -326.718201
7055.0 7140.0 ei -1069.803101
7140.0 7155.0 ssil -209.361923
7155.0 7170.0 ssil -220.609100 HET
7170.0 7185.0 h -191.565094
7185.0 7200.0 ec -184.783676
7200.0 7240.0 t -546.848938
7240.0 7255.0 ssil -232.954010
7255.0 7270.0 ssil -215.541229 GELE
7270.0 7420.0 x -2044.855835
7420.0 7550.0 e -1536.749023
7550.0 7605.0 l -733.526367
7605.0 7665.0 @ -699.303528
7665.0 7680.0 ssil -240.501663
7680.0 7695.0 ssil -231.691544 LAKEN
7695.0 7740.0 l -546.717590
7740.0 7980.0 a -2575.830811
7980.0 8060.0 k -1093.500244
8060.0 8100.0 @ -481.322113
8100.0 8180.0 n -872.045776
8180.0 8660.0 ssil -5367.837402
.
