#!MLF!#
"/net/aistaff/aki/_same-utterance/wav/01/Oost_Overijsel-Gelderland/6077-1454017800-1037541.rec"
0.0 510.0 ssil -4157.911133 DE
510.0 525.0 d -219.327377
525.0 540.0 ssil -266.358856
540.0 555.0 ssil -246.096954 SPREI
555.0 625.0 s -932.942810
625.0 675.0 p -777.529297
675.0 690.0 r -222.481110
690.0 820.0 ei -1450.104736
820.0 835.0 ssil -227.293015
835.0 850.0 ssil -238.436813 DIE
850.0 865.0 d -250.407257
865.0 900.0 i -424.407532
900.0 915.0 ssil -205.354660
915.0 930.0 ssil -202.690964 JIJ
930.0 1020.0 j -884.607361
1020.0 1110.0 ei -977.320374
1110.0 1145.0 ssil -449.818756
1145.0 1160.0 ssil -232.501862 BRACHT
1160.0 1200.0 b -582.232727
1200.0 1240.0 r -523.303223
1240.0 1380.0 ac -1718.635132
1380.0 1480.0 x -1362.224976
1480.0 1555.0 t -1017.516052
1555.0 1570.0 ssil -227.881363
1570.0 1585.0 ssil -192.492386 HEEFT
1585.0 1620.0 h -391.017944
1620.0 1720.0 e -1138.192261
1720.0 1740.0 f -333.051544
1740.0 1835.0 t -1411.907349
1835.0 1850.0 ssil -233.817825
1850.0 1865.0 ssil -205.162445 SUZAN
1865.0 1925.0 z -746.722839
1925.0 1940.0 yc -187.629593
1940.0 1955.0 s -253.434814
1955.0 2015.0 ac -674.711304
2015.0 2050.0 n -439.391998
2050.0 2065.0 ssil -228.555740
2065.0 2080.0 ssil -231.289917 ALTIJD
2080.0 2165.0 ac -1097.567749
2165.0 2220.0 l -746.950928
2220.0 2255.0 t -522.900208
2255.0 2270.0 ei -249.673676
2270.0 2300.0 t -442.491516
2300.0 2315.0 ssil -221.421265
2315.0 2350.0 ssil -556.063843 AL
2350.0 2380.0 ac -360.534943
2380.0 2460.0 l -900.589294
2460.0 2475.0 ssil -214.892273
2475.0 2490.0 ssil -200.404434 GEWILD
2490.0 2575.0 gc -1102.296143
2575.0 2660.0 w -1002.363831
2660.0 2685.0 ic -317.587646
2685.0 2805.0 l -1542.257202
2805.0 2900.0 t -1252.848999
2900.0 2945.0 ssil -592.904968
2945.0 3085.0 ssil -1833.492920 OMDAT
3085.0 3165.0 oc -944.670471
3165.0 3245.0 m -1053.664307
3245.0 3270.0 d -353.454956
3270.0 3350.0 ac -959.732422
3350.0 3365.0 t -238.765625
3365.0 3380.0 ssil -208.900543
3380.0 3395.0 ssil -253.187378 DIE
3395.0 3420.0 d -379.374603
3420.0 3480.0 i -649.571533
3480.0 3495.0 ssil -236.068069
3495.0 3510.0 ssil -252.226974 ZO
3510.0 3575.0 z -904.693359
3575.0 3640.0 o -797.788269
3640.0 3655.0 ssil -240.784317
3655.0 3670.0 ssil -233.429901 LEUK
3670.0 3725.0 l -697.873840
3725.0 3825.0 eu -1201.320312
3825.0 3840.0 k -245.711716
3840.0 3860.0 ssil -319.068848
3860.0 3890.0 ssil -491.077850 STAAT
3890.0 3915.0 s -364.919769
3915.0 3970.0 t -766.750671
3970.0 4095.0 a -1393.572144
4095.0 4110.0 t -262.177216
4110.0 4125.0 ssil -235.639374
4125.0 4140.0 ssil -227.185562 BIJ
4140.0 4155.0 b -222.338028
4155.0 4170.0 ei -221.670593
4170.0 4185.0 ssil -196.686798
4185.0 4205.0 ssil -273.791473 HET
4205.0 4220.0 h -239.403046
4220.0 4365.0 ec -1582.571289
4365.0 4415.0 t -721.542358
4415.0 4430.0 ssil -215.954697
4430.0 4455.0 ssil -336.786774 GELE
4455.0 4510.0 x -779.834595
4510.0 4600.0 e -1081.251099
4600.0 4615.0 l -187.710617
4615.0 4640.0 @ -302.634552
4640.0 4655.0 ssil -207.742020
4655.0 4670.0 ssil -188.638367 LAKEN
4670.0 4740.0 l -787.337524
4740.0 4895.0 a -1962.129028
4895.0 4930.0 k -512.371948
4930.0 4975.0 @ -621.024536
4975.0 5050.0 n -844.600098
5050.0 5645.0 ssil -7260.420410
.
