#!MLF!#
"/net/aistaff/aki/_same-utterance/wav/01/Oost_Overijsel-Gelderland/6098-1454019995-1042035.rec"
0.0 15.0 ssil -146.579544 DE
15.0 30.0 d -180.388046
30.0 515.0 @ -4026.353516
515.0 710.0 ssil -2433.884033
710.0 765.0 ssil -760.334595 SPREI
765.0 905.0 s -1774.557739
905.0 970.0 p -939.320068
970.0 1000.0 r -386.165741
1000.0 1225.0 ei -2665.905273
1225.0 1275.0 ssil -764.419861
1275.0 1390.0 ssil -1467.275269 DIE
1390.0 1430.0 d -565.403687
1430.0 1560.0 i -1290.439087
1560.0 1575.0 ssil -205.479797
1575.0 1590.0 ssil -200.433350 JIJ
1590.0 1655.0 j -687.506348
1655.0 1675.0 ei -307.997192
1675.0 1705.0 ssil -518.783813
1705.0 1720.0 ssil -240.810562 BRACHT
1720.0 1750.0 b -419.038879
1750.0 1895.0 r -1645.478638
1895.0 1925.0 ac -414.657898
1925.0 2040.0 x -1567.898071
2040.0 2145.0 t -1304.195190
2145.0 2230.0 ssil -1037.622681
2230.0 2260.0 ssil -409.453491 HEEFT
2260.0 2350.0 e -1090.617065
2350.0 2365.0 f -220.676620
2365.0 2395.0 ssil -518.303955
2395.0 2415.0 ssil -334.309326 SUZAN
2415.0 2445.0 s -421.597900
2445.0 2495.0 y -601.508789
2495.0 2620.0 s -1657.952026
2620.0 2720.0 ac -1139.804565
2720.0 2795.0 n -871.124756
2795.0 2810.0 ssil -228.155548
2810.0 2825.0 ssil -225.412155 ALTIJD
2825.0 2970.0 ac -1658.170532
2970.0 3040.0 l -974.346924
3040.0 3080.0 t -575.176636
3080.0 3120.0 ei -558.533447
3120.0 3140.0 t -303.150330
3140.0 3160.0 ssil -289.765625
3160.0 3175.0 ssil -194.466446 AL
3175.0 3280.0 l -1180.376587
3280.0 3295.0 ssil -227.274567
3295.0 3310.0 ssil -207.311539 GEWILD
3310.0 3390.0 gc -1051.678589
3390.0 3465.0 w -799.378113
3465.0 3525.0 ic -607.863098
3525.0 3655.0 l -1568.403809
3655.0 3720.0 t -950.814392
3720.0 4220.0 ssil -6220.596680
4220.0 4335.0 ssil -1419.526001 OMDAT
4335.0 4370.0 oc -470.235748
4370.0 4435.0 m -849.863586
4435.0 4470.0 d -471.846191
4470.0 4490.0 ac -265.854614
4490.0 4505.0 t -229.344757
4505.0 4535.0 ssil -391.524780
4535.0 4550.0 ssil -208.694244 DIE
4550.0 4590.0 d -576.225281
4590.0 4605.0 i -192.068039
4605.0 4620.0 ssil -199.043121
4620.0 4635.0 ssil -209.770859 ZO
4635.0 4735.0 z -1332.504639
4735.0 4785.0 o -594.694763
4785.0 4800.0 ssil -220.060181
4800.0 4815.0 ssil -200.579163 LEUK
4815.0 4865.0 l -626.238647
4865.0 5050.0 eu -2191.314941
5050.0 5080.0 k -401.213257
5080.0 5095.0 ssil -209.981125
5095.0 5110.0 ssil -191.305954 STAAT
5110.0 5150.0 s -542.346191
5150.0 5205.0 t -778.625671
5205.0 5365.0 a -1793.573730
5365.0 5460.0 t -1332.563599
5460.0 5620.0 ssil -2052.353760
5620.0 5660.0 ssil -591.007751 BIJ
5660.0 5680.0 b -274.917847
5680.0 5795.0 ei -1253.571899
5795.0 5955.0 ssil -2370.082764
5955.0 6125.0 ssil -2097.214355 HET
6125.0 6190.0 h -930.742737
6190.0 6230.0 ec -505.740997
6230.0 6275.0 t -656.811951
6275.0 6290.0 ssil -220.945038
6290.0 6305.0 ssil -200.853195 GELE
6305.0 6395.0 x -1168.986328
6395.0 6475.0 ic -887.450134
6475.0 6495.0 l -243.252670
6495.0 6540.0 @ -453.542694
6540.0 6555.0 ssil -187.735458
6555.0 6570.0 ssil -204.335190 LAKEN
6570.0 6695.0 l -1462.963989
6695.0 6880.0 a -2021.383057
6880.0 6925.0 k -625.858215
6925.0 6965.0 @ -522.675537
6965.0 7065.0 n -1167.719238
7065.0 7595.0 ssil -6299.746094
.
