#!MLF!#
"/net/aistaff/aki/_same-utterance/wav/01/Oost_Overijsel-Gelderland/6198-1454055339-1063551.rec"
0.0 130.0 ssil -1462.293335 DE
130.0 155.0 d -397.930145
155.0 685.0 ssil -6472.281738
685.0 1020.0 ssil -4148.198242 SPREI
1020.0 1180.0 z -2013.628174
1180.0 1215.0 p -455.773041
1215.0 1280.0 r -795.673218
1280.0 1425.0 ei -1600.942993
1425.0 1440.0 ssil -199.847183
1440.0 1455.0 ssil -175.831192 DIE
1455.0 1470.0 d -202.068085
1470.0 1515.0 i -491.883301
1515.0 1530.0 ssil -198.731445
1530.0 1545.0 ssil -188.343262 JIJ
1545.0 1630.0 j -981.820740
1630.0 1720.0 ei -1125.705322
1720.0 1735.0 ssil -226.549515
1735.0 1750.0 ssil -212.714661 BRACHT
1750.0 1765.0 b -207.753067
1765.0 1800.0 r -427.853546
1800.0 1905.0 ac -1217.312134
1905.0 1920.0 x -220.191101
1920.0 1935.0 ssil -213.936630
1935.0 1950.0 ssil -189.255859 HEEFT
1950.0 2165.0 h -2672.016602
2165.0 2255.0 e -925.771423
2255.0 2270.0 f -229.505508
2270.0 2285.0 ssil -198.255585
2285.0 2300.0 ssil -194.233826 SUZAN
2300.0 2360.0 z -755.687317
2360.0 2455.0 y -1243.617432
2455.0 2500.0 s -616.537903
2500.0 2610.0 ac -1286.912354
2610.0 2680.0 n -779.396912
2680.0 2695.0 ssil -196.461716
2695.0 2710.0 ssil -224.906479 ALTIJD
2710.0 2765.0 ac -686.367554
2765.0 2800.0 l -434.674805
2800.0 2815.0 t -237.426147
2815.0 2830.0 ei -206.213974
2830.0 2845.0 t -222.272354
2845.0 2860.0 ssil -199.064453
2860.0 2875.0 ssil -195.780167 AL
2875.0 3065.0 ac -2193.816406
3065.0 3170.0 l -1288.378540
3170.0 3185.0 ssil -184.256760
3185.0 3210.0 ssil -273.296356 GEWILD
3210.0 3225.0 gc -179.271530
3225.0 3245.0 w -204.012360
3245.0 3260.0 ic -176.144852
3260.0 3420.0 l -1744.048218
3420.0 4060.0 ssil -7700.099609
4060.0 4150.0 ssil -1294.858521 OMDAT
4150.0 4240.0 oc -1164.217041
4240.0 4285.0 m -496.569550
4285.0 4320.0 d -418.946991
4320.0 4370.0 ac -578.291565
4370.0 4385.0 t -221.758087
4385.0 4415.0 ssil -403.203033
4415.0 4430.0 ssil -173.432022 DIE
4430.0 4455.0 d -311.998871
4455.0 4560.0 i -1142.079712
4560.0 4575.0 ssil -209.759140
4575.0 4590.0 ssil -200.114014 ZO
4590.0 4690.0 z -1180.426025
4690.0 4745.0 o -628.259216
4745.0 4760.0 ssil -179.659836
4760.0 4775.0 ssil -176.072388 LEUK
4775.0 4970.0 l -2153.693359
4970.0 5060.0 eu -906.998047
5060.0 5075.0 k -236.721832
5075.0 5090.0 ssil -213.997025
5090.0 5105.0 ssil -220.917328 STAAT
5105.0 5145.0 s -534.075928
5145.0 5190.0 t -637.359131
5190.0 5435.0 a -2728.561768
5435.0 5450.0 t -203.108505
5450.0 5480.0 ssil -349.625336
5480.0 5505.0 ssil -316.042603 BIJ
5505.0 5525.0 b -279.667023
5525.0 5725.0 ei -2255.013672
5725.0 5750.0 ssil -317.441467
5750.0 5770.0 ssil -269.214539 HET
5770.0 5785.0 h -209.801880
5785.0 5800.0 ec -214.741608
5800.0 5825.0 t -326.317474
5825.0 5840.0 ssil -209.477036
5840.0 5870.0 ssil -376.417053 GELE
5870.0 5925.0 gc -679.976929
5925.0 6045.0 e -1276.511353
6045.0 6065.0 l -264.184235
6065.0 6115.0 @ -561.793579
6115.0 6130.0 ssil -198.972977
6130.0 6145.0 ssil -199.546219 LAKEN
6145.0 6245.0 l -1137.764282
6245.0 6515.0 a -2994.757324
6515.0 6530.0 k -215.335007
6530.0 6580.0 @ -613.475220
6580.0 6640.0 ssil -663.598999
.
