#!MLF!#
"/net/aistaff/aki/_same-utterance/wav/01/Oost_Overijsel-Gelderland/6514-1454149899-1140105.rec"
0.0 170.0 ssil -1593.921387 DE
170.0 190.0 d -282.124359
190.0 780.0 ssil -7174.576660
780.0 900.0 ssil -1670.960571 SPREI
900.0 1035.0 z -1769.908936
1035.0 1085.0 p -711.850830
1085.0 1130.0 r -577.932800
1130.0 1305.0 ei -1919.602661
1305.0 1320.0 ssil -208.612793
1320.0 1335.0 ssil -216.350006 DIE
1335.0 1350.0 d -222.514511
1350.0 1470.0 i -1299.842651
1470.0 1485.0 ssil -213.079514
1485.0 1500.0 ssil -205.059448 JIJ
1500.0 1520.0 j -228.758377
1520.0 1575.0 ei -626.969421
1575.0 1595.0 ssil -252.998291
1595.0 1625.0 ssil -388.991852 BRACHT
1625.0 1680.0 b -735.358276
1680.0 1780.0 r -1368.550171
1780.0 1855.0 ac -1056.233398
1855.0 1895.0 x -556.009766
1895.0 1940.0 ssil -581.125000
1940.0 1980.0 ssil -554.858643 HEEFT
1980.0 1995.0 h -211.396545
1995.0 2115.0 e -1349.710327
2115.0 2155.0 f -501.761597
2155.0 2170.0 ssil -203.974228
2170.0 2185.0 ssil -203.488770 SUZAN
2185.0 2215.0 z -385.133240
2215.0 2300.0 @ -1132.199707
2300.0 2385.0 s -1105.166626
2385.0 2485.0 ac -1298.803467
2485.0 2540.0 n -663.960144
2540.0 2555.0 ssil -224.776031
2555.0 2570.0 ssil -237.302597 ALTIJD
2570.0 2715.0 ac -1648.647949
2715.0 2760.0 l -604.073792
2760.0 2815.0 t -729.228638
2815.0 2950.0 ei -1469.263672
2950.0 2975.0 t -318.491608
2975.0 2990.0 ssil -212.106659
2990.0 3005.0 ssil -196.948502 AL
3005.0 3020.0 l -226.349426
3020.0 3050.0 ssil -366.863129
3050.0 3065.0 ssil -205.848267 GEWILD
3065.0 3110.0 gc -603.237610
3110.0 3200.0 @ -974.510559
3200.0 3245.0 w -522.433960
3245.0 3315.0 ic -765.530640
3315.0 3460.0 l -1794.978516
3460.0 3530.0 t -1006.266541
3530.0 3585.0 ssil -749.595947
3585.0 3655.0 ssil -944.988831 OMDAT
3655.0 3715.0 oc -747.168518
3715.0 3745.0 m -382.476471
3745.0 3860.0 d -1455.234619
3860.0 3905.0 ac -536.201111
3905.0 3920.0 t -243.923660
3920.0 3940.0 ssil -259.651703
3940.0 3975.0 ssil -458.834137 DIE
3975.0 4000.0 d -360.903931
4000.0 4095.0 i -1137.463989
4095.0 4120.0 ssil -341.347839
4120.0 4145.0 ssil -334.340393 ZO
4145.0 4210.0 s -855.066833
4210.0 4260.0 o -577.442566
4260.0 4275.0 ssil -203.873840
4275.0 4290.0 ssil -209.088959 LEUK
4290.0 4335.0 l -531.569763
4335.0 4480.0 eu -1512.240112
4480.0 4495.0 k -234.069046
4495.0 4510.0 ssil -200.022186
4510.0 4525.0 ssil -209.096436 STAAT
4525.0 4600.0 s -966.038269
4600.0 4645.0 t -668.129150
4645.0 4795.0 a -1502.679810
4795.0 4810.0 t -233.598679
4810.0 4825.0 ssil -179.431503
4825.0 4840.0 ssil -177.009018 BIJ
4840.0 4915.0 b -909.088867
4915.0 5050.0 ei -1244.590210
5050.0 5065.0 ssil -215.623642
5065.0 5080.0 ssil -224.016190 HET
5080.0 5095.0 h -230.040070
5095.0 5110.0 ec -251.257782
5110.0 5135.0 t -324.684906
5135.0 5150.0 ssil -208.005188
5150.0 5165.0 ssil -213.341614 GELE
5165.0 5255.0 x -1188.944214
5255.0 5370.0 e -1151.515869
5370.0 5390.0 l -231.887634
5390.0 5475.0 @ -840.711365
5475.0 5490.0 ssil -197.510849
5490.0 5505.0 ssil -206.295532 LAKEN
5505.0 5590.0 l -1022.347046
5590.0 5835.0 a -2535.070801
5835.0 5905.0 k -977.641724
5905.0 5970.0 @ -862.817871
5970.0 6455.0 ssil -5605.992676
.
