#!MLF!#
"/net/aistaff/aki/_same-utterance/wav/01/Oost_Overijsel-Gelderland/6911-1454516739-1266555.rec"
0.0 145.0 ssil -1660.730957 DE
145.0 170.0 d -384.920593
170.0 540.0 ssil -4758.565918
540.0 1055.0 ssil -6416.106934 SPREI
1055.0 1240.0 z -2555.339844
1240.0 1300.0 p -874.333862
1300.0 1350.0 r -700.730469
1350.0 1495.0 ei -1975.886108
1495.0 1510.0 ssil -205.723969
1510.0 1525.0 ssil -198.141266 DIE
1525.0 1540.0 d -220.815216
1540.0 1640.0 i -1435.464966
1640.0 1660.0 ssil -301.403168
1660.0 1675.0 ssil -239.220703 JIJ
1675.0 1735.0 j -910.706360
1735.0 1910.0 ei -2415.868408
1910.0 1925.0 ssil -207.480072
1925.0 1940.0 ssil -229.169250 BRACHT
1940.0 1955.0 b -238.734253
1955.0 1970.0 r -211.447800
1970.0 2100.0 ac -1696.097412
2100.0 2140.0 x -552.091492
2140.0 2185.0 ssil -538.770569
2185.0 2210.0 ssil -335.422363 HEEFT
2210.0 2250.0 h -568.950867
2250.0 2275.0 e -322.535065
2275.0 2290.0 f -222.431976
2290.0 2305.0 ssil -236.046478
2305.0 2320.0 ssil -224.907349 SUZAN
2320.0 2400.0 z -966.485474
2400.0 2445.0 y -590.252319
2445.0 2540.0 s -1281.761841
2540.0 2645.0 ac -1208.119385
2645.0 2730.0 n -1105.490112
2730.0 2755.0 ssil -347.709015
2755.0 2770.0 ssil -201.623016 ALTIJD
2770.0 2940.0 ac -2262.852539
2940.0 2960.0 l -283.876282
2960.0 2975.0 t -202.669815
2975.0 3005.0 ei -408.237305
3005.0 3020.0 t -211.434967
3020.0 3040.0 ssil -267.998322
3040.0 3070.0 ssil -453.184204 AL
3070.0 3185.0 ac -1316.053833
3185.0 3200.0 l -216.942017
3200.0 3215.0 ssil -198.196213
3215.0 3230.0 ssil -199.097290 GEWILD
3230.0 3290.0 x -800.423279
3290.0 3385.0 w -1122.652710
3385.0 3405.0 ic -243.949371
3405.0 3520.0 l -1331.132324
3520.0 3575.0 t -751.954529
3575.0 3705.0 ssil -1540.456665
3705.0 3820.0 ssil -1441.672485 OMDAT
3820.0 3850.0 oc -452.242554
3850.0 3910.0 m -745.039001
3910.0 3950.0 d -560.891174
3950.0 3985.0 ac -429.783752
3985.0 4020.0 t -514.002563
4020.0 4035.0 ssil -213.215500
4035.0 4050.0 ssil -210.438339 DIE
4050.0 4065.0 d -204.457947
4065.0 4080.0 i -193.219833
4080.0 4095.0 ssil -205.194016
4095.0 4110.0 ssil -223.550934 ZO
4110.0 4180.0 z -966.925232
4180.0 4225.0 o -539.030579
4225.0 4240.0 ssil -215.726349
4240.0 4255.0 ssil -206.031586 LEUK
4255.0 4315.0 l -731.727478
4315.0 4435.0 eu -1374.559937
4435.0 4450.0 k -240.974716
4450.0 4465.0 ssil -245.680481
4465.0 4480.0 ssil -222.630814 STAAT
4480.0 4530.0 s -640.409790
4530.0 4585.0 t -757.697083
4585.0 4710.0 a -1470.600708
4710.0 4725.0 t -208.761337
4725.0 4740.0 ssil -170.534134
4740.0 4755.0 ssil -193.124374 BIJ
4755.0 4780.0 b -337.702423
4780.0 4910.0 ei -1420.895508
4910.0 4925.0 ssil -235.568604
4925.0 4940.0 ssil -240.162216 HET
4940.0 4955.0 h -223.005646
4955.0 4970.0 ec -241.706039
4970.0 4985.0 t -240.050171
4985.0 5000.0 ssil -222.864349
5000.0 5015.0 ssil -184.290543 GELE
5015.0 5100.0 gc -1160.768921
5100.0 5225.0 e -1268.381714
5225.0 5240.0 l -191.057526
5240.0 5285.0 @ -481.325378
5285.0 5300.0 ssil -186.972809
5300.0 5315.0 ssil -188.078918 LAKEN
5315.0 5385.0 l -762.171753
5385.0 5595.0 a -1888.615479
5595.0 5650.0 k -759.171082
5650.0 5665.0 @ -218.044357
5665.0 5690.0 ssil -325.504639
.
