#!MLF!#
"/net/aistaff/aki/_same-utterance/wav/01/Oost_Overijsel-Gelderland/6968-1454515649-1269622.rec"
0.0 340.0 ssil -3083.935547 DE
340.0 355.0 d -223.965225
355.0 465.0 ssil -1327.570557
465.0 550.0 ssil -1203.492920 SPREI
550.0 660.0 z -1409.865112
660.0 750.0 p -1164.392456
750.0 780.0 r -407.285431
780.0 1095.0 ei -3621.309814
1095.0 1230.0 ssil -1597.023682
1230.0 1270.0 ssil -473.966522 DIE
1270.0 1290.0 d -286.194336
1290.0 1425.0 i -1489.817261
1425.0 1440.0 ssil -212.376160
1440.0 1455.0 ssil -205.485611 JIJ
1455.0 1480.0 j -271.913879
1480.0 1610.0 ei -1501.167114
1610.0 1625.0 ssil -183.417023
1625.0 1640.0 ssil -184.457016 BRACHT
1640.0 1675.0 b -436.796173
1675.0 1715.0 r -567.763794
1715.0 1840.0 ac -1619.876587
1840.0 1975.0 x -1839.998047
1975.0 2040.0 t -801.319702
2040.0 2075.0 ssil -425.392578
2075.0 2120.0 ssil -599.467163 HEEFT
2120.0 2220.0 e -1232.499634
2220.0 2235.0 f -229.621124
2235.0 2250.0 ssil -206.824539
2250.0 2265.0 ssil -222.199860 SUZAN
2265.0 2355.0 z -1221.887817
2355.0 2405.0 @ -667.626953
2405.0 2510.0 s -1507.266113
2510.0 2610.0 @ -1100.377441
2610.0 2635.0 n -312.000183
2635.0 2650.0 ssil -192.400192
2650.0 2695.0 ssil -543.451538 ALTIJD
2695.0 2825.0 ac -1656.688843
2825.0 2850.0 l -389.668640
2850.0 2900.0 t -748.601990
2900.0 2940.0 ei -507.549988
2940.0 2965.0 t -338.697937
2965.0 2980.0 ssil -210.096771
2980.0 2995.0 ssil -229.680847 AL
2995.0 3120.0 ac -1495.431519
3120.0 3140.0 l -254.936142
3140.0 3155.0 ssil -208.258804
3155.0 3170.0 ssil -223.007828 GEWILD
3170.0 3220.0 gc -631.703369
3220.0 3310.0 w -1028.792603
3310.0 3325.0 ic -180.077942
3325.0 3470.0 l -1670.616089
3470.0 3530.0 t -837.625854
3530.0 3825.0 ssil -3289.177979
3825.0 3840.0 ssil -216.588287 OMDAT
3840.0 3860.0 oc -272.569031
3860.0 3945.0 m -1046.490112
3945.0 3990.0 d -628.713745
3990.0 4030.0 ac -470.340698
4030.0 4045.0 t -241.754166
4045.0 4060.0 ssil -203.826584
4060.0 4075.0 ssil -184.908951 DIE
4075.0 4120.0 d -594.693787
4120.0 4160.0 i -544.648499
4160.0 4175.0 ssil -218.016846
4175.0 4190.0 ssil -223.733856 ZO
4190.0 4310.0 z -1621.174194
4310.0 4365.0 o -654.020569
4365.0 4380.0 ssil -220.898972
4380.0 4395.0 ssil -211.346741 LEUK
4395.0 4465.0 l -899.021973
4465.0 4710.0 eu -2928.718262
4710.0 4725.0 k -206.636459
4725.0 4790.0 ssil -744.976318
4790.0 5290.0 ssil -5783.551270 STAAT
5290.0 5395.0 s -1327.920288
5395.0 5455.0 t -797.422852
5455.0 5700.0 a -2666.367188
5700.0 5805.0 t -1391.533325
5805.0 6005.0 ssil -2182.098877
6005.0 6040.0 ssil -422.534790 BIJ
6040.0 6060.0 b -274.388519
6060.0 6140.0 ei -922.789917
6140.0 6155.0 ssil -207.466217
6155.0 6170.0 ssil -192.123398 HET
6170.0 6185.0 h -183.290405
6185.0 6245.0 ec -718.232788
6245.0 6275.0 t -429.104187
6275.0 6295.0 ssil -286.613617
6295.0 6365.0 ssil -888.633545 GELE
6365.0 6390.0 gc -321.111481
6390.0 6500.0 ic -1273.676880
6500.0 6545.0 l -568.890381
6545.0 6610.0 @ -804.861511
6610.0 6630.0 ssil -258.369781
6630.0 6645.0 ssil -219.610367 LAKEN
6645.0 6680.0 l -521.576233
6680.0 6900.0 a -2559.702637
6900.0 6925.0 k -360.806244
6925.0 6960.0 @ -476.424469
6960.0 7005.0 n -560.881409
7005.0 7150.0 ssil -1576.027344
.
