#!MLF!#
"/net/aistaff/aki/_same-utterance/wav/01/Oost_Overijsel-Gelderland/7484-1455034744-1404144.rec"
0.0 195.0 ssil -1864.413330 DE
195.0 210.0 d -198.406204
210.0 235.0 ssil -360.298889
235.0 1495.0 ssil -14849.239258 SPREI
1495.0 1695.0 s -2594.966797
1695.0 1730.0 p -550.113647
1730.0 1895.0 r -2209.027344
1895.0 1970.0 ei -875.888000
1970.0 1985.0 ssil -195.009048
1985.0 2000.0 ssil -196.469223 DIE
2000.0 2030.0 d -412.264740
2030.0 2045.0 i -252.175858
2045.0 2060.0 ssil -232.430725
2060.0 2075.0 ssil -200.994949 JIJ
2075.0 2185.0 j -1030.689331
2185.0 2300.0 ei -1191.512207
2300.0 2335.0 ssil -417.045441
2335.0 2355.0 ssil -252.053635 BRACHT
2355.0 2415.0 b -804.046997
2415.0 2475.0 r -890.278198
2475.0 2610.0 ac -1608.383545
2610.0 2725.0 x -1503.103271
2725.0 2865.0 t -1923.713013
2865.0 2890.0 ssil -332.862610
2890.0 2935.0 ssil -603.228149 HEEFT
2935.0 2960.0 h -303.093872
2960.0 3055.0 e -1065.817505
3055.0 3080.0 f -327.772614
3080.0 3100.0 ssil -282.006927
3100.0 3165.0 ssil -961.282227 SUZAN
3165.0 3325.0 s -1956.644409
3325.0 3385.0 y -735.960022
3385.0 3455.0 s -957.921509
3455.0 3545.0 ac -1068.081909
3545.0 3605.0 n -707.759216
3605.0 3620.0 ssil -229.685745
3620.0 3635.0 ssil -230.051819 ALTIJD
3635.0 3780.0 ac -1674.341064
3780.0 3830.0 l -662.716370
3830.0 3900.0 t -988.906372
3900.0 3920.0 ei -339.944031
3920.0 3975.0 t -834.461609
3975.0 3990.0 ssil -246.512344
3990.0 4005.0 ssil -243.547531 AL
4005.0 4080.0 ac -871.947327
4080.0 4110.0 l -419.059082
4110.0 4125.0 ssil -223.541336
4125.0 4140.0 ssil -211.637253 GEWILD
4140.0 4220.0 x -1076.513672
4220.0 4250.0 @ -384.777863
4250.0 4285.0 w -401.763885
4285.0 4300.0 ic -205.176788
4300.0 4535.0 l -2809.873047
4535.0 4610.0 t -989.399658
4610.0 4625.0 ssil -194.384048
4625.0 5000.0 ssil -4364.030762 OMDAT
5000.0 5055.0 m -681.058044
5055.0 5075.0 d -294.351959
5075.0 5145.0 ac -980.296387
5145.0 5160.0 t -241.417877
5160.0 5175.0 ssil -249.286896
5175.0 5190.0 ssil -230.206665 DIE
5190.0 5215.0 d -377.413849
5215.0 5245.0 i -428.107697
5245.0 5260.0 ssil -220.994293
5260.0 5275.0 ssil -218.669617 ZO
5275.0 5355.0 z -1126.301392
5355.0 5410.0 o -677.352905
5410.0 5425.0 ssil -244.368637
5425.0 5440.0 ssil -263.169342 LEUK
5440.0 5510.0 l -1043.551270
5510.0 5670.0 eu -2100.945557
5670.0 5690.0 k -297.233093
5690.0 5705.0 ssil -232.487946
5705.0 5720.0 ssil -223.143387 STAAT
5720.0 5795.0 s -911.160278
5795.0 5845.0 t -707.350159
5845.0 6015.0 a -1987.490356
6015.0 6075.0 t -805.805237
6075.0 6095.0 ssil -265.195923
6095.0 6125.0 ssil -383.007904 BIJ
6125.0 6145.0 b -293.196381
6145.0 6160.0 ei -209.904388
6160.0 6175.0 ssil -190.691071
6175.0 6190.0 ssil -192.032852 HET
6190.0 6205.0 h -189.281433
6205.0 6280.0 ec -888.406128
6280.0 6300.0 t -304.284760
6300.0 6315.0 ssil -206.046951
6315.0 6330.0 ssil -204.923157 GELE
6330.0 6470.0 gc -1906.218506
6470.0 6600.0 e -1577.916992
6600.0 6650.0 l -670.019409
6650.0 6665.0 @ -189.124710
6665.0 6680.0 ssil -202.154724
6680.0 6695.0 ssil -209.505753 LAKEN
6695.0 6800.0 l -1270.868042
6800.0 7020.0 a -2710.787354
7020.0 7075.0 k -722.049805
7075.0 7155.0 @ -1075.400146
7155.0 7235.0 n -879.527832
7235.0 7595.0 ssil -3981.185791
.
