#!MLF!#
"/net/aistaff/aki/_same-utterance/wav/01/Oost_Overijsel-Gelderland/8391-1457713731-1583053.rec"
0.0 320.0 ssil -2779.434814 DE
320.0 340.0 d -288.882446
340.0 610.0 ssil -3216.505127
610.0 645.0 ssil -503.305359 SPREI
645.0 810.0 s -2471.583008
810.0 850.0 p -599.079102
850.0 900.0 r -757.678223
900.0 1090.0 ei -2528.447021
1090.0 1110.0 ssil -261.449493
1110.0 1145.0 ssil -435.105316 DIE
1145.0 1170.0 d -375.733032
1170.0 1305.0 i -1647.762939
1305.0 1320.0 ssil -213.666794
1320.0 1335.0 ssil -219.767792 JIJ
1335.0 1375.0 j -459.531189
1375.0 1485.0 ei -1307.846924
1485.0 1530.0 ssil -576.770630
1530.0 1545.0 ssil -201.562653 BRACHT
1545.0 1585.0 b -591.046204
1585.0 1645.0 r -871.330994
1645.0 1760.0 ac -1623.931885
1760.0 1845.0 x -1108.039795
1845.0 1885.0 ssil -707.668274
1885.0 1930.0 ssil -662.187805 HEEFT
1930.0 1950.0 h -257.047699
1950.0 2040.0 e -1066.864868
2040.0 2055.0 f -248.207108
2055.0 2070.0 ssil -233.305481
2070.0 2085.0 ssil -228.578720 SUZAN
2085.0 2175.0 z -1338.146851
2175.0 2205.0 y -479.198181
2205.0 2280.0 s -1158.568237
2280.0 2395.0 ac -1495.774292
2395.0 2415.0 n -302.998718
2415.0 2445.0 ssil -462.972900
2445.0 2500.0 ssil -946.359497 ALTIJD
2500.0 2575.0 ac -980.925964
2575.0 2600.0 l -342.903656
2600.0 2615.0 t -223.894196
2615.0 2630.0 ei -216.931152
2630.0 2670.0 t -558.972534
2670.0 2720.0 ssil -740.761169
2720.0 2765.0 ssil -647.765137 AL
2765.0 2835.0 ac -878.615784
2835.0 2935.0 l -1248.549194
2935.0 2955.0 ssil -335.258942
2955.0 3010.0 ssil -1016.371765 GEWILD
3010.0 3060.0 gc -778.093140
3060.0 3090.0 @ -380.379425
3090.0 3160.0 w -778.882812
3160.0 3240.0 ic -827.160583
3240.0 3345.0 l -1372.844727
3345.0 3450.0 t -1340.315918
3450.0 3815.0 ssil -4251.010742
3815.0 3905.0 ssil -1279.067261 OMDAT
3905.0 3950.0 oc -653.666809
3950.0 4010.0 m -777.231201
4010.0 4065.0 d -817.424805
4065.0 4115.0 ac -653.093384
4115.0 4130.0 t -243.406235
4130.0 4170.0 ssil -506.612762
4170.0 4185.0 ssil -190.391251 DIE
4185.0 4225.0 d -612.949707
4225.0 4335.0 i -1394.813354
4335.0 4350.0 ssil -230.608688
4350.0 4365.0 ssil -227.038940 ZO
4365.0 4420.0 z -743.671021
4420.0 4445.0 o -332.219360
4445.0 4460.0 ssil -219.771912
4460.0 4475.0 ssil -229.037674 LEUK
4475.0 4560.0 l -1172.718018
4560.0 4680.0 eu -1419.682495
4680.0 4730.0 k -736.605164
4730.0 4745.0 ssil -229.545197
4745.0 4760.0 ssil -264.288574 STAAT
4760.0 4775.0 s -264.225494
4775.0 4815.0 t -574.449951
4815.0 4920.0 a -1295.925781
4920.0 4935.0 t -215.750122
4935.0 4970.0 ssil -458.054321
4970.0 4990.0 ssil -252.292542 BIJ
4990.0 5020.0 b -446.518585
5020.0 5195.0 ei -2084.290039
5195.0 5210.0 ssil -234.341843
5210.0 5225.0 ssil -225.307755 HET
5225.0 5240.0 h -218.792145
5240.0 5255.0 ec -228.379013
5255.0 5305.0 t -718.685669
5305.0 5325.0 ssil -261.195190
5325.0 5340.0 ssil -185.425995 GELE
5340.0 5380.0 gc -547.116150
5380.0 5525.0 ic -1796.120728
5525.0 5545.0 l -273.387573
5545.0 5590.0 @ -488.762878
5590.0 5605.0 ssil -200.536240
5605.0 5620.0 ssil -195.110123 LAKEN
5620.0 5695.0 l -921.792847
5695.0 5920.0 a -2693.327393
5920.0 6000.0 k -1105.338623
6000.0 6045.0 @ -588.282166
6045.0 6125.0 n -872.727661
6125.0 8220.0 ssil -23574.304688
.
