#!MLF!#
"/net/aistaff/aki/_same-utterance/wav/01/Oost_Overijsel-Gelderland/8601-1457951120-1624636.rec"
0.0 15.0 ssil -167.264938 DE
15.0 30.0 d -186.452682
30.0 305.0 @ -2342.285889
305.0 1520.0 ssil -13717.228516
1520.0 2380.0 ssil -10040.493164 SPREI
2380.0 2400.0 z -250.390076
2400.0 2465.0 p -771.541199
2465.0 2510.0 r -607.481384
2510.0 2755.0 ei -2765.678711
2755.0 2775.0 ssil -250.218658
2775.0 2820.0 ssil -558.386841 DIE
2820.0 2840.0 d -280.408661
2840.0 2920.0 i -836.365173
2920.0 2935.0 ssil -183.487778
2935.0 2950.0 ssil -181.366211 JIJ
2950.0 3035.0 j -965.890381
3035.0 3120.0 ei -900.861938
3120.0 3150.0 ssil -384.472473
3150.0 3215.0 ssil -720.976624 BRACHT
3215.0 3250.0 b -448.582977
3250.0 3290.0 r -538.705627
3290.0 3415.0 ac -1400.989136
3415.0 3530.0 x -1489.335938
3530.0 3590.0 t -778.283447
3590.0 3630.0 ssil -514.398987
3630.0 3730.0 ssil -1270.788574 HEEFT
3730.0 3765.0 e -432.143524
3765.0 3780.0 f -218.370697
3780.0 4070.0 ssil -3311.218262
4070.0 4175.0 ssil -1338.211792 SUZAN
4175.0 4195.0 s -300.767212
4195.0 4305.0 ac -1181.605591
4305.0 4325.0 n -253.435944
4325.0 4350.0 ssil -291.307343
4350.0 4365.0 ssil -200.515305 ALTIJD
4365.0 4510.0 ac -1556.543457
4510.0 4570.0 l -662.805481
4570.0 4590.0 t -247.993973
4590.0 4615.0 ei -347.276154
4615.0 4660.0 t -639.107361
4660.0 4695.0 ssil -439.196594
4695.0 4745.0 ssil -628.866150 AL
4745.0 4850.0 ac -1151.263428
4850.0 4885.0 l -382.133820
4885.0 4900.0 ssil -186.888840
4900.0 4965.0 ssil -758.039551 GEWILD
4965.0 4980.0 gc -199.327728
4980.0 5010.0 @ -349.141449
5010.0 5235.0 w -2717.384521
5235.0 5255.0 ic -237.619095
5255.0 5275.0 l -239.702271
5275.0 5340.0 ssil -700.329956
5340.0 5530.0 ssil -2108.613037 OMDAT
5530.0 5595.0 oc -780.052063
5595.0 5710.0 m -1337.947998
5710.0 5735.0 d -306.734802
5735.0 5805.0 ac -915.252747
5805.0 5835.0 t -362.607605
5835.0 5855.0 ssil -248.306305
5855.0 5885.0 ssil -379.000031 DIE
5885.0 5900.0 d -191.950912
5900.0 5940.0 i -453.529785
5940.0 5960.0 ssil -255.211334
5960.0 6040.0 ssil -939.781250 ZO
6040.0 6065.0 s -374.546326
6065.0 6080.0 o -216.699234
6080.0 6100.0 ssil -275.924652
6100.0 6120.0 ssil -227.433395 LEUK
6120.0 6180.0 l -710.520203
6180.0 6300.0 eu -1380.371094
6300.0 6330.0 k -368.636444
6330.0 6345.0 ssil -201.783951
6345.0 6465.0 ssil -1415.528198 STAAT
6465.0 6480.0 s -192.412903
6480.0 6495.0 t -204.745316
6495.0 6655.0 a -1836.579590
6655.0 6670.0 t -203.670853
6670.0 6745.0 ssil -896.673523
6745.0 6850.0 ssil -1238.984497 BIJ
6850.0 6875.0 b -349.862488
6875.0 6960.0 ei -962.087341
6960.0 6975.0 ssil -195.764114
6975.0 6995.0 ssil -235.213562 HET
6995.0 7050.0 h -653.015808
7050.0 7065.0 ec -178.942886
7065.0 7115.0 t -657.927185
7115.0 7130.0 ssil -196.425537
7130.0 7175.0 ssil -511.713776 GELE
7175.0 7245.0 gc -889.129822
7245.0 7380.0 e -1498.112427
7380.0 7420.0 l -500.368256
7420.0 7465.0 @ -470.506622
7465.0 7480.0 ssil -190.937469
7480.0 7495.0 ssil -183.377640 LAKEN
7495.0 7540.0 l -505.959747
7540.0 7710.0 a -1767.750122
7710.0 7805.0 k -1222.727905
7805.0 7850.0 @ -542.265869
7850.0 7895.0 n -551.689209
7895.0 8845.0 ssil -10749.864258
.
