#!MLF!#
"/net/aistaff/aki/_same-utterance/wav/01/Oost_Overijsel-Gelderland/8641-1457952015-1626361.rec"
0.0 100.0 ssil -857.059021 DE
100.0 115.0 d -210.631958
115.0 145.0 ssil -453.346863
145.0 310.0 ssil -1993.307861 SPREI
310.0 335.0 z -280.957123
335.0 350.0 p -207.495514
350.0 365.0 r -196.707779
365.0 380.0 ei -198.914276
380.0 420.0 ssil -473.835510
420.0 645.0 ssil -2806.758057 DIE
645.0 740.0 d -1246.780151
740.0 860.0 i -1510.627197
860.0 885.0 ssil -323.466400
885.0 1135.0 ssil -3217.550293 JIJ
1135.0 1495.0 j -4375.766113
1495.0 1645.0 ei -1590.098145
1645.0 1660.0 ssil -205.706589
1660.0 1675.0 ssil -213.173996 BRACHT
1675.0 1715.0 b -569.729248
1715.0 1770.0 r -789.932007
1770.0 1865.0 ac -1141.727173
1865.0 2010.0 x -1865.881226
2010.0 2135.0 t -1674.089233
2135.0 2365.0 ssil -2839.519043
2365.0 2430.0 ssil -905.147034 HEEFT
2430.0 2525.0 e -1072.514771
2525.0 2540.0 f -256.739319
2540.0 2560.0 t -323.153076
2560.0 2575.0 ssil -229.590118
2575.0 2605.0 ssil -456.284302 SUZAN
2605.0 2670.0 s -891.429688
2670.0 2725.0 y -665.691589
2725.0 2830.0 s -1334.559448
2830.0 2915.0 ac -901.084778
2915.0 2970.0 n -650.570923
2970.0 2990.0 ssil -293.304199
2990.0 3015.0 ssil -338.281250 ALTIJD
3015.0 3215.0 ac -2467.310791
3215.0 3250.0 l -592.830933
3250.0 3280.0 t -450.827698
3280.0 3380.0 ei -1057.354858
3380.0 3395.0 t -229.868118
3395.0 3410.0 ssil -234.651672
3410.0 3425.0 ssil -226.158447 AL
3425.0 3525.0 ac -1119.109497
3525.0 3550.0 l -335.965088
3550.0 3565.0 ssil -211.391968
3565.0 3580.0 ssil -223.055603 GEWILD
3580.0 3635.0 gc -728.455017
3635.0 3720.0 w -940.714355
3720.0 3745.0 ic -258.878387
3745.0 3865.0 l -1423.284668
3865.0 3940.0 t -1087.078979
3940.0 4020.0 ssil -1089.804932
4020.0 4495.0 ssil -5789.244629 OMDAT
4495.0 4555.0 oc -756.034485
4555.0 4630.0 m -1021.354858
4630.0 4660.0 d -432.555634
4660.0 4700.0 ac -495.364838
4700.0 4715.0 t -234.708710
4715.0 4730.0 ssil -201.839600
4730.0 4745.0 ssil -200.125214 DIE
4745.0 4805.0 d -788.206848
4805.0 4855.0 i -669.170166
4855.0 4870.0 ssil -211.594788
4870.0 4885.0 ssil -199.029739 ZO
4885.0 4960.0 s -1028.930908
4960.0 5025.0 o -778.263367
5025.0 5040.0 ssil -228.134216
5040.0 5055.0 ssil -193.794815 LEUK
5055.0 5125.0 l -841.633850
5125.0 5270.0 eu -1743.593018
5270.0 5285.0 k -221.934692
5285.0 5300.0 ssil -218.492859
5300.0 5315.0 ssil -210.511520 STAAT
5315.0 5370.0 s -709.397217
5370.0 5415.0 t -655.026184
5415.0 5570.0 a -1546.679077
5570.0 5590.0 t -279.582550
5590.0 5610.0 ssil -294.770844
5610.0 5625.0 ssil -189.433548 BIJ
5625.0 5740.0 b -1386.750488
5740.0 5955.0 ei -2313.398682
5955.0 5970.0 ssil -198.394684
5970.0 5985.0 ssil -185.235870 HET
5985.0 6000.0 h -184.494720
6000.0 6015.0 ec -228.908722
6015.0 6050.0 t -534.743469
6050.0 6065.0 ssil -218.995728
6065.0 6080.0 ssil -197.113647 GELE
6080.0 6140.0 x -776.577820
6140.0 6245.0 e -1043.241455
6245.0 6300.0 l -754.631836
6300.0 6340.0 @ -425.534271
6340.0 6355.0 ssil -219.421036
6355.0 6370.0 ssil -214.190735 LAKEN
6370.0 6430.0 l -697.912476
6430.0 6610.0 a -1785.733765
6610.0 6650.0 k -616.542847
6650.0 6675.0 @ -332.500793
6675.0 6725.0 n -573.403931
6725.0 7685.0 ssil -12325.021484
.
