#!MLF!#
"/net/aistaff/aki/_same-utterance/wav/01/Oost_Overijsel-Gelderland/9076-1459356946-1720904.rec"
0.0 90.0 ssil -808.908813 DE
90.0 130.0 d -560.250122
130.0 145.0 ssil -230.176117
145.0 830.0 ssil -7780.363281 SPREI
830.0 980.0 s -1859.824097
980.0 1030.0 p -717.301392
1030.0 1155.0 r -1773.551147
1155.0 1180.0 ei -332.677521
1180.0 1195.0 ssil -235.935745
1195.0 1210.0 ssil -230.603348 DIE
1210.0 1225.0 d -236.376205
1225.0 1255.0 i -459.499451
1255.0 1270.0 ssil -226.188339
1270.0 1285.0 ssil -236.413574 JIJ
1285.0 1350.0 j -870.563477
1350.0 1420.0 ei -928.766479
1420.0 1435.0 ssil -180.145416
1435.0 1450.0 ssil -212.873398 BRACHT
1450.0 1480.0 b -451.576630
1480.0 1545.0 r -880.012939
1545.0 1660.0 ac -1417.799683
1660.0 1795.0 x -1847.145020
1795.0 1845.0 t -677.329895
1845.0 1860.0 ssil -193.977448
1860.0 1970.0 ssil -1271.333252 HEEFT
1970.0 1985.0 h -233.545364
1985.0 2050.0 e -902.190796
2050.0 2065.0 f -260.286713
2065.0 2080.0 ssil -211.743347
2080.0 2095.0 ssil -214.612152 SUZAN
2095.0 2145.0 z -684.337830
2145.0 2175.0 @ -427.469391
2175.0 2275.0 s -1352.663330
2275.0 2330.0 ac -543.877991
2330.0 2345.0 n -182.642380
2345.0 2360.0 ssil -201.892426
2360.0 2375.0 ssil -204.060638 ALTIJD
2375.0 2490.0 ac -1459.892334
2490.0 2515.0 l -387.344818
2515.0 2555.0 t -672.791077
2555.0 2570.0 ei -213.021790
2570.0 2585.0 t -232.991272
2585.0 2640.0 ssil -763.780029
2640.0 2660.0 ssil -311.318970 AL
2660.0 2720.0 ac -722.756042
2720.0 2740.0 l -249.624481
2740.0 2755.0 ssil -218.108353
2755.0 2770.0 ssil -225.845657 GEWILD
2770.0 2870.0 gc -1380.072754
2870.0 2965.0 w -1076.725220
2965.0 2980.0 ic -170.851730
2980.0 3145.0 l -1946.829224
3145.0 3250.0 t -1387.195435
3250.0 3325.0 ssil -946.354797
3325.0 3470.0 ssil -1630.021729 OMDAT
3470.0 3505.0 m -452.753479
3505.0 3525.0 d -288.495087
3525.0 3570.0 ac -610.535828
3570.0 3585.0 t -221.936859
3585.0 3600.0 ssil -214.598709
3600.0 3615.0 ssil -235.118973 DIE
3615.0 3635.0 d -299.146729
3635.0 3660.0 i -365.970032
3660.0 3675.0 ssil -225.403595
3675.0 3690.0 ssil -219.486023 ZO
3690.0 3790.0 z -1357.608765
3790.0 3805.0 o -214.097198
3805.0 3820.0 ssil -223.937714
3820.0 3835.0 ssil -206.074936 LEUK
3835.0 3890.0 l -730.065613
3890.0 3960.0 eu -911.991394
3960.0 3975.0 k -220.098465
3975.0 3995.0 ssil -279.303436
3995.0 4010.0 ssil -206.702499 STAAT
4010.0 4115.0 s -1321.379639
4115.0 4150.0 t -481.888275
4150.0 4325.0 a -1991.795776
4325.0 4340.0 t -224.703827
4340.0 4355.0 ssil -224.911789
4355.0 4370.0 ssil -226.781921 BIJ
4370.0 4385.0 b -245.322815
4385.0 4460.0 ei -875.695007
4460.0 4475.0 ssil -230.368927
4475.0 4490.0 ssil -202.561707 HET
4490.0 4505.0 h -200.296265
4505.0 4520.0 ec -220.785385
4520.0 4540.0 t -273.645996
4540.0 4555.0 ssil -209.251663
4555.0 4570.0 ssil -193.259064 GELE
4570.0 4625.0 gc -748.515015
4625.0 4710.0 ic -953.847717
4710.0 4725.0 l -197.048477
4725.0 4745.0 @ -230.948563
4745.0 4760.0 ssil -180.194641
4760.0 4780.0 ssil -244.795303 LAKEN
4780.0 4900.0 l -1351.801392
4900.0 5080.0 a -2199.147705
5080.0 5110.0 k -423.226532
5110.0 5130.0 @ -275.221985
5130.0 5230.0 n -1107.933105
5230.0 5505.0 ssil -3359.926270
.
