#!MLF!#
"/net/aistaff/aki/_same-utterance/wav/01/Oost_Overijsel-Gelderland/9415-1462963245-1806136.rec"
0.0 430.0 ssil -5174.427734 DE
430.0 470.0 d -568.705322
470.0 485.0 ssil -214.568451
485.0 500.0 ssil -209.705765 SPREI
500.0 645.0 z -1903.979736
645.0 670.0 p -361.297546
670.0 710.0 r -496.628296
710.0 895.0 ei -2375.615234
895.0 910.0 ssil -219.305695
910.0 925.0 ssil -225.346191 DIE
925.0 940.0 d -224.775955
940.0 960.0 i -265.748535
960.0 975.0 ssil -219.148331
975.0 990.0 ssil -214.943024 JIJ
990.0 1085.0 j -1142.488281
1085.0 1145.0 ei -702.924316
1145.0 1185.0 ssil -503.114075
1185.0 1200.0 ssil -214.395676 BRACHT
1200.0 1235.0 b -539.571045
1235.0 1265.0 r -435.196533
1265.0 1420.0 ac -1971.126831
1420.0 1450.0 x -387.526520
1450.0 1510.0 ssil -769.636292
1510.0 1600.0 ssil -1307.171021 HEEFT
1600.0 1635.0 h -405.111755
1635.0 1730.0 e -1095.708618
1730.0 1750.0 f -298.823151
1750.0 1765.0 ssil -207.570633
1765.0 1785.0 ssil -268.819153 SUZAN
1785.0 1900.0 s -1541.247681
1900.0 1990.0 y -1247.558105
1990.0 2050.0 s -844.486450
2050.0 2145.0 ac -1075.471558
2145.0 2195.0 n -577.655151
2195.0 2245.0 ssil -723.973267
2245.0 2260.0 ssil -246.138275 ALTIJD
2260.0 2430.0 ac -2183.077881
2430.0 2500.0 l -1054.647949
2500.0 2530.0 t -525.093628
2530.0 2580.0 ei -636.927185
2580.0 2595.0 t -241.795502
2595.0 2610.0 ssil -213.468918
2610.0 2645.0 ssil -550.013611 AL
2645.0 2740.0 ac -1092.465942
2740.0 2755.0 l -209.839981
2755.0 2770.0 ssil -229.239365
2770.0 2785.0 ssil -239.334152 GEWILD
2785.0 2855.0 gc -881.718628
2855.0 2960.0 w -1172.119629
2960.0 3020.0 ic -621.647705
3020.0 3135.0 l -1415.260376
3135.0 3240.0 t -1419.612183
3240.0 3275.0 ssil -447.867645
3275.0 3405.0 ssil -1595.169922 OMDAT
3405.0 3470.0 oc -810.390991
3470.0 3535.0 m -917.087341
3535.0 3565.0 d -468.925018
3565.0 3630.0 ac -866.672119
3630.0 3645.0 t -270.788696
3645.0 3660.0 ssil -244.109894
3660.0 3680.0 ssil -304.251251 DIE
3680.0 3695.0 d -216.106903
3695.0 3715.0 i -240.105179
3715.0 3730.0 ssil -205.031281
3730.0 3745.0 ssil -211.135574 ZO
3745.0 3835.0 z -1115.838257
3835.0 3860.0 o -309.073608
3860.0 3875.0 ssil -193.850067
3875.0 3890.0 ssil -195.001999 LEUK
3890.0 3945.0 l -675.668091
3945.0 4090.0 eu -1802.808594
4090.0 4105.0 k -234.710236
4105.0 4120.0 ssil -219.993378
4120.0 4135.0 ssil -243.651169 STAAT
4135.0 4165.0 s -452.261841
4165.0 4215.0 t -728.297852
4215.0 4375.0 a -1860.399536
4375.0 4395.0 t -316.288849
4395.0 4415.0 ssil -326.981750
4415.0 4455.0 ssil -588.521240 BIJ
4455.0 4485.0 b -459.313538
4485.0 4515.0 ei -385.709106
4515.0 4530.0 ssil -195.482864
4530.0 4545.0 ssil -200.959915 HET
4545.0 4560.0 h -199.862473
4560.0 4585.0 ec -335.981812
4585.0 4620.0 t -516.716980
4620.0 4635.0 ssil -222.060867
4635.0 4650.0 ssil -218.001205 GELE
4650.0 4735.0 x -1073.665039
4735.0 4845.0 ic -1166.654541
4845.0 4890.0 l -585.916077
4890.0 4935.0 @ -496.472656
4935.0 4950.0 ssil -213.426056
4950.0 4965.0 ssil -203.777496 LAKEN
4965.0 5010.0 l -605.088379
5010.0 5225.0 a -2232.997559
5225.0 5295.0 k -1000.237244
5295.0 5330.0 @ -413.676392
5330.0 5510.0 n -2065.891113
5510.0 5990.0 ssil -5568.813477
.
