#!MLF!#
"/net/aistaff/aki/_same-utterance/wav/01/Oost_Overijsel-Gelderland/9486-1463337637-1818021.rec"
0.0 120.0 ssil -1324.551880 DE
120.0 145.0 d -407.649872
145.0 385.0 ssil -2880.809570
385.0 1155.0 ssil -9053.257812 SPREI
1155.0 1335.0 s -2448.052490
1335.0 1370.0 p -518.240723
1370.0 1460.0 r -1290.295776
1460.0 1595.0 ei -1732.372559
1595.0 1610.0 ssil -203.259659
1610.0 1625.0 ssil -217.650284 DIE
1625.0 1640.0 d -245.194626
1640.0 1730.0 i -1102.429077
1730.0 1745.0 ssil -224.916260
1745.0 1760.0 ssil -241.657867 JIJ
1760.0 1810.0 j -651.190979
1810.0 1875.0 ei -817.276794
1875.0 1910.0 ssil -480.829376
1910.0 1930.0 ssil -299.580383 BRACHT
1930.0 1955.0 b -409.348053
1955.0 2010.0 r -883.046082
2010.0 2135.0 ac -1508.300659
2135.0 2215.0 x -1070.032715
2215.0 2295.0 t -1139.815063
2295.0 2310.0 ssil -220.066849
2310.0 2345.0 ssil -512.215698 HEEFT
2345.0 2410.0 e -886.457825
2410.0 2435.0 f -404.414825
2435.0 2450.0 ssil -246.182022
2450.0 2465.0 ssil -224.911331 SUZAN
2465.0 2540.0 s -1049.398804
2540.0 2560.0 @ -292.905884
2560.0 2670.0 s -1388.234863
2670.0 2755.0 ac -1032.114258
2755.0 2805.0 n -694.622314
2805.0 2860.0 ssil -692.870422
2860.0 2960.0 ssil -1457.532715 ALTIJD
2960.0 3035.0 ac -931.083008
3035.0 3145.0 l -1568.925903
3145.0 3205.0 t -927.760132
3205.0 3235.0 ei -462.572418
3235.0 3270.0 t -530.690979
3270.0 3290.0 ssil -314.580688
3290.0 3305.0 ssil -227.116043 AL
3305.0 3415.0 l -1421.395142
3415.0 3430.0 ssil -195.180573
3430.0 3445.0 ssil -188.646927 GEWILD
3445.0 3495.0 x -703.154114
3495.0 3530.0 @ -439.675934
3530.0 3575.0 w -495.809326
3575.0 3635.0 ic -689.121155
3635.0 3750.0 l -1408.800415
3750.0 3865.0 t -1655.638306
3865.0 4175.0 ssil -4063.174072
4175.0 4200.0 ssil -424.267365 OMDAT
4200.0 4235.0 oc -464.369781
4235.0 4295.0 m -705.984192
4295.0 4330.0 d -502.745911
4330.0 4360.0 ac -387.391388
4360.0 4390.0 t -463.925323
4390.0 4410.0 ssil -309.576294
4410.0 4425.0 ssil -240.113358 DIE
4425.0 4450.0 d -404.685822
4450.0 4480.0 i -383.238831
4480.0 4495.0 ssil -224.881317
4495.0 4510.0 ssil -234.361816 ZO
4510.0 4605.0 z -1329.469116
4605.0 4640.0 o -433.527985
4640.0 4655.0 ssil -227.497849
4655.0 4670.0 ssil -202.272705 LEUK
4670.0 4740.0 l -830.848999
4740.0 4850.0 eu -1304.774170
4850.0 4900.0 k -780.675293
4900.0 4915.0 ssil -219.029892
4915.0 4930.0 ssil -208.823929 STAAT
4930.0 4945.0 s -209.335098
4945.0 5035.0 t -1538.554810
5035.0 5175.0 a -1783.283936
5175.0 5190.0 t -238.918350
5190.0 5210.0 ssil -249.505371
5210.0 5260.0 ssil -685.432739 BIJ
5260.0 5280.0 b -337.218719
5280.0 5400.0 ei -1382.500366
5400.0 5415.0 ssil -231.178452
5415.0 5430.0 ssil -229.914398 HET
5430.0 5445.0 h -227.049530
5445.0 5460.0 ec -234.287094
5460.0 5500.0 t -542.628601
5500.0 5515.0 ssil -192.962753
5515.0 5530.0 ssil -178.040588 GELE
5530.0 5580.0 gc -624.569458
5580.0 5680.0 e -1144.832642
5680.0 5735.0 l -651.060669
5735.0 5770.0 @ -412.709930
5770.0 5785.0 ssil -224.633423
5785.0 5800.0 ssil -212.034882 LAKEN
5800.0 5870.0 l -912.306641
5870.0 6085.0 a -2463.941406
6085.0 6125.0 k -599.955566
6125.0 6190.0 @ -829.292236
6190.0 6290.0 n -1256.207886
6290.0 6525.0 ssil -2897.117920
.
