#!MLF!#
"/net/aistaff/aki/_same-utterance/wav/07/Limburg/10015-1465415681-2278883.rec"
0.0 525.0 ssil -5438.457031 NATUURLIJK
525.0 540.0 n -220.505051
540.0 595.0 @ -638.248169
595.0 730.0 t -1911.061157
730.0 745.0 y -220.802704
745.0 775.0 r -434.706329
775.0 880.0 l -1379.201782
880.0 930.0 @ -767.315613
930.0 950.0 k -298.567780
950.0 965.0 ssil -222.765259
965.0 980.0 ssil -239.714127 GA
980.0 1065.0 x -1103.754028
1065.0 1160.0 a -991.813354
1160.0 1175.0 ssil -196.150360
1175.0 1190.0 ssil -187.085068 JE
1190.0 1260.0 j -727.662781
1260.0 1275.0 ssil -188.823471
1275.0 1290.0 ssil -185.336319 VAN
1290.0 1325.0 v -394.559143
1325.0 1355.0 ac -391.472015
1355.0 1370.0 n -192.814148
1370.0 1385.0 ssil -208.931488
1385.0 1400.0 ssil -222.277435 HARD
1400.0 1415.0 h -191.250977
1415.0 1575.0 ac -1926.592651
1575.0 1595.0 r -326.057190
1595.0 1670.0 t -1001.515076
1670.0 1685.0 ssil -214.389267
1685.0 1700.0 ssil -200.520966 WERKEN
1700.0 1750.0 w -583.446289
1750.0 1840.0 ec -954.314697
1840.0 1910.0 r -977.986694
1910.0 1940.0 k -423.464752
1940.0 1985.0 ssil -614.481018
1985.0 2015.0 ssil -437.992981 HEUS
2015.0 2030.0 h -194.478531
2030.0 2230.0 eu -2049.971436
2230.0 2305.0 s -1010.229553
2305.0 2320.0 ssil -206.261597
2320.0 2355.0 ssil -482.871582 NIET
2355.0 2370.0 n -212.025467
2370.0 2450.0 i -839.260132
2450.0 2465.0 ssil -201.838501
2465.0 2480.0 ssil -183.506866 DOOD
2480.0 2565.0 d -1105.115112
2565.0 2735.0 o -1928.147705
2735.0 2845.0 t -1441.250732
2845.0 2910.0 ssil -865.226074
2910.0 2935.0 ssil -344.739624 MAAR
2935.0 2990.0 m -706.370239
2990.0 3115.0 a -1401.870117
3115.0 3130.0 ssil -225.331635
3130.0 3145.0 ssil -215.443359 IN
3145.0 3160.0 n -226.557251
3160.0 3175.0 ssil -238.753235
3175.0 3190.0 ssil -216.264526 ANDERE
3190.0 3325.0 ac -1533.150024
3325.0 3400.0 n -901.447388
3400.0 3430.0 d -427.919983
3430.0 3445.0 r -209.078308
3445.0 3460.0 ssil -194.760696
3460.0 3475.0 ssil -186.211288 OPZICHTEN
3475.0 3695.0 oc -2613.792725
3695.0 3720.0 p -345.483276
3720.0 3825.0 s -1338.590332
3825.0 3925.0 ic -1140.970825
3925.0 3995.0 x -1050.028442
3995.0 4055.0 t -823.246826
4055.0 4100.0 @ -544.715393
4100.0 4115.0 ssil -202.711533
4115.0 4130.0 ssil -225.469818 IS
4130.0 4150.0 ic -310.996246
4150.0 4275.0 s -1714.338867
4275.0 4295.0 ssil -322.999207
4295.0 4310.0 ssil -215.866730 DE
4310.0 4325.0 d -199.032898
4325.0 4350.0 ssil -266.952240
4350.0 4385.0 ssil -448.182617 PRIJS
4385.0 4425.0 p -572.546143
4425.0 4455.0 r -429.420258
4455.0 4600.0 ei -1611.643188
4600.0 4630.0 s -438.497772
4630.0 4645.0 ssil -199.993195
4645.0 4660.0 ssil -210.538086 SOMS
4660.0 4705.0 s -655.695801
4705.0 4740.0 oc -447.190643
4740.0 4805.0 m -817.180908
4805.0 4855.0 s -695.738037
4855.0 4870.0 ssil -225.845505
4870.0 4885.0 ssil -245.830902 HOGER
4885.0 4900.0 h -230.896713
4900.0 5095.0 o -1874.186890
5095.0 5110.0 gc -207.319656
5110.0 5155.0 @ -522.100098
5155.0 5170.0 ssil -225.122025
5170.0 5185.0 ssil -253.718765 DAN
5185.0 5205.0 d -308.589264
5205.0 5295.0 ac -1133.317139
5295.0 5345.0 n -559.342529
5345.0 5360.0 ssil -182.304810
5360.0 5375.0 ssil -189.436218 JE
5375.0 5450.0 j -920.863464
5450.0 5465.0 ssil -215.985855
5465.0 5480.0 ssil -203.043549 DACHT
5480.0 5525.0 d -616.766052
5525.0 5680.0 ac -1571.526123
5680.0 5795.0 x -1535.765869
5795.0 5940.0 t -1855.512695
5940.0 6155.0 ssil -2685.457031
.
