#!MLF!#
"/net/aistaff/aki/_same-utterance/wav/07/Limburg/12535-1464199223-1930135.rec"
0.0 15.0 ssil -160.973236 NATUURLIJK
15.0 30.0 n -157.063980
30.0 320.0 a -2779.766846
320.0 410.0 t -1294.921387
410.0 485.0 y -875.814209
485.0 510.0 r -356.643463
510.0 620.0 @ -1467.695679
620.0 640.0 k -289.640350
640.0 660.0 ssil -254.180115
660.0 700.0 ssil -490.256805 GA
700.0 765.0 x -935.631470
765.0 895.0 a -1313.876709
895.0 910.0 ssil -183.075439
910.0 925.0 ssil -183.755981 JE
925.0 1065.0 j -1381.467163
1065.0 1135.0 @ -789.355835
1135.0 1255.0 ssil -1648.307007
1255.0 1345.0 ssil -1174.480103 VAN
1345.0 1420.0 v -945.432617
1420.0 1510.0 ac -1001.490051
1510.0 1565.0 n -652.693176
1565.0 1580.0 ssil -215.052368
1580.0 1595.0 ssil -204.146912 HARD
1595.0 1635.0 h -495.968719
1635.0 1730.0 ac -1069.986816
1730.0 1775.0 r -664.317200
1775.0 1845.0 t -971.066040
1845.0 1865.0 ssil -281.089752
1865.0 1880.0 ssil -199.134018 WERKEN
1880.0 1915.0 w -371.899567
1915.0 2035.0 ec -1119.378052
2035.0 2060.0 r -348.827179
2060.0 2170.0 k -1465.617065
2170.0 2240.0 @ -800.591675
2240.0 2255.0 ssil -185.716202
2255.0 2270.0 ssil -187.497742 HEUS
2270.0 2285.0 h -189.139420
2285.0 2410.0 eu -1441.160156
2410.0 2495.0 s -1195.147705
2495.0 2515.0 ssil -324.159271
2515.0 2530.0 ssil -252.770905 NIET
2530.0 2545.0 n -240.844269
2545.0 2645.0 i -1304.714355
2645.0 2660.0 ssil -206.454483
2660.0 2680.0 ssil -273.380615 DOOD
2680.0 2750.0 d -940.824707
2750.0 3000.0 o -3276.505615
3000.0 3120.0 t -1490.349731
3120.0 3210.0 ssil -1142.165894
3210.0 3500.0 ssil -3425.523682 MAAR
3500.0 3525.0 m -373.452118
3525.0 3600.0 a -797.373047
3600.0 3615.0 r -218.852417
3615.0 3630.0 ssil -211.767609
3630.0 3645.0 ssil -211.432159 IN
3645.0 3720.0 ic -926.682251
3720.0 3780.0 n -794.165588
3780.0 3795.0 ssil -225.657272
3795.0 3810.0 ssil -230.205765 ANDERE
3810.0 3930.0 ac -1414.324585
3930.0 3990.0 n -734.275208
3990.0 4010.0 d -313.705994
4010.0 4025.0 r -237.641357
4025.0 4040.0 ssil -225.818069
4040.0 4055.0 ssil -220.196426 OPZICHTEN
4055.0 4255.0 oc -2491.380859
4255.0 4270.0 p -255.674133
4270.0 4370.0 s -1442.346191
4370.0 4455.0 ic -998.380676
4455.0 4470.0 x -285.534851
4470.0 4490.0 t -324.174469
4490.0 4510.0 @ -273.703430
4510.0 4525.0 ssil -200.737259
4525.0 4550.0 ssil -391.583527 IS
4550.0 4630.0 ic -938.174133
4630.0 4700.0 s -937.773315
4700.0 4715.0 ssil -200.025497
4715.0 4730.0 ssil -198.045532 DE
4730.0 4755.0 d -348.661011
4755.0 4785.0 @ -375.964630
4785.0 4800.0 ssil -198.672958
4800.0 4820.0 ssil -246.698761 PRIJS
4820.0 4885.0 p -786.347473
4885.0 4945.0 r -855.383545
4945.0 5075.0 ei -1480.139893
5075.0 5135.0 s -805.408691
5135.0 5150.0 ssil -219.116577
5150.0 5165.0 ssil -216.688004 SOMS
5165.0 5190.0 s -370.503571
5190.0 5205.0 oc -201.821960
5205.0 5265.0 m -722.435730
5265.0 5335.0 s -978.676025
5335.0 5350.0 ssil -211.686035
5350.0 5365.0 ssil -191.222580 HOGER
5365.0 5390.0 h -315.490234
5390.0 5555.0 o -1783.792358
5555.0 5570.0 gc -257.932098
5570.0 5585.0 @ -214.294830
5585.0 5600.0 ssil -222.024323
5600.0 5615.0 ssil -214.527115 DAN
5615.0 5635.0 d -275.884369
5635.0 5650.0 ac -197.531219
5650.0 5665.0 n -205.914688
5665.0 5680.0 ssil -192.767654
5680.0 5695.0 ssil -192.735016 JE
5695.0 5805.0 j -1210.749634
5805.0 5820.0 ssil -206.334991
5820.0 5835.0 ssil -201.886490 DACHT
5835.0 5870.0 d -460.468658
5870.0 5980.0 ac -1274.916992
5980.0 6145.0 x -2239.383789
6145.0 6260.0 t -1467.754639
6260.0 6295.0 ssil -457.237885
.
