#!MLF!#
"/net/aistaff/aki/_same-utterance/wav/07/Limburg/13969-1464286333-1982061.rec"
0.0 420.0 ssil -4382.275879 NATUURLIJK
420.0 455.0 n -443.880615
455.0 570.0 @ -1419.840210
570.0 630.0 t -842.977722
630.0 710.0 y -943.193237
710.0 795.0 l -1048.037598
795.0 900.0 @ -1375.382446
900.0 915.0 k -248.471558
915.0 955.0 ssil -526.359314
955.0 970.0 ssil -193.815018 GA
970.0 1020.0 x -681.440918
1020.0 1120.0 a -1100.267212
1120.0 1135.0 ssil -206.159958
1135.0 1150.0 ssil -190.456116 JE
1150.0 1165.0 j -236.271652
1165.0 1180.0 ssil -219.776047
1180.0 1195.0 ssil -198.871384 VAN
1195.0 1235.0 v -500.551483
1235.0 1265.0 ac -376.932709
1265.0 1305.0 n -525.593323
1305.0 1320.0 ssil -203.995605
1320.0 1335.0 ssil -205.455460 HARD
1335.0 1360.0 h -303.579041
1360.0 1480.0 ac -1426.390503
1480.0 1495.0 r -223.062515
1495.0 1590.0 t -1410.887817
1590.0 1605.0 ssil -209.176773
1605.0 1620.0 ssil -185.126144 WERKEN
1620.0 1645.0 w -267.152344
1645.0 1755.0 ec -1125.762451
1755.0 1775.0 r -301.950439
1775.0 1790.0 k -238.388184
1790.0 1830.0 ssil -562.542725
1830.0 1920.0 ssil -1167.583008 HEUS
1920.0 1935.0 h -223.093033
1935.0 2145.0 eu -2337.347656
2145.0 2205.0 s -796.557739
2205.0 2225.0 ssil -306.086304
2225.0 2270.0 ssil -675.758118 NIET
2270.0 2285.0 n -207.869110
2285.0 2380.0 i -1007.235962
2380.0 2395.0 ssil -202.442169
2395.0 2410.0 ssil -182.503433 DOOD
2410.0 2475.0 d -814.234314
2475.0 2665.0 o -2259.220703
2665.0 2820.0 t -2064.356201
2820.0 3000.0 ssil -2190.716797
3000.0 3115.0 ssil -1579.562378 MAAR
3115.0 3215.0 m -1125.205811
3215.0 3280.0 a -676.753845
3280.0 3380.0 r -1288.234253
3380.0 3395.0 ssil -229.253891
3395.0 3410.0 ssil -208.739639 IN
3410.0 3425.0 n -211.581558
3425.0 3450.0 ssil -355.905304
3450.0 3465.0 ssil -253.131866 ANDERE
3465.0 3605.0 ac -1766.629028
3605.0 3680.0 n -874.019104
3680.0 3705.0 d -350.852936
3705.0 3720.0 @ -206.446701
3720.0 3745.0 r -335.148438
3745.0 3760.0 ssil -212.005905
3760.0 3775.0 ssil -199.759613 OPZICHTEN
3775.0 3955.0 oc -2200.441162
3955.0 3990.0 p -508.862946
3990.0 4100.0 s -1372.121338
4100.0 4225.0 ic -1536.205688
4225.0 4260.0 x -515.839172
4260.0 4285.0 t -394.407532
4285.0 4300.0 @ -216.729355
4300.0 4315.0 ssil -213.807770
4315.0 4345.0 ssil -423.910858 IS
4345.0 4475.0 ic -1550.752441
4475.0 4585.0 s -1468.448364
4585.0 4600.0 ssil -207.085403
4600.0 4615.0 ssil -208.137772 DE
4615.0 4630.0 d -207.882446
4630.0 4655.0 ssil -318.872589
4655.0 4690.0 ssil -442.074768 PRIJS
4690.0 4735.0 p -648.276367
4735.0 4760.0 r -308.677734
4760.0 4930.0 ei -1896.723633
4930.0 4990.0 s -805.372620
4990.0 5005.0 ssil -196.400772
5005.0 5020.0 ssil -188.748291 SOMS
5020.0 5055.0 s -440.129181
5055.0 5105.0 oc -583.263794
5105.0 5170.0 m -730.014404
5170.0 5225.0 s -736.846252
5225.0 5240.0 ssil -204.817398
5240.0 5260.0 ssil -272.117615 HOGER
5260.0 5300.0 h -501.946564
5300.0 5520.0 o -2330.871094
5520.0 5535.0 gc -206.260971
5535.0 5565.0 @ -414.472351
5565.0 5580.0 ssil -204.559616
5580.0 5595.0 ssil -204.143799 DAN
5595.0 5625.0 d -393.029358
5625.0 5700.0 ac -867.465393
5700.0 5775.0 n -1086.381226
5775.0 5790.0 ssil -214.415619
5790.0 5805.0 ssil -214.489212 JE
5805.0 5880.0 j -930.197510
5880.0 5895.0 ssil -200.730759
5895.0 5910.0 ssil -210.208664 DACHT
5910.0 5965.0 d -732.766541
5965.0 6100.0 ac -1608.609253
6100.0 6210.0 x -1484.770996
6210.0 6370.0 t -2134.669922
6370.0 6570.0 ssil -2508.681152
.
