#!MLF!#
"/net/aistaff/aki/_same-utterance/wav/07/Limburg/14111-1477309707-2517066.rec"
0.0 810.0 ssil -9729.194336 NATUURLIJK
810.0 885.0 n -900.617432
885.0 1025.0 a -1910.124512
1025.0 1090.0 d -1029.784302
1090.0 1255.0 y -1955.968994
1255.0 1360.0 r -1351.990967
1360.0 1380.0 k -273.397491
1380.0 1450.0 ssil -875.852478
1450.0 1480.0 ssil -361.518707 GA
1480.0 1540.0 x -803.274353
1540.0 1635.0 a -965.914001
1635.0 1650.0 ssil -173.928909
1650.0 1665.0 ssil -178.424377 JE
1665.0 1750.0 j -879.775452
1750.0 1765.0 ssil -194.661285
1765.0 1780.0 ssil -182.128632 VAN
1780.0 1860.0 v -961.061096
1860.0 1920.0 ac -667.630188
1920.0 1980.0 n -836.240540
1980.0 2000.0 ssil -295.920013
2000.0 2015.0 ssil -205.525818 HARD
2015.0 2075.0 h -701.031677
2075.0 2115.0 ac -444.927490
2115.0 2155.0 r -532.746948
2155.0 2245.0 ssil -1236.334106
2245.0 2285.0 ssil -518.772339 WERKEN
2285.0 2360.0 w -802.072815
2360.0 2545.0 ec -1936.284668
2545.0 2610.0 r -888.231873
2610.0 2690.0 k -1113.987427
2690.0 2825.0 @ -1568.203491
2825.0 2900.0 ssil -929.721985
2900.0 3415.0 ssil -6178.343262 HEUS
3415.0 3450.0 h -460.841614
3450.0 3580.0 eu -1403.559326
3580.0 3685.0 s -1358.713257
3685.0 3705.0 ssil -279.889404
3705.0 3735.0 ssil -412.768524 NIET
3735.0 3785.0 n -578.925598
3785.0 3860.0 i -815.681152
3860.0 3875.0 ssil -206.241531
3875.0 3890.0 ssil -204.543961 DOOD
3890.0 4005.0 d -1438.479248
4005.0 4170.0 o -1994.771362
4170.0 4195.0 t -380.986664
4195.0 4305.0 ssil -1491.482300
4305.0 4815.0 ssil -5834.725098 MAAR
4815.0 4895.0 m -949.720703
4895.0 5050.0 a -1473.212769
5050.0 5100.0 r -647.786743
5100.0 5115.0 ssil -212.962204
5115.0 5130.0 ssil -209.836655 IN
5130.0 5265.0 ic -1658.155640
5265.0 5390.0 n -1339.093750
5390.0 5425.0 ssil -502.857056
5425.0 5460.0 ssil -468.004303 ANDERE
5460.0 5560.0 ac -1310.871338
5560.0 5665.0 n -1123.042236
5665.0 5685.0 d -311.607086
5685.0 5725.0 @ -540.507141
5725.0 5885.0 r -1939.829956
5885.0 5900.0 ssil -206.179321
5900.0 5915.0 ssil -208.793167 OPZICHTEN
5915.0 6060.0 oc -1853.782593
6060.0 6115.0 p -872.700806
6115.0 6230.0 s -1604.567017
6230.0 6320.0 ic -1080.570068
6320.0 6350.0 x -405.790833
6350.0 6395.0 t -653.803040
6395.0 6410.0 @ -212.965576
6410.0 6435.0 ssil -352.062195
6435.0 6470.0 ssil -479.291718 IS
6470.0 6615.0 ic -1686.178345
6615.0 6680.0 s -953.287109
6680.0 6705.0 ssil -399.610504
6705.0 6725.0 ssil -296.733459 DE
6725.0 6755.0 d -438.227539
6755.0 6795.0 @ -556.273743
6795.0 6810.0 ssil -216.367188
6810.0 6860.0 ssil -677.777405 PRIJS
6860.0 6935.0 p -1144.027588
6935.0 6975.0 r -487.434845
6975.0 7105.0 ei -1372.765015
7105.0 7135.0 s -417.988800
7135.0 7150.0 ssil -222.712265
7150.0 7165.0 ssil -226.057770 SOMS
7165.0 7255.0 s -1217.991821
7255.0 7320.0 oc -783.640320
7320.0 7370.0 m -667.056824
7370.0 7395.0 s -346.997559
7395.0 7430.0 ssil -463.736572
7430.0 7470.0 ssil -538.158691 HOGER
7470.0 7520.0 h -612.656738
7520.0 7740.0 o -2506.991211
7740.0 7755.0 gc -238.095917
7755.0 7805.0 @ -628.052124
7805.0 7820.0 ssil -237.921997
7820.0 7835.0 ssil -206.197449 DAN
7835.0 7900.0 d -892.962341
7900.0 7970.0 ac -827.472900
7970.0 7985.0 n -195.577042
7985.0 8000.0 ssil -189.528015
8000.0 8015.0 ssil -184.921555 JE
8015.0 8130.0 j -1251.758423
8130.0 8145.0 @ -182.247421
8145.0 8160.0 ssil -184.871033
8160.0 8175.0 ssil -192.818192 DACHT
8175.0 8225.0 d -680.461792
8225.0 8310.0 ac -1157.810059
8310.0 8460.0 x -1952.630249
8460.0 8575.0 t -1682.031006
8575.0 9265.0 ssil -7874.874512
.
