#!MLF!#
"/net/aistaff/aki/_same-utterance/wav/07/Limburg/15592-1465473658-2283543.rec"
0.0 580.0 ssil -7306.322754 NATUURLIJK
580.0 615.0 n -558.051208
615.0 745.0 t -1977.851807
745.0 825.0 y -917.791809
825.0 875.0 r -703.430786
875.0 950.0 @ -1026.883301
950.0 965.0 k -221.177185
965.0 995.0 ssil -363.719971
995.0 1010.0 ssil -201.505142 GA
1010.0 1040.0 x -432.351776
1040.0 1145.0 a -1351.250977
1145.0 1160.0 ssil -208.839142
1160.0 1175.0 ssil -199.972733 JE
1175.0 1215.0 j -506.979004
1215.0 1230.0 ssil -227.655624
1230.0 1245.0 ssil -201.386353 VAN
1245.0 1305.0 v -712.166931
1305.0 1325.0 ac -262.768677
1325.0 1380.0 n -677.371582
1380.0 1395.0 ssil -199.292755
1395.0 1410.0 ssil -187.989380 HARD
1410.0 1455.0 h -533.045959
1455.0 1520.0 ac -795.170105
1520.0 1550.0 r -426.333099
1550.0 1570.0 ssil -277.839630
1570.0 1630.0 ssil -881.005981 WERKEN
1630.0 1670.0 w -452.831238
1670.0 1835.0 ec -1984.269653
1835.0 1875.0 r -538.023560
1875.0 1910.0 k -515.092712
1910.0 1990.0 @ -1057.320068
1990.0 2040.0 n -609.185120
2040.0 2055.0 ssil -196.767853
2055.0 2075.0 ssil -276.195740 HEUS
2075.0 2165.0 h -1166.288452
2165.0 2255.0 eu -1163.203979
2255.0 2310.0 s -769.616272
2310.0 2340.0 ssil -425.382935
2340.0 2385.0 ssil -605.078979 NIET
2385.0 2400.0 n -229.980377
2400.0 2500.0 i -1214.469727
2500.0 2515.0 ssil -227.541672
2515.0 2530.0 ssil -235.821915 DOOD
2530.0 2580.0 d -637.905029
2580.0 2755.0 o -1995.527710
2755.0 2830.0 t -986.160583
2830.0 3025.0 ssil -2581.852539
3025.0 3255.0 ssil -2789.492676 MAAR
3255.0 3290.0 m -469.703888
3290.0 3390.0 a -1149.343994
3390.0 3405.0 ssil -206.897247
3405.0 3420.0 ssil -213.926544 IN
3420.0 3445.0 n -333.891052
3445.0 3460.0 ssil -214.745728
3460.0 3475.0 ssil -246.013367 ANDERE
3475.0 3645.0 ac -2011.156128
3645.0 3715.0 n -766.123962
3715.0 3735.0 d -262.621552
3735.0 3760.0 r -326.787964
3760.0 3775.0 ssil -216.963791
3775.0 3790.0 ssil -228.675079 OPZICHTEN
3790.0 4035.0 oc -3055.657227
4035.0 4055.0 p -304.582581
4055.0 4160.0 s -1280.816040
4160.0 4230.0 ic -868.170898
4230.0 4245.0 x -210.979630
4245.0 4275.0 t -373.394623
4275.0 4290.0 @ -206.513062
4290.0 4305.0 ssil -196.767929
4305.0 4370.0 ssil -912.777039 IS
4370.0 4470.0 ic -1145.866577
4470.0 4510.0 s -522.560425
4510.0 4525.0 ssil -237.093048
4525.0 4540.0 ssil -238.372192 DE
4540.0 4580.0 d -578.727600
4580.0 4610.0 @ -458.834991
4610.0 4630.0 ssil -267.454376
4630.0 4690.0 ssil -767.819275 PRIJS
4690.0 4745.0 p -842.719727
4745.0 4780.0 r -430.646698
4780.0 4935.0 ei -1807.577271
4935.0 4960.0 s -331.323486
4960.0 4975.0 ssil -197.880112
4975.0 4990.0 ssil -185.577576 SOMS
4990.0 5075.0 s -1122.631348
5075.0 5095.0 oc -246.135208
5095.0 5160.0 m -810.875183
5160.0 5225.0 s -893.662231
5225.0 5240.0 ssil -206.180847
5240.0 5255.0 ssil -201.264725 HOGER
5255.0 5285.0 h -370.564850
5285.0 5440.0 o -1693.949341
5440.0 5475.0 gc -475.697662
5475.0 5490.0 ssil -239.885910
5490.0 5505.0 ssil -223.309723 DAN
5505.0 5530.0 d -354.723846
5530.0 5555.0 ac -367.658722
5555.0 5600.0 n -585.131348
5600.0 5615.0 ssil -195.743332
5615.0 5630.0 ssil -182.844193 JE
5630.0 5780.0 j -1636.564575
5780.0 5795.0 ssil -205.802887
5795.0 5810.0 ssil -211.714035 DACHT
5810.0 5850.0 d -498.492676
5850.0 5975.0 ac -1428.588623
5975.0 6095.0 x -1630.830444
6095.0 6170.0 t -931.402771
6170.0 6550.0 ssil -4786.508789
.
