#!MLF!#
"/net/aistaff/aki/_same-utterance/wav/07/Limburg/16149-1464381307-2067525.rec"
0.0 440.0 ssil -5164.281250 NATUURLIJK
440.0 555.0 n -1587.758179
555.0 605.0 @ -652.285095
605.0 660.0 t -915.590454
660.0 720.0 y -879.359985
720.0 805.0 l -1184.328491
805.0 840.0 @ -567.250427
840.0 855.0 k -220.720276
855.0 875.0 ssil -262.215149
875.0 890.0 ssil -195.263138 GA
890.0 970.0 x -1117.528076
970.0 1045.0 a -957.415588
1045.0 1060.0 ssil -200.092819
1060.0 1075.0 ssil -198.820267 JE
1075.0 1125.0 j -548.456848
1125.0 1145.0 @ -259.171204
1145.0 1160.0 ssil -212.706512
1160.0 1175.0 ssil -212.904633 VAN
1175.0 1235.0 v -699.574829
1235.0 1250.0 ac -226.518265
1250.0 1265.0 n -248.753067
1265.0 1280.0 ssil -223.138672
1280.0 1295.0 ssil -207.853058 HARD
1295.0 1340.0 h -614.339722
1340.0 1435.0 ac -1292.742798
1435.0 1470.0 r -521.324402
1470.0 1555.0 ssil -1387.216309
1555.0 1590.0 ssil -524.198669 WERKEN
1590.0 1620.0 w -377.493042
1620.0 1690.0 ec -802.548035
1690.0 1725.0 r -505.950287
1725.0 1740.0 k -222.884613
1740.0 1755.0 ssil -193.656845
1755.0 1850.0 ssil -1355.827515 HEUS
1850.0 1865.0 h -216.579376
1865.0 2035.0 eu -2043.782349
2035.0 2095.0 s -956.965027
2095.0 2115.0 ssil -317.718384
2115.0 2145.0 ssil -423.974792 NIET
2145.0 2165.0 n -277.488708
2165.0 2275.0 i -1447.789429
2275.0 2315.0 ssil -559.418640
2315.0 2330.0 ssil -183.587082 DOOD
2330.0 2405.0 d -1046.088867
2405.0 2585.0 o -2187.273193
2585.0 2695.0 t -1621.043091
2695.0 2715.0 ssil -251.662613
2715.0 3225.0 ssil -5890.124023 MAAR
3225.0 3270.0 m -629.224731
3270.0 3350.0 a -1056.221680
3350.0 3365.0 ssil -222.631104
3365.0 3380.0 ssil -220.318069 IN
3380.0 3395.0 n -226.288193
3395.0 3410.0 ssil -228.386169
3410.0 3425.0 ssil -247.599182 ANDERE
3425.0 3560.0 ac -1666.155273
3560.0 3595.0 n -530.085205
3595.0 3610.0 d -245.360809
3610.0 3625.0 @ -216.141266
3625.0 3645.0 r -285.034485
3645.0 3665.0 ssil -303.970062
3665.0 3680.0 ssil -229.057968 OPZICHTEN
3680.0 3885.0 oc -2756.916992
3885.0 3905.0 p -322.970947
3905.0 4010.0 s -1358.010010
4010.0 4100.0 ic -1088.819458
4100.0 4125.0 x -376.008209
4125.0 4220.0 t -1471.636353
4220.0 4260.0 @ -578.701050
4260.0 4310.0 ssil -690.916382
4310.0 4325.0 ssil -233.982635 IS
4325.0 4340.0 ic -249.665741
4340.0 4385.0 s -679.064758
4385.0 4400.0 ssil -229.005859
4400.0 4415.0 ssil -212.247131 DE
4415.0 4430.0 d -218.479248
4430.0 4445.0 ssil -194.191818
4445.0 4460.0 ssil -181.007690 PRIJS
4460.0 4510.0 p -718.032715
4510.0 4580.0 r -966.147339
4580.0 4695.0 ei -1371.403687
4695.0 4760.0 s -876.196960
4760.0 4775.0 ssil -205.484390
4775.0 4790.0 ssil -191.788193 SOMS
4790.0 4820.0 s -410.060791
4820.0 4855.0 oc -494.163818
4855.0 4915.0 m -772.495789
4915.0 4975.0 s -791.846985
4975.0 4990.0 ssil -221.780624
4990.0 5010.0 ssil -297.326050 HOGER
5010.0 5070.0 h -781.659973
5070.0 5200.0 o -1737.565918
5200.0 5220.0 gc -270.436371
5220.0 5240.0 ssil -272.682526
5240.0 5255.0 ssil -215.163177 DAN
5255.0 5275.0 d -348.957672
5275.0 5300.0 ac -408.629578
5300.0 5350.0 n -719.371094
5350.0 5370.0 ssil -305.646851
5370.0 5390.0 ssil -261.107483 JE
5390.0 5505.0 j -1306.687744
5505.0 5520.0 ssil -219.684189
5520.0 5535.0 ssil -229.806915 DACHT
5535.0 5570.0 d -504.639160
5570.0 5685.0 ac -1404.977783
5685.0 5805.0 x -1642.905762
5805.0 5850.0 t -641.667297
5850.0 6035.0 ssil -2110.423828
.
