#!MLF!#
"/net/aistaff/aki/_same-utterance/wav/07/Limburg/1987-1450049389-662967.rec"
0.0 900.0 ssil -11100.325195 NATUURLIJK
900.0 960.0 n -844.388672
960.0 1020.0 @ -753.863953
1020.0 1080.0 t -901.520325
1080.0 1210.0 y -1459.749756
1210.0 1255.0 r -569.651672
1255.0 1305.0 l -706.454224
1305.0 1405.0 @ -1216.513916
1405.0 1420.0 k -224.045502
1420.0 1440.0 ssil -256.719574
1440.0 1470.0 ssil -375.111572 GA
1470.0 1550.0 x -1137.083496
1550.0 1660.0 a -1285.083008
1660.0 1675.0 ssil -195.511856
1675.0 1690.0 ssil -195.795486 JE
1690.0 1765.0 j -888.764648
1765.0 1785.0 ssil -255.281693
1785.0 1805.0 ssil -256.217804 VAN
1805.0 1825.0 v -288.599152
1825.0 1865.0 ac -498.693726
1865.0 1925.0 n -739.482483
1925.0 1940.0 ssil -215.353577
1940.0 1955.0 ssil -185.272903 HARD
1955.0 2060.0 h -1290.236816
2060.0 2130.0 ac -847.915405
2130.0 2220.0 r -1213.782593
2220.0 2265.0 t -627.479492
2265.0 2280.0 ssil -217.032852
2280.0 2300.0 ssil -273.622040 WERKEN
2300.0 2330.0 w -374.305420
2330.0 2475.0 ec -1431.993652
2475.0 2490.0 r -186.783173
2490.0 2505.0 k -213.038330
2505.0 2520.0 ssil -207.413467
2520.0 2535.0 ssil -199.185822 HEUS
2535.0 2550.0 h -192.975281
2550.0 2565.0 eu -206.908401
2565.0 2580.0 s -231.991943
2580.0 2625.0 ssil -646.098938
2625.0 2650.0 ssil -343.544098 NIET
2650.0 2710.0 n -690.423889
2710.0 2870.0 i -1975.139160
2870.0 2885.0 ssil -186.359802
2885.0 2900.0 ssil -229.655807 DOOD
2900.0 2955.0 d -807.984558
2955.0 3190.0 o -2824.080566
3190.0 3260.0 t -976.884521
3260.0 3315.0 ssil -724.743225
3315.0 3745.0 ssil -5052.633301 MAAR
3745.0 3790.0 m -573.083984
3790.0 3875.0 a -996.767395
3875.0 3890.0 ssil -208.329163
3890.0 3905.0 ssil -196.236038 IN
3905.0 3990.0 ic -1001.113037
3990.0 4040.0 n -695.333191
4040.0 4055.0 ssil -224.902161
4055.0 4070.0 ssil -235.926422 ANDERE
4070.0 4215.0 ac -1878.989624
4215.0 4315.0 n -1227.329224
4315.0 4335.0 d -306.922241
4335.0 4350.0 r -212.576813
4350.0 4365.0 ssil -186.075592
4365.0 4380.0 ssil -189.830490 OPZICHTEN
4380.0 4590.0 oc -2451.861816
4590.0 4605.0 p -222.739273
4605.0 4725.0 s -1603.553711
4725.0 4865.0 ic -1711.744873
4865.0 4880.0 x -219.483154
4880.0 4895.0 t -217.728516
4895.0 4910.0 @ -214.664322
4910.0 4925.0 ssil -215.717941
4925.0 4965.0 ssil -617.517822 IS
4965.0 5130.0 ic -2198.614502
5130.0 5225.0 s -1241.583618
5225.0 5240.0 ssil -216.721649
5240.0 5255.0 ssil -210.384262 DE
5255.0 5285.0 d -426.300873
5285.0 5345.0 @ -803.177490
5345.0 5390.0 ssil -548.463440
5390.0 5405.0 ssil -212.279297 PRIJS
5405.0 5450.0 p -677.357666
5450.0 5475.0 r -312.933685
5475.0 5715.0 ei -2491.197021
5715.0 5765.0 s -669.403687
5765.0 5780.0 ssil -220.186142
5780.0 5795.0 ssil -213.086807 SOMS
5795.0 5870.0 s -1022.421631
5870.0 5915.0 oc -513.745239
5915.0 5985.0 m -914.262268
5985.0 6065.0 s -1111.303345
6065.0 6085.0 ssil -271.203857
6085.0 6115.0 ssil -462.671082 HOGER
6115.0 6130.0 h -218.337158
6130.0 6335.0 o -2136.224121
6335.0 6350.0 gc -217.988113
6350.0 6370.0 @ -262.382599
6370.0 6390.0 ssil -253.408157
6390.0 6405.0 ssil -213.436340 DAN
6405.0 6435.0 d -392.560577
6435.0 6495.0 ac -659.782715
6495.0 6580.0 n -986.136780
6580.0 6595.0 ssil -193.138916
6595.0 6610.0 ssil -192.765442 JE
6610.0 6670.0 j -759.960327
6670.0 6695.0 ssil -304.523895
6695.0 6710.0 ssil -182.025330 DACHT
6710.0 6770.0 d -846.134705
6770.0 6910.0 ac -1489.837036
6910.0 7100.0 x -2401.129150
7100.0 7220.0 t -1432.841309
7220.0 7570.0 ssil -4067.924316
.
