#!MLF!#
"/net/aistaff/aki/_same-utterance/wav/07/Limburg/2720-1449366754-328149.rec"
0.0 180.0 ssil -2013.810181 NATUURLIJK
180.0 215.0 n -503.927124
215.0 375.0 a -2018.181152
375.0 420.0 t -609.158569
420.0 600.0 y -2231.882080
600.0 710.0 r -1477.774780
710.0 765.0 @ -695.542419
765.0 780.0 k -214.721069
780.0 800.0 ssil -271.183289
800.0 815.0 ssil -226.000153 GA
815.0 870.0 x -789.388000
870.0 1000.0 a -1468.260254
1000.0 1015.0 ssil -210.009659
1015.0 1030.0 ssil -207.957321 JE
1030.0 1075.0 j -554.976685
1075.0 1090.0 ssil -213.369598
1090.0 1105.0 ssil -220.794037 VAN
1105.0 1180.0 v -923.498779
1180.0 1195.0 ac -189.240021
1195.0 1235.0 n -490.408142
1235.0 1250.0 ssil -218.676987
1250.0 1265.0 ssil -218.184189 HARD
1265.0 1355.0 h -1039.827271
1355.0 1375.0 ac -256.343719
1375.0 1425.0 r -686.971130
1425.0 1465.0 ssil -542.146912
1465.0 1550.0 ssil -1184.983154 WERKEN
1550.0 1595.0 w -510.647888
1595.0 1730.0 ec -1512.422485
1730.0 1795.0 r -863.881897
1795.0 1815.0 k -279.261841
1815.0 1830.0 ssil -203.568207
1830.0 1845.0 ssil -220.344421 HEUS
1845.0 1860.0 h -186.369919
1860.0 1875.0 eu -197.438675
1875.0 1890.0 s -269.173523
1890.0 1905.0 ssil -209.032425
1905.0 1920.0 ssil -179.017288 NIET
1920.0 1995.0 n -804.526306
1995.0 2095.0 i -1208.597412
2095.0 2110.0 ssil -234.362473
2110.0 2125.0 ssil -205.194946 DOOD
2125.0 2235.0 d -1407.039185
2235.0 2425.0 o -2339.499512
2425.0 2540.0 t -1533.857910
2540.0 2605.0 ssil -932.916748
2605.0 2800.0 ssil -2483.932373 MAAR
2800.0 2890.0 m -1151.771729
2890.0 3025.0 a -1482.037231
3025.0 3040.0 ssil -203.611389
3040.0 3080.0 ssil -568.188416 IN
3080.0 3170.0 ic -1159.224121
3170.0 3225.0 n -663.951233
3225.0 3240.0 ssil -219.664505
3240.0 3255.0 ssil -211.240784 ANDERE
3255.0 3355.0 ac -1224.378784
3355.0 3420.0 n -814.559631
3420.0 3445.0 d -411.835602
3445.0 3460.0 r -222.310654
3460.0 3475.0 ssil -194.320190
3475.0 3490.0 ssil -210.197479 OPZICHTEN
3490.0 3735.0 oc -3030.750244
3735.0 3765.0 p -437.766937
3765.0 3860.0 s -1201.773438
3860.0 3940.0 ic -861.399841
3940.0 3980.0 x -534.124268
3980.0 4005.0 t -383.387878
4005.0 4020.0 @ -202.586517
4020.0 4060.0 ssil -534.061401
4060.0 4080.0 ssil -287.712891 IS
4080.0 4220.0 ic -1858.625732
4220.0 4355.0 s -1683.026245
4355.0 4380.0 ssil -343.174500
4380.0 4395.0 ssil -188.588165 DE
4395.0 4410.0 d -199.213089
4410.0 4445.0 ssil -391.688324
4445.0 4465.0 ssil -227.682388 PRIJS
4465.0 4520.0 p -788.651733
4520.0 4555.0 r -539.652466
4555.0 4675.0 ei -1480.816406
4675.0 4800.0 s -1571.451416
4800.0 4820.0 ssil -282.122498
4820.0 4855.0 ssil -465.159790 SOMS
4855.0 4870.0 s -233.180176
4870.0 4885.0 oc -214.833725
4885.0 4920.0 m -494.493164
4920.0 5020.0 s -1353.212036
5020.0 5035.0 ssil -215.356400
5035.0 5050.0 ssil -213.462341 HOGER
5050.0 5065.0 h -211.708298
5065.0 5210.0 o -1763.014404
5210.0 5295.0 x -1143.361328
5295.0 5310.0 ssil -218.826263
5310.0 5325.0 ssil -202.448624 DAN
5325.0 5340.0 d -204.875610
5340.0 5355.0 ac -216.956161
5355.0 5420.0 n -897.041443
5420.0 5435.0 ssil -243.337906
5435.0 5470.0 ssil -501.327881 JE
5470.0 5675.0 j -2124.118652
5675.0 5690.0 ssil -187.357071
5690.0 5705.0 ssil -190.224899 DACHT
5705.0 5760.0 d -792.159363
5760.0 5880.0 ac -1379.092163
5880.0 6050.0 x -2330.888184
6050.0 6150.0 t -1342.391724
6150.0 6780.0 ssil -7419.180176
.
