#!MLF!#
"/net/aistaff/aki/_same-utterance/wav/07/Limburg/3178-1449646620-521986.rec"
0.0 1005.0 ssil -12652.333008 NATUURLIJK
1005.0 1030.0 n -357.159576
1030.0 1110.0 @ -1102.652222
1110.0 1150.0 t -585.572632
1150.0 1265.0 y -1682.104614
1265.0 1330.0 l -957.182434
1330.0 1380.0 @ -741.989441
1380.0 1415.0 k -518.116455
1415.0 1430.0 ssil -231.965607
1430.0 1445.0 ssil -236.603226 GA
1445.0 1525.0 x -1014.997437
1525.0 1620.0 a -1101.051392
1620.0 1635.0 ssil -209.494278
1635.0 1650.0 ssil -193.387299 JE
1650.0 1670.0 j -210.356918
1670.0 1715.0 @ -544.205566
1715.0 1730.0 ssil -197.992584
1730.0 1760.0 ssil -393.554688 VAN
1760.0 1805.0 v -641.348511
1805.0 1825.0 ac -290.456024
1825.0 1870.0 n -585.812317
1870.0 1885.0 ssil -209.405029
1885.0 1900.0 ssil -196.055054 HARD
1900.0 1940.0 h -506.960480
1940.0 1955.0 ac -193.363022
1955.0 2075.0 r -1592.903809
2075.0 2130.0 t -761.897156
2130.0 2145.0 ssil -217.585052
2145.0 2160.0 ssil -210.650085 WERKEN
2160.0 2195.0 w -378.601013
2195.0 2320.0 ec -1395.722412
2320.0 2335.0 r -215.266907
2335.0 2350.0 k -244.093185
2350.0 2370.0 @ -287.754761
2370.0 2390.0 ssil -320.245697
2390.0 2405.0 ssil -221.805359 HEUS
2405.0 2430.0 h -347.964966
2430.0 2445.0 eu -205.702667
2445.0 2460.0 s -270.533569
2460.0 2475.0 ssil -193.137451
2475.0 2490.0 ssil -189.341827 NIET
2490.0 2510.0 n -288.934540
2510.0 2600.0 i -1030.843994
2600.0 2615.0 ssil -212.855148
2615.0 2630.0 ssil -235.903976 DOOD
2630.0 2685.0 d -714.559326
2685.0 2885.0 o -2388.598145
2885.0 2980.0 t -1405.728760
2980.0 3025.0 ssil -543.737488
3025.0 3205.0 ssil -2140.622314 MAAR
3205.0 3280.0 m -962.499512
3280.0 3325.0 a -581.346008
3325.0 3365.0 r -611.937988
3365.0 3385.0 ssil -256.491943
3385.0 3400.0 ssil -201.638397 IN
3400.0 3460.0 n -822.534302
3460.0 3480.0 ssil -286.794373
3480.0 3495.0 ssil -230.073715 ANDERE
3495.0 3590.0 ac -1289.815430
3590.0 3665.0 n -929.458801
3665.0 3690.0 d -395.542694
3690.0 3710.0 r -295.705048
3710.0 3725.0 ssil -213.294250
3725.0 3740.0 ssil -224.725998 OPZICHTEN
3740.0 3935.0 oc -2455.397949
3935.0 3950.0 p -236.197327
3950.0 4050.0 s -1182.525146
4050.0 4145.0 ic -1120.804321
4145.0 4240.0 x -1287.606812
4240.0 4290.0 t -671.065552
4290.0 4345.0 @ -703.398071
4345.0 4395.0 n -690.372864
4395.0 4410.0 ssil -223.418488
4410.0 4425.0 ssil -216.263840 IS
4425.0 4515.0 ic -1221.026367
4515.0 4565.0 s -684.109253
4565.0 4580.0 ssil -222.605042
4580.0 4595.0 ssil -220.225281 DE
4595.0 4625.0 d -422.434967
4625.0 4650.0 @ -319.014526
4650.0 4680.0 ssil -338.119781
4680.0 4710.0 ssil -397.225800 PRIJS
4710.0 4740.0 p -401.447479
4740.0 4805.0 r -947.092407
4805.0 4935.0 ei -1450.480103
4935.0 4980.0 s -591.090942
4980.0 4995.0 ssil -206.235901
4995.0 5010.0 ssil -222.535095 SOMS
5010.0 5070.0 s -837.435791
5070.0 5110.0 oc -513.428040
5110.0 5190.0 m -1064.406006
5190.0 5260.0 s -978.600159
5260.0 5275.0 ssil -216.589752
5275.0 5310.0 ssil -482.698151 HOGER
5310.0 5325.0 h -203.749725
5325.0 5485.0 o -1995.143433
5485.0 5545.0 gc -829.345581
5545.0 5625.0 r -1024.918945
5625.0 5640.0 ssil -222.453506
5640.0 5655.0 ssil -238.711777 DAN
5655.0 5690.0 d -539.473389
5690.0 5705.0 ac -214.693222
5705.0 5775.0 n -877.107544
5775.0 5790.0 ssil -197.515686
5790.0 5805.0 ssil -202.400726 JE
5805.0 5890.0 j -1022.516968
5890.0 5905.0 ssil -216.782196
5905.0 5920.0 ssil -220.511429 DACHT
5920.0 5960.0 d -565.127380
5960.0 6050.0 ac -1109.383423
6050.0 6225.0 x -2300.037354
6225.0 6315.0 t -1234.679199
6315.0 6595.0 ssil -3588.357422
.
