#!MLF!#
"/net/aistaff/aki/_same-utterance/wav/07/Limburg/3318-1449512933-444335.rec"
0.0 740.0 ssil -9078.747070 NATUURLIJK
740.0 770.0 n -449.450623
770.0 880.0 @ -1508.505005
880.0 940.0 t -833.076050
940.0 1045.0 y -1185.404175
1045.0 1160.0 r -1617.011230
1160.0 1175.0 l -205.491547
1175.0 1205.0 @ -408.186890
1205.0 1240.0 k -514.965088
1240.0 1255.0 ssil -209.226852
1255.0 1275.0 ssil -268.755035 GA
1275.0 1315.0 x -591.402100
1315.0 1440.0 a -1359.830200
1440.0 1455.0 ssil -190.074387
1455.0 1470.0 ssil -198.127167 JE
1470.0 1520.0 j -666.695923
1520.0 1540.0 ssil -245.629227
1540.0 1555.0 ssil -189.981659 VAN
1555.0 1595.0 v -499.446960
1595.0 1630.0 ac -538.246643
1630.0 1675.0 n -637.834045
1675.0 1690.0 ssil -279.991974
1690.0 1705.0 ssil -264.206940 HARD
1705.0 1760.0 h -723.957153
1760.0 1835.0 ac -876.148621
1835.0 1895.0 r -800.581909
1895.0 1915.0 ssil -280.221527
1915.0 1970.0 ssil -758.828186 WERKEN
1970.0 2005.0 w -446.284454
2005.0 2105.0 ec -964.334900
2105.0 2120.0 r -183.100586
2120.0 2135.0 k -226.228485
2135.0 2150.0 ssil -204.348328
2150.0 2165.0 ssil -229.547073 HEUS
2165.0 2180.0 h -187.998779
2180.0 2195.0 eu -244.606506
2195.0 2220.0 s -372.953369
2220.0 2255.0 ssil -482.069672
2255.0 2270.0 ssil -208.811462 NIET
2270.0 2325.0 n -671.958557
2325.0 2440.0 i -1362.054810
2440.0 2455.0 ssil -216.852081
2455.0 2470.0 ssil -231.583420 DOOD
2470.0 2530.0 d -794.461487
2530.0 2730.0 o -2319.297363
2730.0 2815.0 t -1111.791870
2815.0 2920.0 ssil -1230.324707
2920.0 2960.0 ssil -514.760498 MAAR
2960.0 3030.0 m -916.658203
3030.0 3085.0 a -635.967529
3085.0 3115.0 r -330.230560
3115.0 3130.0 ssil -200.337372
3130.0 3145.0 ssil -235.536194 IN
3145.0 3205.0 n -788.337891
3205.0 3230.0 ssil -425.831421
3230.0 3250.0 ssil -359.772736 ANDERE
3250.0 3345.0 ac -1271.956177
3345.0 3440.0 n -1076.497559
3440.0 3455.0 d -226.776825
3455.0 3470.0 @ -206.536713
3470.0 3490.0 r -246.952957
3490.0 3505.0 ssil -194.880096
3505.0 3520.0 ssil -197.318863 OPZICHTEN
3520.0 3735.0 oc -2700.799561
3735.0 3755.0 p -288.192261
3755.0 3870.0 s -1550.103271
3870.0 3960.0 ic -1130.208984
3960.0 3985.0 x -360.125885
3985.0 4115.0 t -1735.765991
4115.0 4320.0 @ -2382.885254
4320.0 4335.0 ssil -194.856583
4335.0 4380.0 ssil -614.057678 IS
4380.0 4420.0 ic -575.050476
4420.0 4545.0 s -1722.565430
4545.0 4560.0 ssil -258.169556
4560.0 4580.0 ssil -282.023590 DE
4580.0 4595.0 d -192.562531
4595.0 4610.0 ssil -202.186951
4610.0 4625.0 ssil -192.408615 PRIJS
4625.0 4665.0 p -596.471191
4665.0 4710.0 r -566.069763
4710.0 4890.0 ei -1865.283203
4890.0 5030.0 s -1941.115356
5030.0 5115.0 ssil -1114.271606
5115.0 5130.0 ssil -282.126678 SOMS
5130.0 5215.0 s -1150.210938
5215.0 5285.0 oc -859.949280
5285.0 5345.0 m -761.878052
5345.0 5405.0 s -817.421997
5405.0 5420.0 ssil -197.559433
5420.0 5440.0 ssil -286.613647 HOGER
5440.0 5455.0 h -235.432236
5455.0 5650.0 o -2164.836426
5650.0 5665.0 gc -261.306519
5665.0 5715.0 @ -703.755310
5715.0 5730.0 ssil -233.775787
5730.0 5745.0 ssil -244.420761 DAN
5745.0 5780.0 d -489.647858
5780.0 5815.0 ac -452.775757
5815.0 5830.0 n -213.820847
5830.0 5845.0 ssil -199.362396
5845.0 5860.0 ssil -207.839981 JE
5860.0 5990.0 j -1539.110596
5990.0 6005.0 ssil -216.415054
6005.0 6020.0 ssil -207.045502 DACHT
6020.0 6045.0 d -340.815704
6045.0 6160.0 ac -1471.991455
6160.0 6235.0 x -1083.838013
6235.0 6390.0 t -2101.189941
6390.0 7035.0 ssil -7688.013672
.
