#!MLF!#
"/net/aistaff/aki/_same-utterance/wav/07/Limburg/4502-1450732213-757741.rec"
0.0 895.0 ssil -10747.647461 NATUURLIJK
895.0 920.0 n -349.983429
920.0 1025.0 @ -1409.225098
1025.0 1115.0 t -1284.841919
1115.0 1245.0 y -1404.016724
1245.0 1335.0 l -1260.785156
1335.0 1370.0 @ -526.936157
1370.0 1390.0 k -310.510315
1390.0 1405.0 ssil -244.107086
1405.0 1450.0 ssil -645.841248 GA
1450.0 1530.0 x -1029.191895
1530.0 1650.0 a -1496.773193
1650.0 1665.0 ssil -231.157333
1665.0 1680.0 ssil -233.340439 JE
1680.0 1700.0 j -293.887238
1700.0 1765.0 @ -760.760498
1765.0 1780.0 ssil -199.564240
1780.0 1795.0 ssil -179.423813 VAN
1795.0 1855.0 v -722.448975
1855.0 1905.0 ac -603.721375
1905.0 1955.0 n -615.687805
1955.0 1970.0 ssil -206.603546
1970.0 1985.0 ssil -183.450195 HARD
1985.0 2025.0 h -487.200165
2025.0 2115.0 ac -975.196228
2115.0 2130.0 r -211.184830
2130.0 2145.0 ssil -208.464218
2145.0 2160.0 ssil -205.006363 WERKEN
2160.0 2175.0 w -230.268356
2175.0 2190.0 ec -225.147537
2190.0 2205.0 r -224.082413
2205.0 2235.0 k -447.395172
2235.0 2255.0 ssil -337.943054
2255.0 2275.0 ssil -295.064850 HEUS
2275.0 2295.0 h -250.276581
2295.0 2585.0 eu -2891.670166
2585.0 2645.0 s -914.758972
2645.0 2660.0 ssil -211.771240
2660.0 2675.0 ssil -200.094070 NIET
2675.0 2760.0 n -908.533508
2760.0 2850.0 i -1024.016846
2850.0 2900.0 ssil -612.267822
2900.0 2935.0 ssil -416.318848 DOOD
2935.0 2990.0 d -688.413391
2990.0 3195.0 o -2298.433105
3195.0 3280.0 t -1113.925415
3280.0 3585.0 ssil -3757.060059
3585.0 3605.0 ssil -269.604767 MAAR
3605.0 3645.0 m -542.743164
3645.0 3700.0 a -604.579956
3700.0 3775.0 r -900.026001
3775.0 3790.0 ssil -189.648651
3790.0 3805.0 ssil -178.977341 IN
3805.0 3900.0 n -1084.465820
3900.0 3915.0 ssil -204.114822
3915.0 3935.0 ssil -259.890564 ANDERE
3935.0 4025.0 ac -983.021851
4025.0 4090.0 n -651.542969
4090.0 4105.0 d -196.645493
4105.0 4140.0 @ -438.367920
4140.0 4155.0 r -190.959396
4155.0 4175.0 ssil -235.024963
4175.0 4190.0 ssil -184.066254 OPZICHTEN
4190.0 4370.0 oc -2254.729492
4370.0 4455.0 p -1120.574829
4455.0 4535.0 s -1099.529053
4535.0 4640.0 ic -1345.008057
4640.0 4700.0 x -846.310547
4700.0 4765.0 t -911.007568
4765.0 4890.0 @ -1396.297852
4890.0 4905.0 ssil -210.506699
4905.0 4920.0 ssil -201.420074 IS
4920.0 5010.0 ic -1173.081055
5010.0 5100.0 s -1182.370117
5100.0 5125.0 ssil -353.613495
5125.0 5155.0 ssil -467.762604 DE
5155.0 5180.0 d -334.672577
5180.0 5195.0 ssil -206.604767
5195.0 5260.0 ssil -866.104126 PRIJS
5260.0 5300.0 p -562.553406
5300.0 5415.0 r -1352.281494
5415.0 5530.0 ei -1315.431763
5530.0 5575.0 s -567.166321
5575.0 5590.0 ssil -189.260895
5590.0 5605.0 ssil -192.664062 SOMS
5605.0 5675.0 s -876.591675
5675.0 5720.0 oc -553.572754
5720.0 5800.0 m -986.458374
5800.0 5855.0 s -821.065552
5855.0 5870.0 ssil -225.519043
5870.0 5885.0 ssil -218.727448 HOGER
5885.0 5910.0 h -303.725769
5910.0 6095.0 o -2013.208984
6095.0 6110.0 gc -207.335510
6110.0 6125.0 ssil -197.342682
6125.0 6150.0 ssil -327.264252 DAN
6150.0 6165.0 d -209.672623
6165.0 6200.0 ac -453.281464
6200.0 6215.0 n -194.081360
6215.0 6230.0 ssil -215.527435
6230.0 6245.0 ssil -239.813187 JE
6245.0 6260.0 j -242.636383
6260.0 6475.0 @ -2197.067871
6475.0 6490.0 ssil -176.447586
6490.0 6505.0 ssil -177.272064 DACHT
6505.0 6565.0 d -814.828979
6565.0 6640.0 ac -1053.461670
6640.0 6785.0 x -1791.942139
6785.0 6850.0 t -895.973877
6850.0 7360.0 ssil -6488.845703
.
