#!MLF!#
"/net/aistaff/aki/_same-utterance/wav/07/Limburg/4722-1451145873-786602.rec"
0.0 490.0 ssil -4973.087891 NATUURLIJK
490.0 505.0 n -252.136276
505.0 635.0 ac -1717.017822
635.0 685.0 t -691.411438
685.0 800.0 y -1433.392944
800.0 830.0 r -456.739044
830.0 855.0 l -370.547974
855.0 925.0 @ -909.010315
925.0 950.0 k -343.787903
950.0 965.0 ssil -216.874115
965.0 990.0 ssil -330.986267 GA
990.0 1050.0 x -826.488647
1050.0 1130.0 a -957.283630
1130.0 1145.0 ssil -193.663757
1145.0 1160.0 ssil -191.651367 JE
1160.0 1190.0 j -318.759277
1190.0 1210.0 @ -251.439606
1210.0 1225.0 ssil -206.189362
1225.0 1240.0 ssil -196.016846 VAN
1240.0 1285.0 v -563.830505
1285.0 1310.0 ac -320.620789
1310.0 1330.0 n -268.831177
1330.0 1345.0 ssil -203.912491
1345.0 1360.0 ssil -210.282013 HARD
1360.0 1375.0 h -203.611893
1375.0 1485.0 ac -1268.327026
1485.0 1500.0 r -213.097687
1500.0 1545.0 ssil -566.939026
1545.0 1580.0 ssil -483.102356 WERKEN
1580.0 1600.0 w -288.271881
1600.0 1705.0 ec -1045.127563
1705.0 1720.0 r -193.138992
1720.0 1735.0 k -226.173660
1735.0 1750.0 ssil -218.738495
1750.0 1765.0 ssil -243.039215 HEUS
1765.0 1780.0 h -222.418884
1780.0 1795.0 eu -196.337311
1795.0 1810.0 s -271.082336
1810.0 1825.0 ssil -241.835068
1825.0 1840.0 ssil -206.792831 NIET
1840.0 1870.0 n -460.579803
1870.0 1940.0 i -784.314941
1940.0 1955.0 ssil -208.252151
1955.0 1970.0 ssil -220.923996 DOOD
1970.0 2030.0 d -880.377441
2030.0 2170.0 o -1727.809082
2170.0 2255.0 t -1169.683350
2255.0 2425.0 ssil -1878.207764
2425.0 2495.0 ssil -875.588440 MAAR
2495.0 2550.0 m -823.305786
2550.0 2635.0 a -964.865845
2635.0 2650.0 ssil -204.701935
2650.0 2680.0 ssil -421.615082 IN
2680.0 2725.0 n -563.343140
2725.0 2740.0 ssil -234.502762
2740.0 2755.0 ssil -241.064987 ANDERE
2755.0 2885.0 ac -1495.436890
2885.0 2940.0 n -611.156860
2940.0 2965.0 d -353.317108
2965.0 2980.0 r -202.108932
2980.0 3005.0 ssil -342.160675
3005.0 3020.0 ssil -208.956894 OPZICHTEN
3020.0 3235.0 oc -2776.157959
3235.0 3255.0 p -325.317169
3255.0 3330.0 s -1077.729248
3330.0 3415.0 ic -1006.189453
3415.0 3430.0 x -242.971054
3430.0 3445.0 t -235.283905
3445.0 3460.0 @ -223.422150
3460.0 3475.0 ssil -204.618668
3475.0 3510.0 ssil -509.158295 IS
3510.0 3635.0 ic -1435.634521
3635.0 3750.0 s -1476.785767
3750.0 3775.0 ssil -366.412537
3775.0 3805.0 ssil -350.667694 DE
3805.0 3825.0 d -268.267334
3825.0 3840.0 ssil -245.001343
3840.0 3855.0 ssil -266.231995 PRIJS
3855.0 3875.0 p -319.432709
3875.0 3890.0 r -213.118225
3890.0 3995.0 ei -1241.404541
3995.0 4015.0 s -282.802155
4015.0 4030.0 ssil -193.423294
4030.0 4045.0 ssil -213.659348 SOMS
4045.0 4085.0 s -546.451233
4085.0 4130.0 oc -532.787842
4130.0 4195.0 m -808.795959
4195.0 4225.0 s -390.424194
4225.0 4240.0 ssil -211.556915
4240.0 4255.0 ssil -217.410706 HOGER
4255.0 4275.0 h -267.780426
4275.0 4405.0 o -1321.229736
4405.0 4450.0 gc -641.107971
4450.0 4475.0 @ -326.294769
4475.0 4490.0 ssil -206.955124
4490.0 4505.0 ssil -201.937607 DAN
4505.0 4520.0 d -208.407166
4520.0 4580.0 ac -715.414001
4580.0 4595.0 n -213.654114
4595.0 4610.0 ssil -199.000351
4610.0 4625.0 ssil -190.032028 JE
4625.0 4650.0 j -289.079926
4650.0 4665.0 @ -201.927521
4665.0 4680.0 ssil -209.263840
4680.0 4695.0 ssil -189.172653 DACHT
4695.0 4740.0 d -634.083984
4740.0 4855.0 ac -1345.367920
4855.0 4915.0 x -784.727478
4915.0 5015.0 t -1327.664307
5015.0 5180.0 ssil -1918.341187
.
