#!MLF!#
"/net/aistaff/aki/_same-utterance/wav/07/Limburg/4782-1451328214-806197.rec"
0.0 685.0 ssil -8136.328613 NATUURLIJK
685.0 710.0 n -376.290405
710.0 845.0 @ -1781.572144
845.0 895.0 t -701.054871
895.0 1000.0 y -1297.284058
1000.0 1095.0 l -1225.641846
1095.0 1170.0 @ -968.031006
1170.0 1185.0 k -206.279022
1185.0 1200.0 ssil -199.554520
1200.0 1215.0 ssil -202.380356 GA
1215.0 1270.0 x -806.341248
1270.0 1395.0 a -1412.477051
1395.0 1410.0 ssil -189.020752
1410.0 1425.0 ssil -188.285553 JE
1425.0 1470.0 j -509.687531
1470.0 1485.0 @ -180.939087
1485.0 1500.0 ssil -181.974945
1500.0 1515.0 ssil -185.155563 VAN
1515.0 1535.0 v -249.213470
1535.0 1570.0 ac -478.569885
1570.0 1610.0 n -541.291077
1610.0 1625.0 ssil -216.430099
1625.0 1640.0 ssil -201.122116 HARD
1640.0 1680.0 h -472.323395
1680.0 1745.0 ac -744.801331
1745.0 1765.0 r -277.491669
1765.0 1850.0 ssil -1168.793457
1850.0 1885.0 ssil -514.782410 WERKEN
1885.0 1925.0 w -506.098236
1925.0 1980.0 ec -640.563293
1980.0 2000.0 r -289.686371
2000.0 2015.0 k -236.484268
2015.0 2030.0 ssil -221.407547
2030.0 2045.0 ssil -219.798904 HEUS
2045.0 2060.0 h -227.823029
2060.0 2075.0 eu -229.601242
2075.0 2090.0 s -205.309189
2090.0 2115.0 ssil -332.197662
2115.0 2135.0 ssil -307.101410 NIET
2135.0 2210.0 n -949.438721
2210.0 2300.0 i -1081.521240
2300.0 2315.0 ssil -201.839417
2315.0 2330.0 ssil -178.602936 DOOD
2330.0 2445.0 d -1408.464600
2445.0 2675.0 o -2810.104004
2675.0 2835.0 t -2120.247314
2835.0 2870.0 ssil -425.193573
2870.0 3345.0 ssil -5517.653320 MAAR
3345.0 3395.0 m -667.896667
3395.0 3460.0 a -748.310974
3460.0 3555.0 r -1165.311157
3555.0 3570.0 ssil -214.620163
3570.0 3585.0 ssil -216.907898 IN
3585.0 3635.0 n -652.968140
3635.0 3660.0 ssil -333.022766
3660.0 3695.0 ssil -578.027527 ANDERE
3695.0 3785.0 ac -1246.420410
3785.0 3830.0 n -559.914734
3830.0 3845.0 d -225.886810
3845.0 3860.0 r -221.147110
3860.0 3875.0 ssil -231.222275
3875.0 3890.0 ssil -224.997574 OPZICHTEN
3890.0 4200.0 oc -4023.199707
4200.0 4220.0 p -355.981781
4220.0 4310.0 s -1107.331909
4310.0 4395.0 ic -982.439026
4395.0 4420.0 x -387.529175
4420.0 4460.0 t -606.203430
4460.0 4475.0 @ -229.933426
4475.0 4490.0 ssil -228.213806
4490.0 4520.0 ssil -451.185974 IS
4520.0 4625.0 ic -1235.494141
4625.0 4690.0 s -866.326172
4690.0 4705.0 ssil -234.954788
4705.0 4750.0 ssil -634.559509 DE
4750.0 4805.0 d -759.134705
4805.0 4835.0 ssil -382.264404
4835.0 4855.0 ssil -258.101746 PRIJS
4855.0 4895.0 p -600.954773
4895.0 4975.0 r -1006.175232
4975.0 5095.0 ei -1411.384033
5095.0 5135.0 s -533.878723
5135.0 5150.0 ssil -223.267456
5150.0 5165.0 ssil -218.517776 SOMS
5165.0 5225.0 s -834.396851
5225.0 5285.0 oc -770.296448
5285.0 5345.0 m -780.927490
5345.0 5405.0 s -916.131592
5405.0 5420.0 ssil -207.306976
5420.0 5435.0 ssil -201.745895 HOGER
5435.0 5520.0 h -1163.160889
5520.0 5665.0 o -1956.003662
5665.0 5705.0 gc -520.831177
5705.0 5780.0 r -991.414673
5780.0 5795.0 ssil -239.307709
5795.0 5810.0 ssil -229.350082 DAN
5810.0 5830.0 d -279.304657
5830.0 5855.0 ac -320.160339
5855.0 5870.0 n -188.591400
5870.0 5885.0 ssil -187.563828
5885.0 5900.0 ssil -188.553055 JE
5900.0 6030.0 j -1324.827637
6030.0 6045.0 ssil -206.520538
6045.0 6060.0 ssil -198.482773 DACHT
6060.0 6120.0 d -828.509155
6120.0 6235.0 ac -1352.570923
6235.0 6465.0 x -2959.053467
6465.0 6525.0 t -727.025452
6525.0 6990.0 ssil -5268.967773
.
