#!MLF!#
"/net/aistaff/aki/_same-utterance/wav/07/Limburg/5476-1454012578-1007130.rec"
0.0 600.0 ssil -6826.448730 NATUURLIJK
600.0 620.0 n -320.200653
620.0 685.0 a -857.225342
685.0 780.0 t -1356.152588
780.0 895.0 y -1418.609863
895.0 1015.0 r -1640.720703
1015.0 1035.0 k -273.398102
1035.0 1050.0 ssil -198.594772
1050.0 1065.0 ssil -217.786346 GA
1065.0 1115.0 x -718.828125
1115.0 1220.0 a -1096.615601
1220.0 1235.0 ssil -199.988007
1235.0 1250.0 ssil -191.961487 JE
1250.0 1300.0 j -551.274963
1300.0 1315.0 @ -208.498962
1315.0 1330.0 ssil -208.779694
1330.0 1345.0 ssil -208.712204 VAN
1345.0 1395.0 f -638.266602
1395.0 1435.0 ac -515.656921
1435.0 1460.0 n -344.438385
1460.0 1475.0 ssil -232.392105
1475.0 1490.0 ssil -213.265930 HARD
1490.0 1565.0 h -875.407898
1565.0 1655.0 ac -958.842651
1655.0 1680.0 r -363.087219
1680.0 1745.0 ssil -887.092102
1745.0 1770.0 ssil -337.325348 WERKEN
1770.0 1815.0 w -510.204071
1815.0 1950.0 ec -1252.473145
1950.0 2050.0 r -1247.087524
2050.0 2110.0 k -811.821960
2110.0 2130.0 ssil -330.195038
2130.0 2155.0 ssil -341.020996 HEUS
2155.0 2170.0 h -179.052856
2170.0 2185.0 eu -205.074997
2185.0 2200.0 s -288.254822
2200.0 2215.0 ssil -228.188004
2215.0 2230.0 ssil -188.245544 NIET
2230.0 2245.0 n -179.691772
2245.0 2275.0 i -361.407196
2275.0 2290.0 ssil -220.842880
2290.0 2305.0 ssil -231.929123 DOOD
2305.0 2355.0 d -674.846069
2355.0 2515.0 o -1679.343384
2515.0 2620.0 t -1461.652466
2620.0 2815.0 ssil -2419.561768
2815.0 3110.0 ssil -3341.935791 MAAR
3110.0 3140.0 m -417.045502
3140.0 3165.0 a -283.358551
3165.0 3235.0 r -860.296143
3235.0 3250.0 ssil -211.617859
3250.0 3265.0 ssil -229.050507 IN
3265.0 3280.0 n -240.737122
3280.0 3295.0 ssil -231.217072
3295.0 3310.0 ssil -215.666519 ANDERE
3310.0 3435.0 ac -1551.984985
3435.0 3515.0 n -881.066528
3515.0 3535.0 d -297.577271
3535.0 3550.0 r -221.553925
3550.0 3565.0 ssil -220.665909
3565.0 3580.0 ssil -207.765686 OPZICHTEN
3580.0 3800.0 oc -2673.513184
3800.0 3815.0 p -217.058884
3815.0 3930.0 s -1398.051758
3930.0 4025.0 ic -1107.011353
4025.0 4090.0 x -904.697571
4090.0 4150.0 t -824.764221
4150.0 4170.0 @ -279.222473
4170.0 4185.0 ssil -195.751495
4185.0 4200.0 ssil -198.896851 IS
4200.0 4240.0 ic -515.602478
4240.0 4360.0 s -1522.059692
4360.0 4375.0 ssil -207.103989
4375.0 4390.0 ssil -209.747528 DE
4390.0 4405.0 d -215.366669
4405.0 4420.0 ssil -211.348511
4420.0 4435.0 ssil -213.424789 PRIJS
4435.0 4480.0 p -644.943298
4480.0 4510.0 r -430.632202
4510.0 4680.0 ei -1847.756104
4680.0 4715.0 s -447.771942
4715.0 4730.0 ssil -200.709259
4730.0 4745.0 ssil -182.580017 SOMS
4745.0 4785.0 s -547.383362
4785.0 4800.0 oc -216.689682
4800.0 4855.0 m -630.729126
4855.0 4895.0 s -551.066650
4895.0 4910.0 ssil -212.697495
4910.0 4925.0 ssil -205.330292 HOGER
4925.0 4965.0 h -539.139404
4965.0 5165.0 o -2174.435059
5165.0 5180.0 gc -228.912704
5180.0 5195.0 ssil -221.626144
5195.0 5210.0 ssil -235.316849 DAN
5210.0 5240.0 d -438.643799
5240.0 5270.0 ac -379.730865
5270.0 5285.0 n -189.658752
5285.0 5300.0 ssil -191.864624
5300.0 5315.0 ssil -192.062241 JE
5315.0 5450.0 j -1395.200439
5450.0 5465.0 ssil -223.698776
5465.0 5480.0 ssil -243.648727 DACHT
5480.0 5530.0 d -672.899963
5530.0 5630.0 ac -1195.150757
5630.0 5785.0 x -2065.176514
5785.0 5835.0 t -678.580933
5835.0 6595.0 ssil -8472.761719
.
