#!MLF!#
"/net/aistaff/aki/_same-utterance/wav/07/Limburg/6178-1454052256-1061365.rec"
0.0 170.0 ssil -1800.165283 NATUURLIJK
170.0 195.0 n -325.598206
195.0 250.0 @ -628.053162
250.0 390.0 t -1815.580688
390.0 560.0 y -2117.302979
560.0 635.0 @ -1004.718628
635.0 700.0 k -854.235291
700.0 715.0 ssil -211.960022
715.0 740.0 ssil -356.890381 GA
740.0 780.0 x -525.947327
780.0 870.0 a -979.129150
870.0 885.0 ssil -205.492905
885.0 900.0 ssil -184.459549 JE
900.0 935.0 j -390.902679
935.0 980.0 @ -544.691406
980.0 995.0 ssil -184.633408
995.0 1010.0 ssil -194.315659 VAN
1010.0 1040.0 v -353.206421
1040.0 1055.0 ac -186.188797
1055.0 1070.0 n -189.207382
1070.0 1085.0 ssil -194.420731
1085.0 1100.0 ssil -208.260269 HARD
1100.0 1115.0 h -213.242645
1115.0 1235.0 ac -1380.346802
1235.0 1250.0 r -211.730530
1250.0 1320.0 ssil -982.367920
1320.0 1350.0 ssil -369.958160 WERKEN
1350.0 1415.0 w -695.655823
1415.0 1535.0 ec -1162.308716
1535.0 1550.0 r -201.995682
1550.0 1570.0 k -287.816376
1570.0 1585.0 ssil -200.273438
1585.0 1615.0 ssil -413.356354 HEUS
1615.0 1630.0 h -177.901550
1630.0 1705.0 eu -819.477661
1705.0 1720.0 s -240.184464
1720.0 1735.0 ssil -198.844193
1735.0 1750.0 ssil -181.378677 NIET
1750.0 1765.0 n -175.223587
1765.0 1780.0 i -203.185410
1780.0 1795.0 ssil -198.531784
1795.0 1810.0 ssil -218.857773 DOOD
1810.0 1845.0 d -448.810242
1845.0 1965.0 o -1270.118408
1965.0 2065.0 t -1388.966919
2065.0 2095.0 ssil -383.116425
2095.0 2185.0 ssil -1169.929077 MAAR
2185.0 2240.0 m -718.090149
2240.0 2365.0 a -1327.179688
2365.0 2385.0 ssil -243.201004
2385.0 2415.0 ssil -377.664001 IN
2415.0 2455.0 n -468.949860
2455.0 2475.0 ssil -260.896484
2475.0 2495.0 ssil -360.462555 ANDERE
2495.0 2615.0 ac -1590.868286
2615.0 2645.0 n -424.968048
2645.0 2665.0 d -287.406891
2665.0 2680.0 r -209.301422
2680.0 2695.0 ssil -211.717316
2695.0 2710.0 ssil -210.613663 OPZICHTEN
2710.0 2880.0 oc -2270.776123
2880.0 2915.0 p -486.928955
2915.0 3000.0 s -1210.949585
3000.0 3070.0 ic -907.038147
3070.0 3105.0 x -516.766602
3105.0 3170.0 t -864.209167
3170.0 3195.0 @ -364.378235
3195.0 3210.0 ssil -226.323212
3210.0 3225.0 ssil -231.118896 IS
3225.0 3290.0 ic -1005.494507
3290.0 3325.0 s -490.635376
3325.0 3345.0 ssil -265.631744
3345.0 3385.0 ssil -531.944214 DE
3385.0 3425.0 d -579.731934
3425.0 3490.0 ssil -852.729736
3490.0 3520.0 ssil -394.043915 PRIJS
3520.0 3585.0 p -897.524902
3585.0 3600.0 r -192.187744
3600.0 3755.0 ei -1897.121094
3755.0 3780.0 s -356.433350
3780.0 3795.0 ssil -198.727142
3795.0 3820.0 ssil -375.490601 SOMS
3820.0 3865.0 s -644.583862
3865.0 3925.0 oc -748.722656
3925.0 3965.0 m -514.005066
3965.0 4005.0 s -614.368286
4005.0 4020.0 ssil -207.529755
4020.0 4060.0 ssil -522.835022 HOGER
4060.0 4110.0 h -634.441833
4110.0 4370.0 o -2876.168213
4370.0 4395.0 gc -338.044128
4395.0 4595.0 @ -2273.517334
4595.0 4610.0 ssil -193.288696
4610.0 4625.0 ssil -191.139587 DAN
4625.0 4655.0 d -377.887054
4655.0 4680.0 ac -275.390564
4680.0 4695.0 n -188.874878
4695.0 4945.0 ssil -3214.534424
4945.0 5950.0 ssil -12705.648438 JE
5950.0 6040.0 j -1223.198364
6040.0 6155.0 @ -1604.519775
6155.0 6185.0 ssil -354.868011
6185.0 6210.0 ssil -301.408356 DACHT
6210.0 6230.0 d -254.216263
6230.0 6245.0 ac -212.167450
6245.0 6300.0 x -779.199463
6300.0 6340.0 ssil -456.681427
.
