#!MLF!#
"/net/aistaff/aki/_same-utterance/wav/07/Limburg/8289-1457726175-1602948.rec"
0.0 15.0 ssil -142.126114 NATUURLIJK
15.0 30.0 n -139.859634
30.0 335.0 a -2331.051514
335.0 580.0 d -3509.756836
580.0 675.0 y -1104.557861
675.0 765.0 r -1247.132324
765.0 800.0 l -467.900299
800.0 920.0 @ -1418.080933
920.0 955.0 k -479.175873
955.0 970.0 ssil -193.922058
970.0 985.0 ssil -198.311127 GA
985.0 1085.0 x -1339.003418
1085.0 1180.0 a -1150.209106
1180.0 1195.0 ssil -207.617889
1195.0 1210.0 ssil -193.559586 JE
1210.0 1285.0 j -912.030518
1285.0 1320.0 ssil -482.763763
1320.0 1370.0 ssil -673.250610 VAN
1370.0 1450.0 f -1025.286255
1450.0 1490.0 ac -478.209229
1490.0 1525.0 n -471.770599
1525.0 1540.0 ssil -243.251282
1540.0 1555.0 ssil -237.048859 HARD
1555.0 1625.0 h -909.248108
1625.0 1695.0 ac -938.417358
1695.0 1710.0 r -226.107361
1710.0 1725.0 ssil -229.333939
1725.0 1820.0 ssil -1238.500854 WERKEN
1820.0 1850.0 w -348.224854
1850.0 1915.0 ec -684.556702
1915.0 1955.0 r -548.619690
1955.0 1970.0 k -235.175323
1970.0 2000.0 @ -352.496765
2000.0 2015.0 ssil -207.484055
2015.0 2060.0 ssil -746.971313 HEUS
2060.0 2075.0 h -220.505280
2075.0 2090.0 eu -206.655533
2090.0 2105.0 s -234.136063
2105.0 2120.0 ssil -193.246750
2120.0 2135.0 ssil -204.378754 NIET
2135.0 2165.0 n -411.530975
2165.0 2240.0 i -975.320496
2240.0 2255.0 ssil -188.684067
2255.0 2270.0 ssil -201.979370 DOOD
2270.0 2320.0 d -731.957642
2320.0 2480.0 o -1951.748291
2480.0 2560.0 t -1048.176636
2560.0 2645.0 ssil -1039.553711
2645.0 3085.0 ssil -4860.296875 MAAR
3085.0 3115.0 m -456.864227
3115.0 3150.0 a -418.074280
3150.0 3165.0 ssil -209.030655
3165.0 3180.0 ssil -195.653778 IN
3180.0 3195.0 n -176.516098
3195.0 3215.0 ssil -270.673584
3215.0 3230.0 ssil -240.132477 ANDERE
3230.0 3360.0 ac -1784.794067
3360.0 3425.0 n -803.027039
3425.0 3445.0 d -303.919922
3445.0 3465.0 r -284.131409
3465.0 3480.0 ssil -197.656418
3480.0 3495.0 ssil -208.174149 OPZICHTEN
3495.0 3655.0 oc -1983.393921
3655.0 3685.0 p -470.566101
3685.0 3765.0 s -1104.126709
3765.0 3825.0 ic -697.484192
3825.0 3860.0 x -482.384827
3860.0 3925.0 t -848.621643
3925.0 3970.0 @ -530.406006
3970.0 4025.0 n -604.475342
4025.0 4040.0 ssil -182.403473
4040.0 4055.0 ssil -199.081924 IS
4055.0 4105.0 ic -642.328613
4105.0 4135.0 s -450.622040
4135.0 4170.0 ssil -450.936768
4170.0 4190.0 ssil -288.379456 DE
4190.0 4220.0 d -441.466766
4220.0 4235.0 @ -200.549149
4235.0 4255.0 ssil -247.717789
4255.0 4315.0 ssil -705.516357 PRIJS
4315.0 4330.0 p -205.652496
4330.0 4390.0 r -861.068115
4390.0 4525.0 ei -1817.474731
4525.0 4595.0 s -1053.425293
4595.0 4610.0 ssil -204.117493
4610.0 4625.0 ssil -199.069092 SOMS
4625.0 4640.0 s -214.019394
4640.0 4655.0 oc -269.424866
4655.0 4700.0 m -684.341492
4700.0 4735.0 s -465.535431
4735.0 4750.0 ssil -212.605499
4750.0 4765.0 ssil -209.914474 HOGER
4765.0 4805.0 h -546.398315
4805.0 4910.0 o -1245.089844
4910.0 4965.0 gc -766.000916
4965.0 5015.0 @ -638.270142
5015.0 5035.0 ssil -258.429230
5035.0 5050.0 ssil -199.228760 DAN
5050.0 5080.0 d -415.007751
5080.0 5165.0 ac -931.823364
5165.0 5205.0 n -450.132355
5205.0 5220.0 ssil -183.084442
5220.0 5235.0 ssil -187.193405 JE
5235.0 5275.0 j -466.198608
5275.0 5290.0 ssil -189.076752
5290.0 5305.0 ssil -190.958130 DACHT
5305.0 5345.0 d -510.222504
5345.0 5435.0 ac -1069.212158
5435.0 5590.0 x -2014.458984
5590.0 5660.0 t -900.052673
5660.0 6175.0 ssil -5703.355469
.
