#!MLF!#
"/net/aistaff/aki/_same-utterance/wav/07/Limburg/8295-1457977226-1605510.rec"
0.0 365.0 ssil -4433.161133 NATUURLIJK
365.0 385.0 n -273.376190
385.0 510.0 a -1558.911011
510.0 575.0 t -999.058960
575.0 690.0 y -1270.163208
690.0 725.0 r -516.694397
725.0 765.0 l -564.931702
765.0 815.0 @ -719.541931
815.0 830.0 k -229.169830
830.0 850.0 ssil -285.744385
850.0 885.0 ssil -478.732788 GA
885.0 940.0 x -718.391907
940.0 1045.0 a -1263.158325
1045.0 1060.0 ssil -202.550842
1060.0 1075.0 ssil -191.763809 JE
1075.0 1160.0 j -889.201965
1160.0 1175.0 ssil -204.306488
1175.0 1190.0 ssil -197.068527 VAN
1190.0 1255.0 v -807.229187
1255.0 1320.0 ac -735.588745
1320.0 1355.0 n -468.959503
1355.0 1370.0 ssil -229.574921
1370.0 1385.0 ssil -228.549164 HARD
1385.0 1425.0 h -545.803955
1425.0 1520.0 ac -1268.647827
1520.0 1575.0 r -781.404602
1575.0 1665.0 t -1389.844849
1665.0 1680.0 ssil -235.822495
1680.0 1695.0 ssil -207.827469 WERKEN
1695.0 1740.0 w -512.678345
1740.0 1820.0 ec -839.091858
1820.0 1840.0 r -302.341370
1840.0 1860.0 k -303.988007
1860.0 1895.0 ssil -471.334656
1895.0 1990.0 ssil -1362.757202 HEUS
1990.0 2005.0 h -228.687851
2005.0 2020.0 eu -210.214035
2020.0 2035.0 s -288.706329
2035.0 2050.0 ssil -221.326767
2050.0 2065.0 ssil -200.332855 NIET
2065.0 2130.0 n -686.018311
2130.0 2255.0 i -1591.441040
2255.0 2270.0 ssil -207.291809
2270.0 2285.0 ssil -220.121796 DOOD
2285.0 2345.0 d -873.158752
2345.0 2525.0 o -2181.332520
2525.0 2665.0 t -1907.209717
2665.0 2910.0 ssil -2863.428955
2910.0 2980.0 ssil -831.615234 MAAR
2980.0 3020.0 m -599.074707
3020.0 3150.0 a -1408.897583
3150.0 3195.0 r -624.074646
3195.0 3210.0 ssil -221.995361
3210.0 3225.0 ssil -242.093369 IN
3225.0 3310.0 ic -1020.078918
3310.0 3355.0 n -552.563721
3355.0 3370.0 ssil -218.259140
3370.0 3385.0 ssil -205.901016 ANDERE
3385.0 3505.0 ac -1511.348633
3505.0 3570.0 n -827.051270
3570.0 3585.0 d -236.689896
3585.0 3600.0 r -226.070511
3600.0 3615.0 ssil -223.741913
3615.0 3630.0 ssil -216.875031 OPZICHTEN
3630.0 3810.0 oc -2399.218750
3810.0 3835.0 p -345.826599
3835.0 3935.0 s -1233.287476
3935.0 4020.0 ic -985.156677
4020.0 4075.0 x -704.980957
4075.0 4185.0 t -1638.007935
4185.0 4220.0 @ -433.780853
4220.0 4235.0 ssil -201.478973
4235.0 4250.0 ssil -210.435760 IS
4250.0 4385.0 ic -1645.399414
4385.0 4435.0 s -691.106201
4435.0 4450.0 ssil -199.840591
4450.0 4465.0 ssil -214.515244 DE
4465.0 4490.0 d -356.278900
4490.0 4555.0 @ -813.654480
4555.0 4585.0 ssil -383.405853
4585.0 4605.0 ssil -254.346313 PRIJS
4605.0 4650.0 p -656.030090
4650.0 4670.0 r -287.878174
4670.0 4875.0 ei -2172.687012
4875.0 4895.0 s -281.250427
4895.0 4910.0 ssil -198.186386
4910.0 4925.0 ssil -195.022003 SOMS
4925.0 4995.0 s -878.035767
4995.0 5070.0 oc -910.985779
5070.0 5140.0 m -859.093079
5140.0 5205.0 s -906.406067
5205.0 5220.0 ssil -185.641144
5220.0 5235.0 ssil -202.813110 HOGER
5235.0 5280.0 h -597.207947
5280.0 5420.0 o -1499.840942
5420.0 5475.0 gc -786.217712
5475.0 5540.0 @ -800.890137
5540.0 5555.0 ssil -206.284378
5555.0 5570.0 ssil -198.727173 DAN
5570.0 5595.0 d -347.820160
5595.0 5675.0 ac -1022.898560
5675.0 5745.0 n -810.785828
5745.0 5760.0 ssil -207.144043
5760.0 5775.0 ssil -206.308289 JE
5775.0 5820.0 j -490.633698
5820.0 5835.0 ssil -217.532013
5835.0 5850.0 ssil -203.525070 DACHT
5850.0 5915.0 d -857.532410
5915.0 5985.0 ac -872.538025
5985.0 6120.0 x -1872.894287
6120.0 6285.0 t -2090.947754
6285.0 6875.0 ssil -6671.752441
.
