#!MLF!#
"/net/aistaff/aki/_same-utterance/wav/07/Limburg/9128-1459887879-1741553.rec"
0.0 230.0 ssil -2683.491455 NATUURLIJK
230.0 270.0 n -536.870300
270.0 310.0 @ -528.539612
310.0 410.0 t -1432.190063
410.0 500.0 y -1180.336548
500.0 560.0 l -897.442139
560.0 580.0 @ -340.778839
580.0 605.0 k -382.369019
605.0 650.0 ssil -639.567505
650.0 680.0 ssil -470.616669 GA
680.0 710.0 x -558.937927
710.0 800.0 a -1084.640259
800.0 815.0 ssil -203.986877
815.0 830.0 ssil -196.284348 JE
830.0 885.0 j -655.581299
885.0 900.0 ssil -206.057251
900.0 915.0 ssil -184.681610 VAN
915.0 955.0 f -527.854004
955.0 990.0 ac -630.254700
990.0 1030.0 n -594.852844
1030.0 1045.0 ssil -243.491547
1045.0 1060.0 ssil -218.951523 HARD
1060.0 1140.0 h -1051.020264
1140.0 1200.0 ac -703.115417
1200.0 1245.0 r -643.848877
1245.0 1260.0 ssil -227.677841
1260.0 1305.0 ssil -708.373718 WERKEN
1305.0 1360.0 w -707.908691
1360.0 1420.0 ec -758.661377
1420.0 1455.0 r -510.826813
1455.0 1575.0 k -1607.430542
1575.0 1670.0 @ -1236.961670
1670.0 1690.0 ssil -274.387329
1690.0 1710.0 ssil -252.618820 HEUS
1710.0 1755.0 h -599.078613
1755.0 1845.0 eu -1158.760986
1845.0 1900.0 s -824.548706
1900.0 1920.0 ssil -276.688477
1920.0 1955.0 ssil -466.025879 NIET
1955.0 1970.0 n -215.208694
1970.0 2040.0 i -772.916809
2040.0 2055.0 ssil -212.319305
2055.0 2070.0 ssil -197.104355 DOOD
2070.0 2135.0 d -882.233398
2135.0 2265.0 o -1549.130615
2265.0 2380.0 t -1602.562744
2380.0 2415.0 ssil -448.573120
2415.0 2840.0 ssil -5151.619141 MAAR
2840.0 2870.0 m -470.146790
2870.0 2910.0 a -450.653809
2910.0 2975.0 r -804.881653
2975.0 2990.0 ssil -194.136948
2990.0 3010.0 ssil -307.152588 IN
3010.0 3040.0 n -432.462311
3040.0 3065.0 ssil -380.084137
3065.0 3115.0 ssil -819.534119 ANDERE
3115.0 3195.0 ac -1068.273071
3195.0 3245.0 n -645.803833
3245.0 3260.0 d -267.616638
3260.0 3275.0 @ -239.195160
3275.0 3290.0 r -222.502426
3290.0 3305.0 ssil -221.096771
3305.0 3320.0 ssil -217.746429 OPZICHTEN
3320.0 3515.0 oc -2450.596680
3515.0 3560.0 p -625.851624
3560.0 3660.0 s -1429.760254
3660.0 3765.0 ic -1259.306763
3765.0 3800.0 x -541.305176
3800.0 3865.0 t -862.204468
3865.0 3990.0 @ -1548.122925
3990.0 4015.0 ssil -314.968628
4015.0 4035.0 ssil -310.236053 IS
4035.0 4075.0 ic -544.045776
4075.0 4130.0 s -787.356812
4130.0 4145.0 ssil -204.573166
4145.0 4170.0 ssil -316.424927 DE
4170.0 4195.0 d -359.322693
4195.0 4230.0 @ -488.776154
4230.0 4245.0 ssil -202.550385
4245.0 4290.0 ssil -601.518066 PRIJS
4290.0 4315.0 p -382.034119
4315.0 4375.0 r -857.607056
4375.0 4500.0 ei -1449.663940
4500.0 4540.0 s -536.449463
4540.0 4555.0 ssil -217.006958
4555.0 4570.0 ssil -247.034805 SOMS
4570.0 4590.0 s -354.191986
4590.0 4645.0 oc -736.563660
4645.0 4700.0 m -689.959595
4700.0 4755.0 s -812.258545
4755.0 4770.0 ssil -228.940628
4770.0 4785.0 ssil -216.344345 HOGER
4785.0 4825.0 h -518.838135
4825.0 4945.0 o -1382.045166
4945.0 4965.0 gc -294.529449
4965.0 4980.0 ssil -242.437332
4980.0 4995.0 ssil -215.756882 DAN
4995.0 5010.0 d -211.985062
5010.0 5035.0 ac -333.499695
5035.0 5065.0 n -407.281555
5065.0 5080.0 ssil -246.580597
5080.0 5095.0 ssil -276.999603 JE
5095.0 5240.0 j -1814.506958
5240.0 5255.0 ssil -197.936676
5255.0 5270.0 ssil -192.138138 DACHT
5270.0 5305.0 d -508.089752
5305.0 5375.0 ac -967.183350
5375.0 5510.0 x -1823.595337
5510.0 5610.0 t -1468.317505
5610.0 6015.0 ssil -4635.283203
.
