#!MLF!#
"/net/aistaff/aki/_same-utterance/wav/07/Limburg/9145-1459870714-1737244.rec"
0.0 15.0 ssil -178.225922 NATUURLIJK
15.0 30.0 t -225.618561
30.0 325.0 y -2551.949707
325.0 350.0 k -485.810699
350.0 660.0 ssil -3852.044434
660.0 765.0 ssil -1383.941528 GA
765.0 800.0 x -568.318542
800.0 900.0 a -1376.735718
900.0 1140.0 ssil -3755.501709
1140.0 1375.0 ssil -3334.844727 JE
1375.0 1505.0 j -1425.166748
1505.0 1520.0 ssil -200.558029
1520.0 1535.0 ssil -202.714844 VAN
1535.0 1595.0 v -716.971802
1595.0 1660.0 ac -787.966370
1660.0 1700.0 n -461.238434
1700.0 1715.0 ssil -176.926895
1715.0 1730.0 ssil -168.853912 HARD
1730.0 1790.0 h -732.060913
1790.0 1935.0 ac -1882.928101
1935.0 1960.0 r -371.621307
1960.0 1990.0 t -433.705109
1990.0 2015.0 ssil -339.330261
2015.0 2030.0 ssil -205.451569 WERKEN
2030.0 2100.0 w -908.533997
2100.0 2150.0 ec -631.187866
2150.0 2305.0 r -2403.304932
2305.0 2360.0 k -945.364685
2360.0 2495.0 @ -2138.908203
2495.0 2510.0 ssil -240.380905
2510.0 2525.0 ssil -237.427078 HEUS
2525.0 2540.0 h -255.098282
2540.0 2675.0 eu -1779.479248
2675.0 2755.0 s -1163.773315
2755.0 2770.0 ssil -234.941284
2770.0 2800.0 ssil -497.179535 NIET
2800.0 2815.0 n -251.514832
2815.0 2950.0 i -1972.474609
2950.0 2965.0 ssil -289.691925
2965.0 2980.0 ssil -279.344238 DOOD
2980.0 3010.0 d -526.003540
3010.0 3185.0 o -2409.299072
3185.0 3335.0 t -2480.687744
3335.0 3395.0 ssil -820.556580
3395.0 3725.0 ssil -4500.315430 MAAR
3725.0 3865.0 m -2668.496826
3865.0 4115.0 a -3075.861816
4115.0 4165.0 r -726.451660
4165.0 4180.0 ssil -231.225601
4180.0 4195.0 ssil -229.522476 IN
4195.0 4340.0 ic -2220.639160
4340.0 4415.0 n -1026.463013
4415.0 4435.0 ssil -307.784180
4435.0 4495.0 ssil -1099.542236 ANDERE
4495.0 4580.0 ac -1271.437744
4580.0 4640.0 n -829.062134
4640.0 4655.0 d -250.392120
4655.0 4710.0 @ -741.488831
4710.0 4820.0 r -1475.456787
4820.0 4895.0 @ -887.899048
4895.0 4910.0 ssil -235.385422
4910.0 4925.0 ssil -233.639603 OPZICHTEN
4925.0 4960.0 oc -467.971100
4960.0 4980.0 p -309.066254
4980.0 5100.0 s -1592.364990
5100.0 5240.0 ic -1739.764160
5240.0 5265.0 x -351.030731
5265.0 5345.0 t -1141.930908
5345.0 5440.0 @ -1257.631470
5440.0 5540.0 ssil -1633.317261
5540.0 5610.0 ssil -1192.343384 IS
5610.0 5660.0 ic -686.761353
5660.0 5770.0 s -1548.443237
5770.0 5785.0 ssil -228.321411
5785.0 5800.0 ssil -250.044693 DE
5800.0 5825.0 d -409.780151
5825.0 5850.0 @ -346.225098
5850.0 5865.0 ssil -199.479218
5865.0 5880.0 ssil -178.521530 PRIJS
5880.0 5980.0 p -1508.822876
5980.0 6115.0 r -1961.290527
6115.0 6205.0 ei -1160.206909
6205.0 6400.0 s -2674.222168
6400.0 6415.0 ssil -207.518066
6415.0 6435.0 ssil -340.786194 SOMS
6435.0 6560.0 s -1753.822510
6560.0 6620.0 oc -800.824463
6620.0 6695.0 m -1081.387695
6695.0 6770.0 s -1282.412842
6770.0 6785.0 ssil -255.221542
6785.0 6800.0 ssil -248.234207 HOGER
6800.0 6835.0 h -524.197021
6835.0 6970.0 o -1937.147949
6970.0 6985.0 gc -259.832306
6985.0 7030.0 @ -562.742920
7030.0 7050.0 r -297.647125
7050.0 7080.0 ssil -451.237000
7080.0 7100.0 ssil -305.156464 DAN
7100.0 7130.0 d -442.685150
7130.0 7265.0 ac -1745.070557
7265.0 7445.0 n -2340.005859
7445.0 7515.0 ssil -1024.043945
7515.0 7630.0 ssil -1743.079102 JE
7630.0 7685.0 j -715.340393
7685.0 7700.0 ssil -222.236328
7700.0 7735.0 ssil -472.951202 DACHT
7735.0 7790.0 d -820.453735
7790.0 7890.0 ac -1361.929565
7890.0 8005.0 x -1917.545288
8005.0 8115.0 t -1640.770996
8115.0 8940.0 ssil -11690.511719
.
