#!MLF!#
"/net/aistaff/aki/_same-utterance/wav/07/Limburg/9175-1460205894-1753546.rec"
0.0 500.0 ssil -6181.793945 NATUURLIJK
500.0 515.0 n -209.084457
515.0 540.0 @ -319.468872
540.0 675.0 t -1860.652222
675.0 775.0 y -1233.868652
775.0 795.0 r -295.271271
795.0 865.0 l -912.354309
865.0 925.0 @ -786.517029
925.0 1010.0 k -1157.112183
1010.0 1025.0 ssil -213.217560
1025.0 1040.0 ssil -211.149384 GA
1040.0 1055.0 x -218.966125
1055.0 1125.0 a -796.288208
1125.0 1140.0 ssil -212.400177
1140.0 1155.0 ssil -207.103073 JE
1155.0 1170.0 j -179.414871
1170.0 1195.0 @ -288.235962
1195.0 1210.0 ssil -194.408173
1210.0 1225.0 ssil -184.941116 VAN
1225.0 1255.0 v -393.093658
1255.0 1270.0 ac -194.489090
1270.0 1305.0 n -344.145752
1305.0 1320.0 ssil -186.165054
1320.0 1335.0 ssil -196.927460 HARD
1335.0 1390.0 h -598.746948
1390.0 1535.0 ac -1796.906860
1535.0 1550.0 r -223.001678
1550.0 1575.0 t -354.478607
1575.0 1590.0 ssil -206.972000
1590.0 1615.0 ssil -349.161224 WERKEN
1615.0 1635.0 w -270.281708
1635.0 1650.0 ec -199.034668
1650.0 1785.0 r -1821.327515
1785.0 1825.0 k -610.743835
1825.0 1900.0 @ -1063.021362
1900.0 1945.0 n -618.987854
1945.0 1960.0 ssil -237.882065
1960.0 1975.0 ssil -246.404572 HEUS
1975.0 1990.0 h -238.330246
1990.0 2080.0 eu -1248.931641
2080.0 2135.0 s -819.209045
2135.0 2150.0 ssil -228.845276
2150.0 2165.0 ssil -218.201187 NIET
2165.0 2180.0 n -262.071228
2180.0 2310.0 i -1551.365356
2310.0 2325.0 ssil -237.365799
2325.0 2340.0 ssil -259.569122 DOOD
2340.0 2375.0 d -515.656128
2375.0 2620.0 o -3163.012451
2620.0 2660.0 t -622.431152
2660.0 2825.0 ssil -2165.730713
2825.0 3125.0 ssil -3945.670898 MAAR
3125.0 3140.0 m -274.481750
3140.0 3205.0 a -831.500916
3205.0 3220.0 ssil -208.802963
3220.0 3235.0 ssil -223.883087 IN
3235.0 3250.0 n -213.658875
3250.0 3265.0 ssil -209.010986
3265.0 3280.0 ssil -190.087128 ANDERE
3280.0 3295.0 ac -195.576904
3295.0 3315.0 n -266.219208
3315.0 3330.0 d -247.407608
3330.0 3345.0 r -200.528091
3345.0 3360.0 ssil -183.503677
3360.0 3395.0 ssil -535.425842 OPZICHTEN
3395.0 3840.0 oc -6096.798340
3840.0 3855.0 p -232.832748
3855.0 3965.0 s -1618.607056
3965.0 4055.0 ic -988.619629
4055.0 4075.0 x -334.003021
4075.0 4165.0 t -1339.395386
4165.0 4180.0 @ -223.972168
4180.0 4195.0 ssil -221.428802
4195.0 4210.0 ssil -229.217926 IS
4210.0 4225.0 ic -234.922180
4225.0 4300.0 s -940.957397
4300.0 4315.0 ssil -198.427094
4315.0 4330.0 ssil -190.189606 DE
4330.0 4345.0 d -201.116882
4345.0 4360.0 ssil -192.389481
4360.0 4375.0 ssil -193.905365 PRIJS
4375.0 4410.0 p -530.640747
4410.0 4520.0 r -1560.614624
4520.0 4550.0 ei -400.620453
4550.0 4605.0 s -747.676270
4605.0 4620.0 ssil -230.021545
4620.0 4635.0 ssil -235.803070 SOMS
4635.0 4660.0 s -371.406677
4660.0 4705.0 oc -530.534485
4705.0 4780.0 m -1022.896729
4780.0 4795.0 s -253.191818
4795.0 4810.0 ssil -228.114304
4810.0 4825.0 ssil -216.168915 HOGER
4825.0 4890.0 h -797.520691
4890.0 5095.0 o -2637.282715
5095.0 5110.0 gc -247.500549
5110.0 5125.0 r -243.249557
5125.0 5140.0 ssil -226.316147
5140.0 5155.0 ssil -202.689072 DAN
5155.0 5170.0 d -211.750183
5170.0 5185.0 ac -176.969543
5185.0 5200.0 n -191.349777
5200.0 5215.0 ssil -209.933090
5215.0 5230.0 ssil -206.112076 JE
5230.0 5245.0 j -236.043488
5245.0 5420.0 @ -2123.053955
5420.0 5435.0 ssil -204.511139
5435.0 5450.0 ssil -217.057037 DACHT
5450.0 5495.0 d -597.509521
5495.0 5710.0 ac -2687.176025
5710.0 5780.0 x -993.441223
5780.0 5875.0 t -1325.629395
5875.0 5970.0 ssil -1352.476440
.
