#!MLF!#
"/net/aistaff/aki/_same-utterance/wav/06/Oost_Overijsel-Gelderland/10609-1464163502-1899838.rec"
0.0 560.0 ssil -7085.333984 NA
560.0 650.0 n -1018.127991
650.0 800.0 a -1654.857300
800.0 815.0 ssil -229.469574
815.0 830.0 ssil -215.870758 ZIJN
830.0 895.0 z -835.527466
895.0 1040.0 ei -1434.390869
1040.0 1055.0 n -206.733963
1055.0 1070.0 ssil -220.950912
1070.0 1085.0 ssil -215.563416 REIS
1085.0 1135.0 r -665.365601
1135.0 1350.0 ei -2485.053467
1350.0 1490.0 s -1721.919189
1490.0 1540.0 ssil -607.586853
1540.0 1585.0 ssil -588.783081 MAAKT
1585.0 1640.0 m -733.989624
1640.0 1785.0 a -1671.915161
1785.0 1810.0 k -368.762390
1810.0 1845.0 ssil -453.038910
1845.0 1870.0 ssil -369.088074 HIJ
1870.0 1900.0 h -392.405914
1900.0 2120.0 ei -2330.877930
2120.0 2135.0 ssil -219.198120
2135.0 2160.0 ssil -342.415466 EEN
2160.0 2175.0 @ -203.661972
2175.0 2190.0 ssil -207.221024
2190.0 2205.0 ssil -201.375870 KAART
2205.0 2275.0 k -1009.990479
2275.0 2465.0 a -2315.359375
2465.0 2485.0 r -266.235504
2485.0 2545.0 t -766.118652
2545.0 2560.0 ssil -172.086044
2560.0 2575.0 ssil -164.505066 VAN
2575.0 2610.0 v -431.285156
2610.0 2645.0 ac -435.372375
2645.0 2705.0 n -727.776733
2705.0 2720.0 ssil -224.367432
2720.0 2735.0 ssil -222.203583 DE
2735.0 2750.0 d -245.275787
2750.0 2770.0 @ -279.396851
2770.0 2785.0 ssil -184.983414
2785.0 2820.0 ssil -416.519592 ONVERHARDE
2820.0 2910.0 oc -1201.932007
2910.0 2970.0 n -840.863831
2970.0 2985.0 ec -236.049484
2985.0 3020.0 r -486.187744
3020.0 3035.0 h -223.984879
3035.0 3235.0 ac -2619.759277
3235.0 3255.0 r -277.920776
3255.0 3290.0 d -520.125305
3290.0 3320.0 @ -372.299011
3320.0 3335.0 ssil -224.616974
3335.0 3350.0 ssil -226.810562 WEGEN
3350.0 3465.0 w -1236.850586
3465.0 3585.0 e -1319.540771
3585.0 3680.0 gc -1417.194458
3680.0 3815.0 @ -1703.804199
3815.0 3890.0 ssil -898.949951
3890.0 4345.0 ssil -5639.669434 EN
4345.0 4375.0 ec -390.825958
4375.0 4410.0 n -395.359406
4410.0 4425.0 ssil -203.761353
4425.0 4440.0 ssil -220.903183 DIE
4440.0 4455.0 d -214.370010
4455.0 4490.0 i -414.042725
4490.0 4505.0 ssil -192.315994
4505.0 4520.0 ssil -198.224564 ZET
4520.0 4605.0 z -978.273315
4605.0 4670.0 ec -960.452271
4670.0 4700.0 t -416.914307
4700.0 4715.0 ssil -223.993988
4715.0 4730.0 ssil -200.350906 HIJ
4730.0 4745.0 h -197.594116
4745.0 4770.0 ei -308.025635
4770.0 4810.0 ssil -501.282562
4810.0 4825.0 ssil -208.357498 DIRECT
4825.0 4855.0 d -411.438568
4855.0 4870.0 ac -248.446945
4870.0 4920.0 j -549.594910
4920.0 4960.0 r -550.312500
4960.0 5060.0 ec -1223.331421
5060.0 5105.0 k -657.402405
5105.0 5120.0 ssil -231.489304
5120.0 5150.0 ssil -452.565857 OP
5150.0 5215.0 oc -860.014221
5215.0 5230.0 p -212.580978
5230.0 5245.0 ssil -196.025223
5245.0 5260.0 ssil -211.426697 EEN
5260.0 5300.0 @ -522.840942
5300.0 5355.0 n -641.838867
5355.0 5370.0 ssil -196.826874
5370.0 5385.0 ssil -226.188812 DVD
5385.0 5405.0 d -302.961670
5405.0 5515.0 e -1194.212036
5515.0 5570.0 f -743.408081
5570.0 5600.0 e -394.980652
5600.0 5665.0 d -845.166199
5665.0 5950.0 e -3099.120117
5950.0 6175.0 ssil -2660.419434
.
