#!MLF!#
"/net/aistaff/aki/_same-utterance/wav/06/Oost_Overijsel-Gelderland/10895-1464107788-1870549.rec"
0.0 1175.0 ssil -14352.662109 NA
1175.0 1239.9999 n -851.723022
1239.9999 1395.0 a -1585.267822
1395.0 1410.0 ssil -251.355576
1410.0 1430.0 ssil -331.174622 ZIJN
1430.0 1490.0 z -887.349609
1490.0 1570.0 ei -941.166687
1570.0 1600.0 n -357.503571
1600.0 1615.0 ssil -202.637466
1615.0 1630.0 ssil -209.509064 REIS
1630.0 1645.0 r -212.081253
1645.0 1885.0 ei -2822.021729
1885.0 1960.0 s -1046.998169
1960.0 1975.0 ssil -233.126068
1975.0 2010.0 ssil -438.120544 MAAKT
2010.0 2055.0 m -566.608215
2055.0 2180.0 a -1377.790161
2180.0 2195.0 k -253.787369
2195.0 2220.0 ssil -368.787231
2220.0 2250.0 ssil -489.518005 HIJ
2250.0 2265.0 h -240.978455
2265.0 2410.0 ei -1602.094360
2410.0 2425.0 ssil -236.040543
2425.0 2440.0 ssil -215.842484 EEN
2440.0 2455.0 @ -221.288071
2455.0 2470.0 ssil -222.657303
2470.0 2485.0 ssil -217.361679 KAART
2485.0 2535.0 k -681.616394
2535.0 2710.0 a -1872.979492
2710.0 2730.0 r -287.616913
2730.0 2785.0 t -747.421814
2785.0 2800.0 ssil -201.749420
2800.0 2815.0 ssil -188.690475 VAN
2815.0 2850.0 f -463.552826
2850.0 2870.0 ac -300.558441
2870.0 2885.0 n -221.073959
2885.0 2900.0 ssil -196.984634
2900.0 2915.0 ssil -205.377258 DE
2915.0 2930.0 d -236.106857
2930.0 2945.0 ssil -245.500015
2945.0 2960.0 ssil -229.764984 ONVERHARDE
2960.0 3065.0 oc -1249.873779
3065.0 3115.0 n -579.070251
3115.0 3130.0 ec -216.896423
3130.0 3180.0 r -717.003113
3180.0 3240.0 h -758.343140
3240.0 3455.0 ac -2660.187256
3455.0 3480.0 r -344.732941
3480.0 3510.0 d -434.798492
3510.0 3570.0 @ -653.953430
3570.0 3585.0 ssil -212.635712
3585.0 3600.0 ssil -217.178757 WEGEN
3600.0 3615.0 w -193.858414
3615.0 3830.0 e -2092.374023
3830.0 3855.0 gc -309.774323
3855.0 3870.0 ssil -194.135391
3870.0 3885.0 ssil -212.707565 EN
3885.0 4030.0 ec -1842.157837
4030.0 4045.0 n -221.265060
4045.0 4060.0 ssil -214.467072
4060.0 4075.0 ssil -237.187057 DIE
4075.0 4100.0 d -380.154572
4100.0 4175.0 i -910.488892
4175.0 4190.0 ssil -200.011002
4190.0 4205.0 ssil -191.722778 ZET
4205.0 4250.0 z -550.269836
4250.0 4315.0 ec -720.307556
4315.0 4340.0 t -321.152740
4340.0 4355.0 ssil -217.950958
4355.0 4370.0 ssil -212.920349 HIJ
4370.0 4395.0 h -301.968475
4395.0 4505.0 ei -1189.471069
4505.0 4530.0 ssil -329.858032
4530.0 4545.0 ssil -213.388626 DIRECT
4545.0 4570.0 d -358.820831
4570.0 4585.0 ac -271.049225
4585.0 4640.0 j -666.230286
4640.0 4670.0 r -394.931702
4670.0 4785.0 ec -1344.238159
4785.0 4805.0 k -295.054291
4805.0 4825.0 ssil -266.881866
4825.0 4860.0 ssil -529.851074 OP
4860.0 4920.0 oc -747.608765
4920.0 4935.0 p -229.115463
4935.0 4950.0 ssil -215.620941
4950.0 4965.0 ssil -209.059692 EEN
4965.0 4995.0 @ -373.485474
4995.0 5065.0 n -824.504456
5065.0 5080.0 ssil -208.155853
5080.0 5095.0 ssil -239.601715 DVD
5095.0 5120.0 d -359.857361
5120.0 5275.0 e -1577.830322
5275.0 5320.0 f -579.646729
5320.0 5425.0 e -1271.806030
5425.0 5460.0 d -493.158325
5460.0 5670.0 e -2408.704834
5670.0 6225.0 ssil -6893.475586
.
