#!MLF!#
"/net/aistaff/aki/_same-utterance/wav/06/Oost_Overijsel-Gelderland/13104-1464302551-2005076.rec"
0.0 975.0 ssil -11872.030273 NA
975.0 1085.0 n -1260.050903
1085.0 1255.0 a -2014.625122
1255.0 1270.0 ssil -222.227051
1270.0 1285.0 ssil -209.441391 ZIJN
1285.0 1345.0 z -846.850769
1345.0 1495.0 ei -1698.801147
1495.0 1510.0 n -211.210876
1510.0 1525.0 ssil -224.548203
1525.0 1540.0 ssil -228.598648 REIS
1540.0 1570.0 r -388.148956
1570.0 1755.0 ei -2153.271973
1755.0 1805.0 s -731.772583
1805.0 1825.0 ssil -317.242767
1825.0 1880.0 ssil -783.857788 MAAKT
1880.0 1920.0 m -556.488708
1920.0 2015.0 a -1150.378662
2015.0 2035.0 k -292.716766
2035.0 2065.0 ssil -402.811249
2065.0 2110.0 ssil -670.183105 HIJ
2110.0 2125.0 h -201.649231
2125.0 2275.0 ei -1653.003784
2275.0 2315.0 ssil -486.074097
2315.0 2330.0 ssil -205.547943 EEN
2330.0 2355.0 n -365.888702
2355.0 2370.0 ssil -195.820892
2370.0 2385.0 ssil -197.774918 KAART
2385.0 2430.0 k -658.689636
2430.0 2580.0 a -1913.561646
2580.0 2600.0 r -292.542786
2600.0 2615.0 ssil -194.477417
2615.0 2650.0 ssil -493.439941 VAN
2650.0 2725.0 f -927.460754
2725.0 2755.0 ac -397.710205
2755.0 2780.0 n -318.885040
2780.0 2795.0 ssil -181.612335
2795.0 2810.0 ssil -208.878098 DE
2810.0 2835.0 d -370.187714
2835.0 2860.0 @ -338.381439
2860.0 2905.0 ssil -669.173279
2905.0 2920.0 ssil -205.847992 ONVERHARDE
2920.0 3005.0 oc -1092.706665
3005.0 3090.0 n -1057.364746
3090.0 3140.0 f -680.270935
3140.0 3170.0 ec -371.501099
3170.0 3205.0 r -487.463470
3205.0 3270.0 h -826.844910
3270.0 3285.0 ac -189.162827
3285.0 3370.0 r -1133.465210
3370.0 3395.0 d -373.229309
3395.0 3420.0 @ -332.657104
3420.0 3435.0 ssil -235.058090
3435.0 3450.0 ssil -215.556519 WEGEN
3450.0 3500.0 w -585.920471
3500.0 3725.0 e -2645.544189
3725.0 3795.0 gc -965.571777
3795.0 3875.0 @ -1006.521179
3875.0 3890.0 ssil -214.899307
3890.0 3905.0 ssil -196.697342 EN
3905.0 3935.0 n -341.986389
3935.0 4160.0 ssil -2929.067383
4160.0 4190.0 ssil -423.008881 DIE
4190.0 4265.0 d -927.318848
4265.0 4350.0 i -1024.398315
4350.0 4365.0 ssil -196.092682
4365.0 4380.0 ssil -201.798599 ZET
4380.0 4435.0 z -798.981140
4435.0 4515.0 ec -908.134705
4515.0 4530.0 t -233.567886
4530.0 4545.0 ssil -220.529587
4545.0 4570.0 ssil -364.615234 HIJ
4570.0 4590.0 h -262.264130
4590.0 4690.0 ei -1103.423096
4690.0 4705.0 ssil -209.274231
4705.0 4720.0 ssil -200.073746 DIRECT
4720.0 4735.0 d -218.386993
4735.0 4750.0 ac -257.810608
4750.0 4825.0 j -902.405457
4825.0 4860.0 r -487.458557
4860.0 4980.0 ec -1564.334717
4980.0 5005.0 k -396.135742
5005.0 5025.0 ssil -284.190948
5025.0 5045.0 ssil -289.080475 OP
5045.0 5100.0 p -835.470215
5100.0 5160.0 ssil -832.951294
5160.0 5200.0 ssil -594.240784 EEN
5200.0 5235.0 @ -512.957642
5235.0 5290.0 n -646.772278
5290.0 5305.0 ssil -183.123291
5305.0 5320.0 ssil -220.837845 DVD
5320.0 5355.0 d -540.370239
5355.0 5505.0 e -1544.926514
5505.0 5520.0 f -220.079041
5520.0 5670.0 e -1789.884766
5670.0 5695.0 d -376.411163
5695.0 5965.0 e -3270.422363
5965.0 6455.0 ssil -5727.899902
.
