#!MLF!#
"/net/aistaff/aki/_same-utterance/wav/06/Oost_Overijsel-Gelderland/13285-1464900139-2213088.rec"
0.0 510.0 ssil -6375.765625 NA
510.0 570.0 n -779.552307
570.0 740.0 a -2026.317505
740.0 755.0 ssil -212.941345
755.0 770.0 ssil -228.409164 ZIJN
770.0 810.0 z -565.367676
810.0 915.0 ei -1098.841797
915.0 930.0 n -214.602783
930.0 945.0 ssil -210.132431
945.0 960.0 ssil -191.664551 REIS
960.0 975.0 r -215.402557
975.0 1185.0 ei -2379.882568
1185.0 1290.0 s -1448.508057
1290.0 1315.0 ssil -314.243591
1315.0 1330.0 ssil -216.524979 MAAKT
1330.0 1395.0 m -780.188599
1395.0 1500.0 a -1246.673828
1500.0 1515.0 k -230.521103
1515.0 1540.0 t -317.302948
1540.0 1555.0 ssil -217.271744
1555.0 1575.0 ssil -290.278717 HIJ
1575.0 1590.0 h -198.478989
1590.0 1730.0 ei -1435.815552
1730.0 1745.0 ssil -201.193817
1745.0 1760.0 ssil -198.528183 EEN
1760.0 1775.0 n -207.060272
1775.0 1790.0 ssil -189.371994
1790.0 1805.0 ssil -159.920090 KAART
1805.0 1880.0 k -979.490906
1880.0 2025.0 a -1706.268799
2025.0 2040.0 r -227.102676
2040.0 2075.0 ssil -626.075012
2075.0 2105.0 ssil -482.159698 VAN
2105.0 2185.0 f -972.264587
2185.0 2200.0 ac -212.987762
2200.0 2245.0 n -519.321045
2245.0 2260.0 ssil -198.208221
2260.0 2275.0 ssil -201.039536 DE
2275.0 2290.0 d -212.176910
2290.0 2305.0 ssil -209.081802
2305.0 2320.0 ssil -220.080078 ONVERHARDE
2320.0 2440.0 oc -1409.274048
2440.0 2500.0 n -764.984009
2500.0 2595.0 f -1139.869751
2595.0 2610.0 ec -248.657394
2610.0 2625.0 r -225.726898
2625.0 2640.0 h -191.644516
2640.0 2755.0 ac -1562.739014
2755.0 2770.0 r -223.888443
2770.0 2800.0 d -408.717102
2800.0 2830.0 @ -341.214478
2830.0 2845.0 ssil -191.919037
2845.0 2860.0 ssil -178.079529 WEGEN
2860.0 2915.0 w -543.033936
2915.0 3085.0 e -1604.402710
3085.0 3175.0 gc -1095.392212
3175.0 3245.0 @ -844.616211
3245.0 3355.0 n -1432.693481
3355.0 3410.0 ssil -772.096680
3410.0 3425.0 ssil -233.531952 EN
3425.0 3490.0 ec -785.566650
3490.0 3565.0 n -961.256042
3565.0 3580.0 ssil -205.744064
3580.0 3595.0 ssil -196.287445 DIE
3595.0 3610.0 d -208.943481
3610.0 3625.0 i -211.724335
3625.0 3640.0 ssil -209.372650
3640.0 3655.0 ssil -197.235443 ZET
3655.0 3705.0 z -583.650635
3705.0 3775.0 ec -691.988770
3775.0 3850.0 t -995.997192
3850.0 3865.0 ssil -218.642700
3865.0 3880.0 ssil -191.582092 HIJ
3880.0 3895.0 h -182.841217
3895.0 3910.0 ei -193.885849
3910.0 3925.0 ssil -207.977493
3925.0 3940.0 ssil -200.495270 DIRECT
3940.0 4015.0 d -946.506897
4015.0 4030.0 ac -279.104095
4030.0 4100.0 j -791.407959
4100.0 4145.0 r -526.288513
4145.0 4245.0 @ -1208.690918
4245.0 4260.0 k -246.593109
4260.0 4320.0 t -804.284119
4320.0 4335.0 ssil -232.057465
4335.0 4350.0 ssil -205.540833 OP
4350.0 4365.0 p -226.584183
4365.0 4380.0 ssil -194.412201
4380.0 4395.0 ssil -209.264481 EEN
4395.0 4460.0 @ -791.173645
4460.0 4530.0 n -785.631653
4530.0 4545.0 ssil -237.468201
4545.0 4560.0 ssil -244.137070 DVD
4560.0 4580.0 d -260.281708
4580.0 4730.0 e -1491.457886
4730.0 4745.0 f -207.348923
4745.0 4790.0 e -568.124512
4790.0 4870.0 d -1133.428833
4870.0 5070.0 e -2153.174561
5070.0 5760.0 ssil -7648.053223
.
