#!MLF!#
"/net/aistaff/aki/_same-utterance/wav/06/Oost_Overijsel-Gelderland/13884-1465542613-2289821.rec"
0.0 485.0 ssil -5131.249023 NA
485.0 525.0 n -626.768005
525.0 630.0 a -1256.705200
630.0 660.0 ssil -515.651062
660.0 695.0 ssil -574.054810 ZIJN
695.0 735.0 z -578.654663
735.0 845.0 ei -1172.968506
845.0 860.0 n -227.161636
860.0 875.0 ssil -224.828751
875.0 890.0 ssil -212.358734 REIS
890.0 905.0 r -177.945480
905.0 1135.0 ei -2658.462646
1135.0 1225.0 s -1309.028931
1225.0 1240.0 ssil -201.725998
1240.0 1265.0 ssil -332.905396 MAAKT
1265.0 1335.0 m -917.081787
1335.0 1440.0 a -1245.421631
1440.0 1455.0 k -226.327377
1455.0 1480.0 ssil -361.894135
1480.0 1495.0 ssil -217.350784 HIJ
1495.0 1550.0 h -662.459778
1550.0 1670.0 ei -1344.435669
1670.0 1685.0 ssil -197.232834
1685.0 1700.0 ssil -193.237411 EEN
1700.0 1770.0 n -898.722229
1770.0 1790.0 ssil -250.014267
1790.0 1810.0 ssil -227.092941 KAART
1810.0 1870.0 k -879.389648
1870.0 2040.0 a -1947.704224
2040.0 2065.0 r -366.772705
2065.0 2080.0 ssil -245.379074
2080.0 2125.0 ssil -697.889465 VAN
2125.0 2245.0 f -1581.356934
2245.0 2300.0 ac -650.451050
2300.0 2340.0 n -454.110901
2340.0 2355.0 ssil -246.283798
2355.0 2370.0 ssil -244.176697 DE
2370.0 2385.0 d -231.195099
2385.0 2400.0 ssil -225.894760
2400.0 2415.0 ssil -217.149170 ONVERHARDE
2415.0 2575.0 oc -2094.099854
2575.0 2640.0 n -908.706543
2640.0 2675.0 f -455.213898
2675.0 2690.0 ec -222.342621
2690.0 2705.0 r -225.461975
2705.0 2720.0 h -219.121078
2720.0 2890.0 ac -2257.871338
2890.0 2940.0 r -693.328186
2940.0 2955.0 d -198.338623
2955.0 3035.0 @ -785.811401
3035.0 3050.0 ssil -185.038361
3050.0 3065.0 ssil -187.015884 WEGEN
3065.0 3095.0 w -324.357666
3095.0 3280.0 e -2069.914062
3280.0 3360.0 gc -1046.539673
3360.0 3375.0 ssil -223.677719
3375.0 3390.0 ssil -212.679123 EN
3390.0 3550.0 ec -1609.673584
3550.0 3565.0 n -227.677292
3565.0 3590.0 ssil -322.566833
3590.0 3615.0 ssil -309.657227 DIE
3615.0 3630.0 d -213.676147
3630.0 3650.0 i -280.493530
3650.0 3665.0 ssil -211.601501
3665.0 3680.0 ssil -224.883469 ZET
3680.0 3760.0 z -1053.204834
3760.0 3805.0 ec -532.071838
3805.0 3895.0 t -1301.005005
3895.0 3960.0 ssil -858.849060
3960.0 3985.0 ssil -393.821808 HIJ
3985.0 4000.0 h -214.157806
4000.0 4060.0 ei -784.410706
4060.0 4075.0 ssil -227.014206
4075.0 4090.0 ssil -210.371078 DIRECT
4090.0 4155.0 d -1059.140259
4155.0 4170.0 ac -266.235443
4170.0 4185.0 j -215.085663
4185.0 4245.0 r -826.664368
4245.0 4380.0 ec -1663.866699
4380.0 4400.0 k -283.732574
4400.0 4485.0 t -1214.046631
4485.0 4565.0 ssil -1309.416748
4565.0 4670.0 ssil -1390.682617 OP
4670.0 4830.0 oc -2067.032715
4830.0 4870.0 p -572.138855
4870.0 4895.0 ssil -315.603088
4895.0 4930.0 ssil -462.651794 EEN
4930.0 4990.0 @ -819.269470
4990.0 5035.0 n -520.885803
5035.0 5050.0 ssil -190.701523
5050.0 5065.0 ssil -215.402634 DVD
5065.0 5100.0 d -505.900757
5100.0 5240.0 e -1488.895996
5240.0 5325.0 f -1127.585938
5325.0 5355.0 e -402.943115
5355.0 5415.0 d -769.997681
5415.0 5620.0 e -2429.621338
5620.0 6155.0 ssil -6100.612793
.
