#!MLF!#
"/net/aistaff/aki/_same-utterance/wav/06/Oost_Overijsel-Gelderland/15629-1464801090-2191974.rec"
0.0 15.0 ssil -152.623184 NA
15.0 690.0 n -6307.496582
690.0 885.0 a -2170.650635
885.0 900.0 ssil -218.186447
900.0 915.0 ssil -214.746933 ZIJN
915.0 980.0 z -901.739014
980.0 1120.0 ei -1729.232910
1120.0 1135.0 n -259.468201
1135.0 1150.0 ssil -255.238220
1150.0 1165.0 ssil -253.757645 REIS
1165.0 1320.0 r -1938.413696
1320.0 1400.0 ei -1037.216553
1400.0 1515.0 s -1568.665405
1515.0 1530.0 ssil -232.485489
1530.0 1545.0 ssil -231.404373 MAAKT
1545.0 1625.0 m -1045.372070
1625.0 1765.0 a -1843.857056
1765.0 1800.0 k -495.858337
1800.0 1865.0 t -927.955017
1865.0 1890.0 ssil -359.605865
1890.0 1905.0 ssil -229.771042 HIJ
1905.0 1985.0 h -1097.838989
1985.0 2135.0 ei -1790.145386
2135.0 2150.0 ssil -211.277649
2150.0 2165.0 ssil -194.469223 EEN
2165.0 2210.0 n -534.647583
2210.0 2225.0 ssil -184.279602
2225.0 2245.0 ssil -273.606506 KAART
2245.0 2310.0 k -975.060303
2310.0 2480.0 a -2059.545166
2480.0 2535.0 r -814.961304
2535.0 2590.0 t -822.610718
2590.0 2610.0 ssil -268.847900
2610.0 2625.0 ssil -193.278580 VAN
2625.0 2670.0 f -615.318420
2670.0 2735.0 ac -802.877075
2735.0 2765.0 n -355.936493
2765.0 2780.0 ssil -194.074585
2780.0 2795.0 ssil -210.851135 DE
2795.0 2810.0 d -224.313278
2810.0 2825.0 ssil -241.110687
2825.0 2840.0 ssil -230.935760 ONVERHARDE
2840.0 3050.0 oc -2462.274170
3050.0 3075.0 n -405.496582
3075.0 3155.0 f -1095.042847
3155.0 3170.0 ec -243.791321
3170.0 3185.0 r -228.513107
3185.0 3250.0 h -844.998413
3250.0 3340.0 ac -1188.239624
3340.0 3410.0 r -920.228149
3410.0 3430.0 d -266.909790
3430.0 3510.0 @ -841.500610
3510.0 3525.0 ssil -179.464432
3525.0 3540.0 ssil -178.310654 WEGEN
3540.0 3580.0 w -466.097321
3580.0 3805.0 e -2259.106445
3805.0 3860.0 gc -725.292603
3860.0 3995.0 @ -1582.323608
3995.0 4120.0 ssil -1482.099609
4120.0 4390.0 ssil -3112.251953 EN
4390.0 4475.0 ec -1005.351562
4475.0 4540.0 n -765.185242
4540.0 4555.0 ssil -226.073105
4555.0 4570.0 ssil -258.229584 DIE
4570.0 4585.0 d -237.877594
4585.0 4715.0 i -1471.685303
4715.0 4730.0 ssil -218.065552
4730.0 4745.0 ssil -210.664246 ZET
4745.0 4835.0 z -1138.382935
4835.0 4940.0 ec -1201.134644
4940.0 5010.0 t -961.062439
5010.0 5025.0 ssil -222.818115
5025.0 5040.0 ssil -212.840591 HIJ
5040.0 5135.0 h -1135.487549
5135.0 5370.0 ei -2915.972900
5370.0 5385.0 ssil -261.975281
5385.0 5400.0 ssil -244.271088 DIRECT
5400.0 5415.0 d -236.935226
5415.0 5430.0 ac -297.038391
5430.0 5545.0 j -1257.310059
5545.0 5570.0 r -343.919342
5570.0 5700.0 ec -1774.800293
5700.0 5725.0 k -379.964569
5725.0 5780.0 t -852.552307
5780.0 5815.0 ssil -531.227966
5815.0 5830.0 ssil -229.349380 OP
5830.0 5935.0 oc -1388.679565
5935.0 5950.0 p -220.717133
5950.0 5965.0 ssil -239.309204
5965.0 5980.0 ssil -225.835342 EEN
5980.0 6015.0 @ -465.033875
6015.0 6075.0 n -634.640320
6075.0 6090.0 ssil -203.929062
6090.0 6105.0 ssil -228.909241 DVD
6105.0 6135.0 d -406.948059
6135.0 6270.0 e -1457.757812
6270.0 6335.0 f -871.569519
6335.0 6375.0 e -557.390869
6375.0 6440.0 d -837.758667
6440.0 6705.0 e -3095.766357
6705.0 7570.0 ssil -10283.458984
.
