#!MLF!#
"/net/aistaff/aki/_same-utterance/wav/06/Oost_Overijsel-Gelderland/16188-1465373885-2134242.rec"
0.0 415.0 ssil -5426.958984 NA
415.0 490.0 n -1039.083130
490.0 640.0 a -1802.579468
640.0 655.0 ssil -225.180573
655.0 670.0 ssil -213.761414 ZIJN
670.0 740.0 z -974.255981
740.0 835.0 ei -1084.857056
835.0 900.0 n -882.392029
900.0 915.0 ssil -228.431290
915.0 930.0 ssil -216.286026 REIS
930.0 1000.0 r -899.320923
1000.0 1225.0 ei -2372.423828
1225.0 1330.0 s -1367.402466
1330.0 1345.0 ssil -231.142303
1345.0 1365.0 ssil -280.924133 MAAKT
1365.0 1435.0 m -919.004150
1435.0 1565.0 a -1527.270752
1565.0 1585.0 k -296.920624
1585.0 1655.0 t -961.219971
1655.0 1675.0 ssil -293.775726
1675.0 1690.0 ssil -216.316406 HIJ
1690.0 1705.0 h -169.543045
1705.0 1960.0 ei -2717.383789
1960.0 1975.0 ssil -196.578720
1975.0 1990.0 ssil -200.327576 EEN
1990.0 2040.0 n -595.653259
2040.0 2065.0 ssil -314.505798
2065.0 2080.0 ssil -197.212097 KAART
2080.0 2155.0 k -1120.213745
2155.0 2335.0 a -1752.386230
2335.0 2355.0 r -296.919342
2355.0 2455.0 t -1456.565796
2455.0 2470.0 ssil -196.771393
2470.0 2485.0 ssil -196.916183 VAN
2485.0 2525.0 f -536.358154
2525.0 2585.0 ac -725.859131
2585.0 2670.0 n -1046.385864
2670.0 2685.0 ssil -210.136047
2685.0 2710.0 ssil -357.166504 DE
2710.0 2725.0 d -226.440186
2725.0 2760.0 ssil -486.643677
2760.0 2815.0 ssil -657.435730 ONVERHARDE
2815.0 2970.0 oc -1853.540283
2970.0 2995.0 n -360.036560
2995.0 3100.0 f -1301.862549
3100.0 3115.0 ec -212.987122
3115.0 3140.0 r -356.715424
3140.0 3155.0 h -215.128296
3155.0 3220.0 ac -813.020813
3220.0 3300.0 r -909.792419
3300.0 3325.0 d -317.382660
3325.0 3380.0 @ -567.766907
3380.0 3395.0 ssil -184.975555
3395.0 3410.0 ssil -183.669434 WEGEN
3410.0 3465.0 w -571.285156
3465.0 3635.0 e -1652.051147
3635.0 3800.0 gc -2182.727539
3800.0 3905.0 @ -1228.540039
3905.0 4185.0 ssil -3473.898193
4185.0 4330.0 ssil -1837.850098 EN
4330.0 4395.0 ec -794.202271
4395.0 4410.0 n -207.520065
4410.0 4425.0 ssil -203.023270
4425.0 4440.0 ssil -193.932739 DIE
4440.0 4455.0 d -196.193726
4455.0 4470.0 i -222.804428
4470.0 4485.0 ssil -224.014175
4485.0 4500.0 ssil -239.711014 ZET
4500.0 4590.0 z -1212.286987
4590.0 4695.0 ec -1152.755127
4695.0 4750.0 t -858.882202
4750.0 4765.0 ssil -204.896500
4765.0 4780.0 ssil -166.521164 HIJ
4780.0 4795.0 h -153.362854
4795.0 4905.0 ei -1101.332764
4905.0 4925.0 ssil -239.164185
4925.0 4940.0 ssil -170.505783 DIRECT
4940.0 4990.0 d -712.464539
4990.0 5005.0 ac -249.858597
5005.0 5060.0 j -560.229675
5060.0 5110.0 r -646.369629
5110.0 5235.0 ec -1593.983276
5235.0 5285.0 k -593.405273
5285.0 5350.0 t -879.731018
5350.0 5370.0 ssil -315.504211
5370.0 5385.0 ssil -212.361084 OP
5385.0 5410.0 oc -311.506195
5410.0 5425.0 p -207.769394
5425.0 5440.0 ssil -180.707153
5440.0 5455.0 ssil -187.502655 EEN
5455.0 5490.0 @ -449.895569
5490.0 5545.0 n -601.197144
5545.0 5560.0 ssil -219.292786
5560.0 5575.0 ssil -210.746475 DVD
5575.0 5620.0 d -597.024109
5620.0 5780.0 e -1660.344971
5780.0 5830.0 f -664.724731
5830.0 5880.0 e -673.708252
5880.0 5940.0 d -854.850830
5940.0 6135.0 e -2236.701172
6135.0 6455.0 ssil -3829.657715
.
