#!MLF!#
"/net/aistaff/aki/_same-utterance/wav/06/Oost_Overijsel-Gelderland/16270-1464090927-1858152.rec"
0.0 410.0 ssil -4926.238770 NA
410.0 520.0 n -1251.197632
520.0 670.0 a -1628.101318
670.0 685.0 ssil -213.243286
685.0 700.0 ssil -229.395187 ZIJN
700.0 770.0 s -999.304565
770.0 905.0 ei -1523.203003
905.0 920.0 n -222.641556
920.0 935.0 ssil -206.597626
935.0 955.0 ssil -276.297363 REIS
955.0 1030.0 r -891.127869
1030.0 1200.0 ei -1670.993652
1200.0 1290.0 s -1230.963257
1290.0 1355.0 ssil -854.221924
1355.0 1375.0 ssil -292.023956 MAAKT
1375.0 1405.0 m -412.846466
1405.0 1545.0 a -1582.537598
1545.0 1565.0 k -273.100281
1565.0 1620.0 ssil -807.975830
1620.0 1640.0 ssil -289.377380 HIJ
1640.0 1685.0 h -509.298035
1685.0 1840.0 ei -1575.641235
1840.0 1855.0 ssil -197.183289
1855.0 1870.0 ssil -195.150436 EEN
1870.0 1915.0 n -546.648193
1915.0 1945.0 ssil -336.921356
1945.0 1970.0 ssil -313.583008 KAART
1970.0 2050.0 k -1056.119385
2050.0 2235.0 a -1988.336792
2235.0 2255.0 r -271.412140
2255.0 2330.0 t -1017.774353
2330.0 2365.0 ssil -427.004242
2365.0 2380.0 ssil -203.268112 VAN
2380.0 2415.0 f -446.217773
2415.0 2495.0 ac -906.050842
2495.0 2545.0 n -497.754059
2545.0 2560.0 ssil -213.219620
2560.0 2575.0 ssil -216.144791 DE
2575.0 2590.0 d -210.075287
2590.0 2630.0 @ -543.557495
2630.0 2645.0 ssil -199.626221
2645.0 2690.0 ssil -528.144775 ONVERHARDE
2690.0 2855.0 oc -1827.520508
2855.0 2885.0 n -397.493408
2885.0 2900.0 ec -202.935547
2900.0 2915.0 r -202.133652
2915.0 2985.0 h -960.683716
2985.0 3170.0 ac -2138.756104
3170.0 3230.0 r -806.281006
3230.0 3245.0 d -212.961807
3245.0 3305.0 @ -576.442200
3305.0 3325.0 ssil -229.348328
3325.0 3360.0 ssil -412.288940 WEGEN
3360.0 3400.0 w -472.754181
3400.0 3605.0 e -1876.158447
3605.0 3710.0 gc -1479.782104
3710.0 3810.0 @ -1275.003052
3810.0 3850.0 ssil -509.561157
3850.0 4290.0 ssil -5451.437012 EN
4290.0 4370.0 ec -832.298645
4370.0 4435.0 n -681.772949
4435.0 4450.0 ssil -196.484558
4450.0 4465.0 ssil -189.364380 DIE
4465.0 4480.0 d -188.793915
4480.0 4535.0 i -612.946716
4535.0 4550.0 ssil -205.622604
4550.0 4565.0 ssil -227.583221 ZET
4565.0 4675.0 z -1432.751831
4675.0 4805.0 ec -1559.137451
4805.0 4860.0 t -777.719421
4860.0 4875.0 ssil -198.958954
4875.0 4890.0 ssil -195.675476 HIJ
4890.0 4920.0 h -348.064362
4920.0 5035.0 ei -1127.130859
5035.0 5065.0 ssil -388.443085
5065.0 5080.0 ssil -200.864029 DIRECT
5080.0 5095.0 d -217.807755
5095.0 5125.0 ac -505.257477
5125.0 5195.0 j -845.155457
5195.0 5240.0 r -688.491394
5240.0 5410.0 ec -2055.959961
5410.0 5430.0 k -335.154846
5430.0 5455.0 ssil -355.151459
5455.0 5475.0 ssil -263.436981 OP
5475.0 5535.0 oc -699.187134
5535.0 5550.0 p -210.378372
5550.0 5570.0 ssil -232.431747
5570.0 5615.0 ssil -575.988403 EEN
5615.0 5650.0 @ -424.384979
5650.0 5725.0 n -697.099426
5725.0 5740.0 ssil -174.750366
5740.0 5755.0 ssil -219.926819 DVD
5755.0 5800.0 d -640.423218
5800.0 5965.0 e -1837.327026
5965.0 6050.0 f -1151.386230
6050.0 6140.0 e -991.102722
6140.0 6170.0 d -454.011230
6170.0 6385.0 e -2460.568115
6385.0 6550.0 ssil -2096.689209
.
