#!MLF!#
"/net/aistaff/aki/_same-utterance/wav/06/Oost_Overijsel-Gelderland/2486-1449325183-286922.rec"
0.0 330.0 ssil -4065.325195 NA
330.0 435.0 n -1390.869385
435.0 605.0 a -1816.257690
605.0 620.0 ssil -222.677963
620.0 640.0 ssil -267.010834 ZIJN
640.0 690.0 z -617.773010
690.0 810.0 ei -1398.725342
810.0 905.0 n -1317.724609
905.0 945.0 ssil -562.420532
945.0 965.0 ssil -253.061905 REIS
965.0 1010.0 r -600.239868
1010.0 1165.0 ei -1872.879883
1165.0 1265.0 s -1231.325439
1265.0 1280.0 ssil -212.553741
1280.0 1300.0 ssil -302.183289 MAAKT
1300.0 1370.0 m -917.380493
1370.0 1455.0 a -1071.116089
1455.0 1510.0 k -786.381836
1510.0 1525.0 ssil -239.512268
1525.0 1570.0 ssil -661.321899 HIJ
1570.0 1590.0 h -288.329346
1590.0 1640.0 ei -669.981567
1640.0 1655.0 ssil -212.932419
1655.0 1670.0 ssil -230.992355 EEN
1670.0 1795.0 n -1666.739868
1795.0 1830.0 ssil -477.142395
1830.0 1850.0 ssil -256.738281 KAART
1850.0 1920.0 k -1052.657959
1920.0 2090.0 a -1992.332642
2090.0 2170.0 r -1115.030884
2170.0 2265.0 t -1442.696899
2265.0 2280.0 ssil -207.146912
2280.0 2310.0 ssil -356.850464 VAN
2310.0 2335.0 v -334.279205
2335.0 2395.0 ac -755.302612
2395.0 2430.0 n -411.315430
2430.0 2445.0 ssil -200.801422
2445.0 2460.0 ssil -210.376694 DE
2460.0 2475.0 d -214.008255
2475.0 2490.0 ssil -220.931091
2490.0 2505.0 ssil -220.641739 ONVERHARDE
2505.0 2685.0 oc -2252.218994
2685.0 2795.0 n -1497.585449
2795.0 2815.0 f -306.748291
2815.0 2835.0 ec -340.203400
2835.0 2950.0 r -1618.548340
2950.0 3085.0 h -1553.059937
3085.0 3100.0 ac -174.013794
3100.0 3205.0 r -1222.921997
3205.0 3260.0 d -721.565552
3260.0 3305.0 @ -581.861755
3305.0 3320.0 ssil -206.898743
3320.0 3335.0 ssil -192.392197 WEGEN
3335.0 3370.0 w -404.371094
3370.0 3550.0 e -2097.490479
3550.0 3630.0 x -1051.273804
3630.0 3680.0 @ -685.839050
3680.0 3740.0 n -719.053711
3740.0 3775.0 ssil -494.413330
3775.0 4265.0 ssil -6063.580078 EN
4265.0 4345.0 ec -986.391357
4345.0 4395.0 n -558.697815
4395.0 4410.0 ssil -203.832779
4410.0 4425.0 ssil -211.369553 DIE
4425.0 4440.0 d -214.596207
4440.0 4510.0 i -863.107117
4510.0 4525.0 ssil -214.701263
4525.0 4540.0 ssil -225.149612 ZET
4540.0 4620.0 z -958.335815
4620.0 4710.0 ec -1162.784546
4710.0 4780.0 t -984.384338
4780.0 4795.0 ssil -234.642288
4795.0 4810.0 ssil -234.298813 HIJ
4810.0 4865.0 h -676.254028
4865.0 4985.0 ei -1457.322021
4985.0 5010.0 ssil -313.740967
5010.0 5025.0 ssil -192.071426 DIRECT
5025.0 5040.0 d -201.421066
5040.0 5055.0 ac -268.611511
5055.0 5160.0 j -1386.914185
5160.0 5215.0 r -778.020569
5215.0 5345.0 ec -1641.197998
5345.0 5375.0 k -459.243713
5375.0 5405.0 t -458.580872
5405.0 5420.0 ssil -255.815857
5420.0 5435.0 ssil -206.779099 OP
5435.0 5490.0 oc -670.577515
5490.0 5570.0 p -1141.942017
5570.0 5585.0 ssil -232.622116
5585.0 5600.0 ssil -219.877060 EEN
5600.0 5645.0 n -547.237549
5645.0 5660.0 ssil -199.409409
5660.0 5675.0 ssil -202.841980 DVD
5675.0 5700.0 d -375.637360
5700.0 5825.0 e -1567.549805
5825.0 5910.0 f -1100.500244
5910.0 5930.0 e -316.815308
5930.0 6020.0 d -1273.780396
6020.0 6320.0 e -3615.005615
6320.0 6780.0 ssil -5156.099121
.
