#!MLF!#
"/net/aistaff/aki/_same-utterance/wav/06/Oost_Overijsel-Gelderland/2625-1452278306-871184.rec"
0.0 15.0 ssil -161.366302 NA
15.0 30.0 n -159.599991
30.0 330.0 a -2417.865479
330.0 1270.0 ssil -11741.261719
1270.0 1535.0 ssil -3552.391602 ZIJN
1535.0 1675.0 s -1586.387939
1675.0 1790.0 ei -1346.516968
1790.0 1805.0 n -200.271576
1805.0 1820.0 ssil -175.500885
1820.0 1835.0 ssil -169.440262 REIS
1835.0 1990.0 r -1904.567749
1990.0 2245.0 ei -2807.357910
2245.0 2415.0 s -2075.839355
2415.0 2480.0 ssil -804.646118
2480.0 2850.0 ssil -4356.474609 MAAKT
2850.0 2945.0 m -1244.816406
2945.0 3120.0 a -2203.480957
3120.0 3135.0 k -228.335846
3135.0 3175.0 ssil -552.994385
3175.0 3240.0 ssil -899.463867 HIJ
3240.0 3290.0 h -617.157288
3290.0 3525.0 ei -2866.251953
3525.0 3550.0 ssil -296.940979
3550.0 3565.0 ssil -185.253510 EEN
3565.0 3585.0 @ -223.423798
3585.0 3600.0 ssil -181.731918
3600.0 3625.0 ssil -333.583893 KAART
3625.0 3685.0 k -840.208496
3685.0 3905.0 a -2804.781982
3905.0 3930.0 r -357.270111
3930.0 3945.0 ssil -196.350281
3945.0 3980.0 ssil -424.727570 VAN
3980.0 4135.0 f -1921.146362
4135.0 4185.0 ac -570.481323
4185.0 4200.0 n -202.604782
4200.0 4215.0 ssil -191.214828
4215.0 4230.0 ssil -200.092209 DE
4230.0 4245.0 d -211.559891
4245.0 4260.0 ssil -206.823853
4260.0 4275.0 ssil -203.908951 ONVERHARDE
4275.0 4600.0 oc -4179.682129
4600.0 4635.0 n -475.553345
4635.0 4720.0 f -1107.550049
4720.0 4735.0 ec -214.589798
4735.0 4780.0 r -600.822632
4780.0 4845.0 h -893.516846
4845.0 4990.0 ac -1744.333862
4990.0 5015.0 r -319.910339
5015.0 5030.0 d -204.515640
5030.0 5135.0 @ -1236.623901
5135.0 5150.0 ssil -198.440918
5150.0 5165.0 ssil -175.716415 WEGEN
5165.0 5210.0 w -454.457855
5210.0 5460.0 e -2568.338379
5460.0 5485.0 x -350.501617
5485.0 5595.0 @ -1354.398804
5595.0 5720.0 n -1444.147339
5720.0 5800.0 ssil -995.351807
5800.0 6210.0 ssil -4695.510742 EN
6210.0 6310.0 ec -1236.511963
6310.0 6345.0 n -442.374481
6345.0 6360.0 ssil -251.824295
6360.0 6375.0 ssil -219.957794 DIE
6375.0 6390.0 d -199.503860
6390.0 6455.0 i -701.070557
6455.0 6470.0 ssil -196.613922
6470.0 6485.0 ssil -208.416382 ZET
6485.0 6615.0 z -1591.215820
6615.0 6710.0 ec -1056.685913
6710.0 6775.0 t -882.008606
6775.0 6790.0 ssil -202.177032
6790.0 6805.0 ssil -191.557907 HIJ
6805.0 6830.0 h -287.438538
6830.0 6980.0 ei -1616.611450
6980.0 6995.0 ssil -193.906082
6995.0 7010.0 ssil -202.779297 DIRECT
7010.0 7025.0 d -200.527588
7025.0 7040.0 ac -252.188416
7040.0 7120.0 j -855.623962
7120.0 7185.0 r -787.805420
7185.0 7340.0 @ -1855.966064
7340.0 7355.0 k -222.631744
7355.0 7395.0 ssil -520.595581
7395.0 7475.0 ssil -1028.717163 OP
7475.0 7610.0 oc -1726.751709
7610.0 7625.0 p -235.273254
7625.0 7640.0 ssil -190.911621
7640.0 7660.0 ssil -286.059326 EEN
7660.0 7740.0 @ -1136.520264
7740.0 7800.0 n -755.012390
7800.0 7815.0 ssil -214.807571
7815.0 7830.0 ssil -234.941757 DVD
7830.0 7880.0 d -681.574219
7880.0 8055.0 e -1713.404907
8055.0 8115.0 f -875.411743
8115.0 8170.0 e -626.777527
8170.0 8215.0 d -566.848145
8215.0 8505.0 e -3161.048584
8505.0 10635.0001 ssil -25949.929688
.
