#!MLF!#
"/net/aistaff/aki/_same-utterance/wav/06/Oost_Overijsel-Gelderland/309-1449156785-71809.rec"
0.0 255.0 ssil -2949.967041 NA
255.0 290.0 n -549.259033
290.0 420.0 a -1598.190674
420.0 435.0 ssil -239.098694
435.0 450.0 ssil -253.602905 ZIJN
450.0 490.0 z -610.009399
490.0 580.0 ei -1041.020874
580.0 595.0 n -227.840652
595.0 610.0 ssil -224.345444
610.0 625.0 ssil -228.306793 REIS
625.0 665.0 r -565.435303
665.0 905.0 ei -2871.316406
905.0 1040.0 s -1924.499878
1040.0 1055.0 ssil -240.054550
1055.0 1070.0 ssil -210.948944 MAAKT
1070.0 1130.0 m -737.784119
1130.0 1295.0 a -1810.365845
1295.0 1345.0 k -778.362427
1345.0 1410.0 t -1002.355591
1410.0 1425.0 ssil -219.892197
1425.0 1440.0 ssil -216.125519 HIJ
1440.0 1455.0 h -209.642899
1455.0 1585.0 ei -1297.751343
1585.0 1600.0 ssil -218.108017
1600.0 1615.0 ssil -200.874451 EEN
1615.0 1660.0 n -540.146973
1660.0 1675.0 ssil -195.899811
1675.0 1690.0 ssil -223.701584 KAART
1690.0 1740.0 k -678.689880
1740.0 1960.0 a -2658.948486
1960.0 1995.0 r -505.570312
1995.0 2035.0 t -582.826538
2035.0 2050.0 ssil -191.114792
2050.0 2065.0 ssil -191.304321 VAN
2065.0 2095.0 v -447.471466
2095.0 2120.0 ac -342.200073
2120.0 2160.0 n -518.762878
2160.0 2175.0 ssil -238.410034
2175.0 2190.0 ssil -242.046082 DE
2190.0 2205.0 d -246.194443
2205.0 2220.0 ssil -253.344589
2220.0 2235.0 ssil -237.976776 ONVERHARDE
2235.0 2355.0 oc -1487.234741
2355.0 2395.0 n -533.763245
2395.0 2475.0 f -1111.991821
2475.0 2490.0 ec -212.785400
2490.0 2505.0 r -209.093231
2505.0 2520.0 h -203.521912
2520.0 2600.0 ac -1063.826904
2600.0 2645.0 r -643.671509
2645.0 2670.0 d -393.216461
2670.0 2715.0 @ -562.975586
2715.0 2730.0 ssil -206.768188
2730.0 2745.0 ssil -181.091064 WEGEN
2745.0 2760.0 w -167.222931
2760.0 2970.0 e -2211.505371
2970.0 3075.0 gc -1461.011230
3075.0 3155.0 @ -1087.615234
3155.0 3215.0 ssil -781.174683
3215.0 3345.0 ssil -1850.172607 EN
3345.0 3415.0 ec -777.216858
3415.0 3440.0 n -290.009491
3440.0 3455.0 ssil -184.008194
3455.0 3470.0 ssil -208.337555 DIE
3470.0 3485.0 d -219.326218
3485.0 3560.0 i -868.619141
3560.0 3575.0 ssil -221.252899
3575.0 3590.0 ssil -243.175308 ZET
3590.0 3670.0 z -1094.555176
3670.0 3750.0 ec -875.014771
3750.0 3765.0 t -231.172379
3765.0 3800.0 ssil -571.921875
3800.0 3815.0 ssil -229.105011 HIJ
3815.0 3830.0 h -220.202469
3830.0 3945.0 ei -1388.681274
3945.0 3960.0 ssil -236.094299
3960.0 3975.0 ssil -212.376617 DIRECT
3975.0 4010.0 d -440.668823
4010.0 4025.0 ac -248.720917
4025.0 4145.0 j -1390.630005
4145.0 4160.0 r -214.530960
4160.0 4245.0 ec -1098.187744
4245.0 4260.0 k -252.804794
4260.0 4285.0 ssil -375.351349
4285.0 4300.0 ssil -218.592529 OP
4300.0 4315.0 p -232.477997
4315.0 4330.0 ssil -248.762283
4330.0 4345.0 ssil -260.524445 EEN
4345.0 4400.0 @ -807.949646
4400.0 4415.0 ssil -229.145172
4415.0 4440.0 ssil -376.676147 DVD
4440.0 4495.0 d -826.456238
4495.0 4635.0 e -1581.104492
4635.0 4650.0 f -232.336914
4650.0 4705.0 e -796.897949
4705.0 4780.0 d -1012.632141
4780.0 4925.0 e -1723.434448
4925.0 5130.0 ssil -2806.337158
.
