#!MLF!#
"/net/aistaff/aki/_same-utterance/wav/06/Oost_Overijsel-Gelderland/4674-1450955670-774436.rec"
0.0 805.0 ssil -9843.868164 NA
805.0 880.0 n -879.552307
880.0 985.0 a -969.286987
985.0 1000.0 ssil -226.958130
1000.0 1015.0 ssil -223.379288 ZIJN
1015.0 1110.0 s -1215.584961
1110.0 1190.0 ei -756.183167
1190.0 1205.0 n -223.368881
1205.0 1220.0 ssil -203.018036
1220.0 1235.0 ssil -177.211029 REIS
1235.0 1250.0 r -165.285126
1250.0 1395.0 ei -1457.888550
1395.0 1470.0 s -968.058411
1470.0 1485.0 ssil -218.243378
1485.0 1510.0 ssil -385.199768 MAAKT
1510.0 1565.0 m -725.753723
1565.0 1665.0 a -1123.644409
1665.0 1685.0 k -350.267883
1685.0 1715.0 ssil -456.292786
1715.0 1745.0 ssil -454.524536 HIJ
1745.0 1765.0 h -253.805038
1765.0 1910.0 ei -1418.347412
1910.0 1925.0 ssil -197.242355
1925.0 1940.0 ssil -185.521820 EEN
1940.0 1960.0 n -234.475647
1960.0 1975.0 ssil -189.874588
1975.0 1995.0 ssil -253.439072 KAART
1995.0 2060.0 k -952.630310
2060.0 2230.0 a -1801.911377
2230.0 2260.0 r -479.159698
2260.0 2275.0 ssil -227.858231
2275.0 2290.0 ssil -195.589615 VAN
2290.0 2375.0 f -1007.540833
2375.0 2420.0 ac -554.227417
2420.0 2450.0 n -342.473694
2450.0 2465.0 ssil -186.170700
2465.0 2480.0 ssil -208.174805 DE
2480.0 2495.0 d -200.491196
2495.0 2510.0 ssil -201.875076
2510.0 2525.0 ssil -221.073090 ONVERHARDE
2525.0 2665.0 oc -1725.785767
2665.0 2720.0 n -719.794617
2720.0 2830.0 f -1298.493530
2830.0 2850.0 ec -242.030945
2850.0 2870.0 r -242.609604
2870.0 2920.0 h -507.377106
2920.0 2965.0 ac -466.150879
2965.0 3020.0 r -782.783020
3020.0 3040.0 d -275.103729
3040.0 3115.0 @ -766.154419
3115.0 3130.0 ssil -189.557159
3130.0 3145.0 ssil -193.467712 WEGEN
3145.0 3170.0 w -260.647705
3170.0 3350.0 e -1458.767212
3350.0 3445.0 gc -1307.444336
3445.0 3580.0 @ -1641.201294
3580.0 3805.0 ssil -2806.370605
3805.0 3855.0 ssil -717.220581 EN
3855.0 3945.0 n -1152.168213
3945.0 3960.0 ssil -175.392838
3960.0 3975.0 ssil -207.305038 DIE
3975.0 4005.0 d -452.792084
4005.0 4125.0 i -1399.603271
4125.0 4140.0 ssil -224.982468
4140.0 4155.0 ssil -209.783142 ZET
4155.0 4245.0 z -1092.545776
4245.0 4300.0 ec -520.452393
4300.0 4340.0 t -555.414490
4340.0 4355.0 ssil -228.522751
4355.0 4370.0 ssil -202.687744 HIJ
4370.0 4385.0 h -161.405655
4385.0 4485.0 ei -968.427124
4485.0 4500.0 ssil -199.102615
4500.0 4515.0 ssil -211.388733 DIRECT
4515.0 4555.0 d -587.737976
4555.0 4570.0 ac -251.043381
4570.0 4635.0 j -672.819336
4635.0 4650.0 r -202.563568
4650.0 4780.0 ec -1567.631226
4780.0 4820.0 k -543.839050
4820.0 4840.0 t -313.912445
4840.0 4855.0 ssil -263.497070
4855.0 4870.0 ssil -245.402100 OP
4870.0 4920.0 oc -615.079895
4920.0 4945.0 p -324.807404
4945.0 4960.0 ssil -215.569366
4960.0 4985.0 ssil -385.997101 EEN
4985.0 5025.0 @ -519.621094
5025.0 5065.0 n -489.831573
5065.0 5080.0 ssil -183.432785
5080.0 5095.0 ssil -209.226593 DVD
5095.0 5110.0 d -202.690887
5110.0 5250.0 e -1336.562622
5250.0 5295.0 f -671.942871
5295.0 5330.0 e -473.169220
5330.0 5385.0 d -748.517700
5385.0 5570.0 e -1894.515381
5570.0 5990.0 ssil -5081.548828
.
