#!MLF!#
"/net/aistaff/aki/_same-utterance/wav/06/Oost_Overijsel-Gelderland/4937-1451769878-840519.rec"
0.0 80.0 ssil -769.987305 NA
80.0 95.0 n -168.479584
95.0 110.0 a -193.862106
110.0 145.0 ssil -541.225220
145.0 800.0 ssil -8127.644531 ZIJN
800.0 890.0 z -1273.953369
890.0 970.0 ei -1035.776855
970.0 985.0 n -206.619583
985.0 1000.0 ssil -178.939758
1000.0 1015.0 ssil -184.831421 REIS
1015.0 1035.0 r -271.258667
1035.0 1240.0 ei -1988.311768
1240.0 1335.0 s -1107.963257
1335.0 1350.0 ssil -213.921753
1350.0 1370.0 ssil -273.539734 MAAKT
1370.0 1450.0 m -995.276672
1450.0 1530.0 a -960.027161
1530.0 1555.0 k -394.107452
1555.0 1580.0 ssil -370.947021
1580.0 1630.0 ssil -763.757874 HIJ
1630.0 1645.0 h -190.732742
1645.0 1705.0 ei -771.459656
1705.0 1720.0 ssil -219.352570
1720.0 1735.0 ssil -214.748657 EEN
1735.0 1755.0 @ -270.361115
1755.0 1825.0 n -951.830750
1825.0 1845.0 ssil -280.507355
1845.0 1875.0 ssil -423.666718 KAART
1875.0 1925.0 k -741.249573
1925.0 2100.0 a -1791.491455
2100.0 2135.0 r -546.818787
2135.0 2180.0 t -621.117432
2180.0 2200.0 ssil -274.945312
2200.0 2260.0 ssil -829.288574 VAN
2260.0 2300.0 v -502.882965
2300.0 2355.0 ac -688.282288
2355.0 2415.0 n -704.774780
2415.0 2430.0 ssil -228.535355
2430.0 2445.0 ssil -192.155670 DE
2445.0 2460.0 d -234.016754
2460.0 2475.0 ssil -218.328430
2475.0 2490.0 ssil -203.196457 ONVERHARDE
2490.0 2535.0 oc -542.093689
2535.0 2550.0 n -196.936661
2550.0 2595.0 ec -500.266632
2595.0 2680.0 r -1052.187500
2680.0 2695.0 h -210.346893
2695.0 2855.0 ac -1666.336548
2855.0 2880.0 r -342.413605
2880.0 2920.0 d -491.139648
2920.0 2955.0 @ -402.152405
2955.0 2970.0 ssil -192.363174
2970.0 2985.0 ssil -193.055237 WEGEN
2985.0 3025.0 w -440.302063
3025.0 3225.0 e -2078.325195
3225.0 3320.0 gc -1188.791626
3320.0 3370.0 @ -627.672546
3370.0 3495.0 n -1644.821533
3495.0 3970.0 ssil -5864.181641
3970.0 4120.0 ssil -1936.001099 EN
4120.0 4155.0 ec -426.342743
4155.0 4210.0 n -636.017944
4210.0 4225.0 ssil -228.686661
4225.0 4240.0 ssil -269.440918 DIE
4240.0 4265.0 d -384.254944
4265.0 4385.0 i -1476.105713
4385.0 4400.0 ssil -235.644363
4400.0 4415.0 ssil -245.151428 ZET
4415.0 4500.0 z -1077.859619
4500.0 4605.0 ec -1126.645752
4605.0 4650.0 t -628.179443
4650.0 4670.0 ssil -293.208221
4670.0 4685.0 ssil -216.626450 HIJ
4685.0 4700.0 h -192.636520
4700.0 4940.0 ei -2734.294189
4940.0 4970.0 ssil -348.589905
4970.0 5055.0 ssil -1062.482910 DIRECT
5055.0 5155.0 d -1297.388672
5155.0 5170.0 ac -243.419769
5170.0 5250.0 j -865.363708
5250.0 5275.0 r -336.364288
5275.0 5485.0 ec -2518.761230
5485.0 5520.0 k -460.141968
5520.0 5595.0 t -1001.173462
5595.0 5610.0 ssil -213.297653
5610.0 5645.0 ssil -516.133179 OP
5645.0 5765.0 oc -1674.758789
5765.0 5790.0 p -310.068329
5790.0 5805.0 ssil -170.150467
5805.0 5830.0 ssil -352.187958 EEN
5830.0 5880.0 @ -567.333191
5880.0 5970.0 n -1000.856873
5970.0 5985.0 ssil -239.319656
5985.0 6000.0 ssil -271.911224 DVD
6000.0 6025.0 d -374.581238
6025.0 6165.0 e -1474.511230
6165.0 6210.0 f -603.219238
6210.0 6255.0 e -543.767578
6255.0 6355.0 d -1208.952759
6355.0 6545.0 e -2231.784180
6545.0 7150.0 ssil -7206.095703
.
