#!MLF!#
"/net/aistaff/aki/_same-utterance/wav/06/Oost_Overijsel-Gelderland/5598-1454102055-1123335.rec"
0.0 1045.0 ssil -12289.508789 NA
1045.0 1130.0 n -981.081665
1130.0 1315.0 a -2054.675781
1315.0 1335.0 ssil -304.996277
1335.0 1350.0 ssil -220.431992 ZIJN
1350.0 1410.0 z -821.769165
1410.0 1515.0 ei -1092.683716
1515.0 1540.0 n -268.293610
1540.0 1555.0 ssil -194.655502
1555.0 1570.0 ssil -221.391083 REIS
1570.0 1655.0 r -1144.805908
1655.0 1855.0 ei -2337.886719
1855.0 1955.0 s -1400.464722
1955.0 1975.0 ssil -255.894867
1975.0 2005.0 ssil -396.772644 MAAKT
2005.0 2050.0 m -607.271851
2050.0 2175.0 a -1311.222046
2175.0 2190.0 k -222.662598
2190.0 2245.0 ssil -770.374939
2245.0 2260.0 ssil -205.595978 HIJ
2260.0 2295.0 h -415.994720
2295.0 2445.0 ei -1465.618530
2445.0 2460.0 ssil -184.706482
2460.0 2475.0 ssil -191.329086 EEN
2475.0 2555.0 n -812.309509
2555.0 2575.0 ssil -245.948364
2575.0 2590.0 ssil -198.995987 KAART
2590.0 2655.0 k -877.773132
2655.0 2840.0 a -1918.060547
2840.0 2875.0 r -539.711975
2875.0 2915.0 ssil -615.904114
2915.0 2960.0 ssil -539.899597 VAN
2960.0 2995.0 v -405.940887
2995.0 3020.0 ac -271.359558
3020.0 3050.0 n -331.147888
3050.0 3065.0 ssil -176.882141
3065.0 3080.0 ssil -197.008484 DE
3080.0 3100.0 d -276.483551
3100.0 3115.0 ssil -202.923569
3115.0 3130.0 ssil -185.842270 ONVERHARDE
3130.0 3280.0 oc -1620.634888
3280.0 3365.0 n -963.458435
3365.0 3425.0 f -770.127625
3425.0 3440.0 ec -219.817566
3440.0 3460.0 r -264.801331
3460.0 3560.0 h -1127.661133
3560.0 3610.0 ac -517.057800
3610.0 3640.0 r -372.642609
3640.0 3655.0 d -201.957321
3655.0 3710.0 @ -582.451904
3710.0 3725.0 ssil -179.862564
3725.0 3740.0 ssil -173.508194 WEGEN
3740.0 3795.0 w -600.385437
3795.0 4035.0 e -2537.135010
4035.0 4070.0 gc -460.484070
4070.0 4085.0 ssil -203.894547
4085.0 4110.0 ssil -325.691223 EN
4110.0 4270.0 ec -1766.958618
4270.0 4300.0 n -327.554565
4300.0 4315.0 ssil -189.039169
4315.0 4330.0 ssil -201.042755 DIE
4330.0 4345.0 d -211.995544
4345.0 4420.0 i -794.266724
4420.0 4435.0 ssil -214.986572
4435.0 4450.0 ssil -208.299225 ZET
4450.0 4540.0 z -1191.175293
4540.0 4650.0 ec -1289.935425
4650.0 4690.0 t -535.281738
4690.0 4705.0 ssil -201.239273
4705.0 4720.0 ssil -228.880066 HIJ
4720.0 4765.0 h -530.178101
4765.0 4855.0 ei -1005.923096
4855.0 4870.0 ssil -177.787399
4870.0 4885.0 ssil -184.710724 DIRECT
4885.0 4925.0 d -594.841125
4925.0 4940.0 ac -271.813904
4940.0 5005.0 j -793.692871
5005.0 5070.0 r -879.754944
5070.0 5250.0 ec -2204.597412
5250.0 5265.0 k -213.105011
5265.0 5305.0 t -563.183105
5305.0 5320.0 ssil -197.167969
5320.0 5335.0 ssil -203.260056 OP
5335.0 5495.0 oc -1810.872437
5495.0 5570.0 p -897.034363
5570.0 5585.0 ssil -184.547134
5585.0 5630.0 ssil -565.522949 EEN
5630.0 5660.0 @ -373.595612
5660.0 5735.0 n -817.915466
5735.0 5750.0 ssil -206.751572
5750.0 5765.0 ssil -231.359940 DVD
5765.0 5795.0 d -418.291870
5795.0 5975.0 e -1949.798218
5975.0 6045.0 f -884.750854
6045.0 6065.0 e -297.707367
6065.0 6135.0 d -887.091125
6135.0 6325.0 e -2009.311401
6325.0 7340.0 ssil -11731.073242
.
