#!MLF!#
"/net/aistaff/aki/_same-utterance/wav/06/Oost_Overijsel-Gelderland/5857-1457599029-1571137.rec"
0.0 705.0 ssil -9184.471680 NA
705.0 775.0 n -954.380859
775.0 875.0 a -1336.442261
875.0 890.0 ssil -243.838882
890.0 905.0 ssil -258.409485 ZIJN
905.0 980.0 z -1103.110718
980.0 1105.0 ei -1472.675293
1105.0 1120.0 n -232.744125
1120.0 1135.0 ssil -232.074127
1135.0 1150.0 ssil -216.205383 REIS
1150.0 1245.0 r -1118.809814
1245.0 1355.0 ei -1455.413330
1355.0 1465.0 s -1475.693604
1465.0 1480.0 ssil -246.958878
1480.0 1525.0 ssil -637.124634 MAAKT
1525.0 1580.0 m -800.287842
1580.0 1665.0 a -1157.076050
1665.0 1685.0 k -304.045929
1685.0 1705.0 ssil -336.662628
1705.0 1770.0 ssil -1078.391479 HIJ
1770.0 1825.0 h -648.872253
1825.0 1905.0 ei -906.262756
1905.0 1920.0 ssil -238.658981
1920.0 1935.0 ssil -228.725418 EEN
1935.0 1995.0 n -793.701965
1995.0 2020.0 ssil -309.006500
2020.0 2035.0 ssil -178.743652 KAART
2035.0 2095.0 k -894.478943
2095.0 2260.0 a -2017.669434
2260.0 2325.0 r -959.980835
2325.0 2405.0 t -1122.055908
2405.0 2425.0 ssil -275.902893
2425.0 2460.0 ssil -391.288361 VAN
2460.0 2500.0 f -544.061035
2500.0 2570.0 ac -963.272827
2570.0 2640.0 n -1028.500854
2640.0 2660.0 ssil -354.228424
2660.0 2675.0 ssil -248.208740 DE
2675.0 2690.0 d -213.369812
2690.0 2705.0 ssil -200.620941
2705.0 2720.0 ssil -238.051849 ONVERHARDE
2720.0 2840.0 oc -1614.551392
2840.0 2875.0 n -525.549866
2875.0 2940.0 f -963.633850
2940.0 2955.0 ec -222.413040
2955.0 2980.0 r -374.256226
2980.0 2995.0 h -234.675339
2995.0 3080.0 ac -1175.445435
3080.0 3115.0 r -500.526825
3115.0 3145.0 d -463.527100
3145.0 3215.0 @ -818.470886
3215.0 3230.0 ssil -192.223343
3230.0 3245.0 ssil -214.334229 WEGEN
3245.0 3270.0 w -321.430054
3270.0 3460.0 e -2249.790527
3460.0 3535.0 x -1028.510376
3535.0 3670.0 @ -1838.424561
3670.0 3725.0 ssil -745.404541
3725.0 4070.0 ssil -4441.707520 EN
4070.0 4150.0 ec -1043.761719
4150.0 4190.0 n -498.643036
4190.0 4205.0 ssil -223.205032
4205.0 4220.0 ssil -242.978592 DIE
4220.0 4235.0 d -228.866959
4235.0 4300.0 i -835.543823
4300.0 4315.0 ssil -205.840637
4315.0 4330.0 ssil -211.742523 ZET
4330.0 4395.0 z -809.182373
4395.0 4465.0 ec -778.794189
4465.0 4480.0 t -214.626160
4480.0 4495.0 ssil -204.030838
4495.0 4540.0 ssil -666.177429 HIJ
4540.0 4570.0 h -448.994843
4570.0 4680.0 ei -1363.226440
4680.0 4695.0 ssil -251.422958
4695.0 4710.0 ssil -272.916687 DIRECT
4710.0 4735.0 d -406.992645
4735.0 4750.0 ac -267.251373
4750.0 4810.0 j -757.872375
4810.0 4855.0 r -667.020142
4855.0 4980.0 ec -1595.681763
4980.0 5020.0 k -664.629028
5020.0 5085.0 ssil -1095.533813
5085.0 5145.0 ssil -1027.947632 OP
5145.0 5180.0 oc -495.271210
5180.0 5205.0 p -351.856781
5205.0 5240.0 ssil -494.681976
5240.0 5265.0 ssil -385.519775 EEN
5265.0 5290.0 @ -338.639526
5290.0 5325.0 n -461.675934
5325.0 5340.0 ssil -201.017197
5340.0 5355.0 ssil -243.719528 DVD
5355.0 5385.0 d -491.679565
5385.0 5505.0 e -1487.514282
5505.0 5585.0 f -1113.006714
5585.0 5630.0 e -543.714478
5630.0 5700.0 d -1026.908447
5700.0 5890.0 e -2197.113037
5890.0 6430.0 ssil -6644.354980
.
