#!MLF!#
"/net/aistaff/aki/_same-utterance/wav/06/Oost_Overijsel-Gelderland/6308-1454078199-1096713.rec"
0.0 670.0 ssil -8418.655273 NA
670.0 730.0 n -795.127136
730.0 875.0 a -1755.751465
875.0 890.0 ssil -235.290802
890.0 930.0 ssil -592.356934 ZIJN
930.0 980.0 z -748.798828
980.0 1090.0 ei -1208.570190
1090.0 1105.0 n -239.937469
1105.0 1125.0 ssil -293.827667
1125.0 1140.0 ssil -233.281036 REIS
1140.0 1160.0 r -289.682190
1160.0 1335.0 ei -2081.134521
1335.0 1460.0 s -1512.341064
1460.0 1485.0 ssil -344.442719
1485.0 1515.0 ssil -414.906860 MAAKT
1515.0 1575.0 m -827.550171
1575.0 1660.0 a -1115.555908
1660.0 1700.0 k -588.630127
1700.0 1755.0 t -832.215332
1755.0 1770.0 ssil -209.300461
1770.0 1815.0 ssil -610.890503 HIJ
1815.0 1840.0 h -349.799103
1840.0 1980.0 ei -1601.024292
1980.0 1995.0 ssil -221.370178
1995.0 2010.0 ssil -203.661987 EEN
2010.0 2070.0 n -793.522705
2070.0 2095.0 ssil -315.754120
2095.0 2115.0 ssil -229.223923 KAART
2115.0 2200.0 k -1258.880005
2200.0 2420.0 a -2661.198486
2420.0 2485.0 r -896.270386
2485.0 2560.0 t -1010.697327
2560.0 2575.0 ssil -206.199005
2575.0 2590.0 ssil -194.270782 VAN
2590.0 2630.0 f -546.057251
2630.0 2695.0 ac -850.858887
2695.0 2760.0 n -824.674011
2760.0 2775.0 ssil -226.277237
2775.0 2790.0 ssil -217.193756 DE
2790.0 2805.0 d -232.639572
2805.0 2820.0 @ -207.102600
2820.0 2835.0 ssil -205.846603
2835.0 2855.0 ssil -321.224274 ONVERHARDE
2855.0 3000.0 oc -1853.875122
3000.0 3070.0 n -934.483582
3070.0 3170.0 f -1331.858154
3170.0 3205.0 ec -505.463379
3205.0 3230.0 r -357.239990
3230.0 3335.0 h -1380.142578
3335.0 3350.0 ac -175.094696
3350.0 3465.0 r -1495.003784
3465.0 3490.0 d -388.355286
3490.0 3590.0 @ -1055.456543
3590.0 3605.0 ssil -171.915176
3605.0 3620.0 ssil -179.577744 WEGEN
3620.0 3640.0 w -236.274521
3640.0 3825.0 e -2101.359619
3825.0 3905.0 gc -1096.245728
3905.0 4000.0 @ -1233.906982
4000.0 4030.0 ssil -462.656708
4030.0 4470.0 ssil -5514.191895 EN
4470.0 4505.0 ec -432.656158
4505.0 4580.0 n -783.111328
4580.0 4595.0 ssil -208.753113
4595.0 4610.0 ssil -222.491791 DIE
4610.0 4645.0 d -543.379333
4645.0 4755.0 i -1401.179810
4755.0 4770.0 ssil -235.623886
4770.0 4785.0 ssil -207.366226 ZET
4785.0 4845.0 z -862.267395
4845.0 4935.0 ec -1109.040161
4935.0 4955.0 t -321.545319
4955.0 4985.0 ssil -400.904572
4985.0 5045.0 ssil -779.060242 HIJ
5045.0 5065.0 h -243.744629
5065.0 5215.0 ei -1603.345703
5215.0 5230.0 ssil -213.105270
5230.0 5245.0 ssil -192.340210 DIRECT
5245.0 5265.0 d -306.925568
5265.0 5295.0 ac -585.152588
5295.0 5415.0 j -1598.605957
5415.0 5465.0 r -699.639771
5465.0 5630.0 ec -2229.233398
5630.0 5645.0 k -261.090485
5645.0 5730.0 ssil -1431.796143
5730.0 5800.0 ssil -995.714539 OP
5800.0 5875.0 oc -1083.064331
5875.0 5940.0 p -938.397278
5940.0 5975.0 ssil -570.658508
5975.0 6015.0 ssil -623.262634 EEN
6015.0 6070.0 n -595.521118
6070.0 6085.0 ssil -209.451080
6085.0 6100.0 ssil -249.985153 DVD
6100.0 6130.0 d -445.376862
6130.0 6310.0 e -2073.112549
6310.0 6375.0 f -898.087219
6375.0 6465.0 e -1073.237183
6465.0 6495.0 d -430.273438
6495.0 6825.0 e -3530.027832
6825.0 7200.0 ssil -4668.814941
.
