#!MLF!#
"/net/aistaff/aki/_same-utterance/wav/06/Oost_Overijsel-Gelderland/6796-1454360220-1231484.rec"
0.0 690.0 ssil -8752.298828 NA
690.0 765.0 n -889.406860
765.0 915.0 a -1810.628906
915.0 930.0 ssil -229.520828
930.0 945.0 ssil -203.150940 ZIJN
945.0 1010.0 s -881.635864
1010.0 1195.0 ei -1827.648438
1195.0 1220.0 n -307.010071
1220.0 1235.0 ssil -217.860413
1235.0 1250.0 ssil -222.492859 REIS
1250.0 1520.0 r -3413.477051
1520.0 1565.0 ei -568.264954
1565.0 1785.0 s -2782.194580
1785.0 1855.0 ssil -916.110962
1855.0 1890.0 ssil -480.433014 MAAKT
1890.0 1950.0 m -819.692749
1950.0 2075.0 a -1642.233887
2075.0 2100.0 k -381.614899
2100.0 2130.0 ssil -458.692657
2130.0 2150.0 ssil -259.335724 HIJ
2150.0 2205.0 h -637.633118
2205.0 2380.0 ei -1877.163208
2380.0 2395.0 ssil -219.052567
2395.0 2410.0 ssil -192.658524 EEN
2410.0 2470.0 n -689.051575
2470.0 2485.0 ssil -237.556549
2485.0 2500.0 ssil -244.346863 KAART
2500.0 2560.0 k -887.928162
2560.0 2700.0 a -1604.831421
2700.0 2760.0 r -885.898560
2760.0 2810.0 ssil -681.718933
2810.0 2825.0 ssil -232.667557 VAN
2825.0 2955.0 f -1806.913452
2955.0 3015.0 ac -818.278870
3015.0 3040.0 n -335.078857
3040.0 3055.0 ssil -226.880341
3055.0 3070.0 ssil -235.056702 DE
3070.0 3085.0 d -242.572342
3085.0 3100.0 ssil -222.006638
3100.0 3115.0 ssil -227.084488 ONVERHARDE
3115.0 3235.0 oc -1545.217651
3235.0 3290.0 n -777.561279
3290.0 3320.0 f -416.817841
3320.0 3335.0 ec -222.176727
3335.0 3350.0 r -196.338257
3350.0 3365.0 h -229.107513
3365.0 3550.0 ac -2280.491943
3550.0 3565.0 r -223.710739
3565.0 3580.0 d -243.573700
3580.0 3595.0 @ -204.656494
3595.0 3610.0 ssil -208.126907
3610.0 3625.0 ssil -192.834717 WEGEN
3625.0 3690.0 w -808.990417
3690.0 3845.0 e -1816.546631
3845.0 3945.0 gc -1323.624268
3945.0 4025.0 @ -897.195923
4025.0 4050.0 ssil -329.207184
4050.0 4130.0 ssil -897.693970 EN
4130.0 4145.0 n -166.645950
4145.0 4190.0 ssil -513.969177
4190.0 4625.0 ssil -4999.534668 DIE
4625.0 4675.0 d -699.337097
4675.0 4700.0 i -427.462524
4700.0 4725.0 ssil -408.136810
4725.0 4750.0 ssil -390.068298 ZET
4750.0 4910.0 z -2028.208252
4910.0 4965.0 ec -596.116211
4965.0 5000.0 t -443.175476
5000.0 5015.0 ssil -182.389694
5015.0 5030.0 ssil -178.868011 HIJ
5030.0 5055.0 h -278.499207
5055.0 5135.0 ei -987.980652
5135.0 5150.0 ssil -188.105164
5150.0 5165.0 ssil -202.923813 DIRECT
5165.0 5185.0 d -291.005249
5185.0 5200.0 ac -298.900757
5200.0 5325.0 j -1369.883545
5325.0 5430.0 r -1431.551758
5430.0 5475.0 @ -589.983032
5475.0 5490.0 k -264.958923
5490.0 5535.0 t -670.325806
5535.0 5575.0 ssil -608.178894
5575.0 5595.0 ssil -274.050903 OP
5595.0 5670.0 oc -967.685242
5670.0 5685.0 p -224.378311
5685.0 5700.0 ssil -207.524170
5700.0 5715.0 ssil -211.805618 EEN
5715.0 5755.0 @ -621.031006
5755.0 5800.0 n -554.940002
5800.0 5815.0 ssil -230.239502
5815.0 5830.0 ssil -258.295502 DVD
5830.0 5860.0 d -410.258118
5860.0 5960.0 ic -1188.942017
5960.0 6005.0 f -621.418030
6005.0 6050.0 e -577.988464
6050.0 6115.0 d -899.293274
6115.0 6350.0 e -2899.982910
6350.0 6965.0 ssil -7268.681641
.
