#!MLF!#
"/net/aistaff/aki/_same-utterance/wav/06/Oost_Overijsel-Gelderland/828-1449173186-128234.rec"
0.0 515.0 ssil -5898.577148 NA
515.0 690.0 n -1962.028931
690.0 855.0 a -1944.843994
855.0 870.0 ssil -230.283585
870.0 885.0 ssil -211.396851 ZIJN
885.0 970.0 z -1153.517456
970.0 1055.0 ei -925.938843
1055.0 1080.0 n -326.372803
1080.0 1100.0 ssil -248.138000
1100.0 1170.0 ssil -1017.786987 REIS
1170.0 1200.0 r -373.397705
1200.0 1425.0 ei -2523.188232
1425.0 1575.0 s -1995.563232
1575.0 1660.0 ssil -1090.885376
1660.0 1675.0 ssil -190.012207 MAAKT
1675.0 1820.0 m -1593.689941
1820.0 1955.0 a -1623.933105
1955.0 1980.0 k -366.135956
1980.0 2015.0 ssil -531.554932
2015.0 2030.0 ssil -226.827118 HIJ
2030.0 2045.0 h -197.946228
2045.0 2220.0 ei -1763.002319
2220.0 2235.0 ssil -195.698837
2235.0 2250.0 ssil -189.955643 EEN
2250.0 2275.0 @ -288.610352
2275.0 2290.0 ssil -189.170105
2290.0 2320.0 ssil -428.609161 KAART
2320.0 2365.0 k -659.063171
2365.0 2500.0 a -1655.077637
2500.0 2550.0 r -754.587769
2550.0 2645.0 t -1300.135986
2645.0 2660.0 ssil -193.492340
2660.0 2675.0 ssil -182.096069 VAN
2675.0 2715.0 v -506.502167
2715.0 2780.0 ac -801.384033
2780.0 2820.0 n -418.862885
2820.0 2835.0 ssil -182.477325
2835.0 2850.0 ssil -208.034805 DE
2850.0 2865.0 d -222.479843
2865.0 2880.0 ssil -223.876160
2880.0 2895.0 ssil -203.738098 ONVERHARDE
2895.0 3205.0 oc -4048.743652
3205.0 3345.0 n -1730.841675
3345.0 3470.0 f -1565.226074
3470.0 3495.0 ec -303.785645
3495.0 3535.0 r -518.367615
3535.0 3685.0 h -1882.389160
3685.0 3845.0 ac -2013.567505
3845.0 3875.0 r -446.897247
3875.0 3900.0 d -363.976776
3900.0 3960.0 @ -614.586182
3960.0 3975.0 ssil -191.338455
3975.0 3990.0 ssil -205.517181 WEGEN
3990.0 4075.0 w -910.570740
4075.0 4250.0 e -1636.022827
4250.0 4310.0 gc -833.739807
4310.0 4345.0 @ -421.941284
4345.0 4495.0 n -1681.808716
4495.0 4955.0 ssil -5413.304199
4955.0 5025.0 ssil -855.725708 EN
5025.0 5090.0 ec -958.850037
5090.0 5105.0 n -214.656662
5105.0 5120.0 ssil -210.014664
5120.0 5135.0 ssil -201.867722 DIE
5135.0 5230.0 d -1148.338135
5230.0 5310.0 i -881.308472
5310.0 5325.0 ssil -218.905670
5325.0 5340.0 ssil -220.872757 ZET
5340.0 5415.0 z -902.577576
5415.0 5505.0 ec -1004.353394
5505.0 5535.0 t -420.113495
5535.0 5550.0 ssil -221.939407
5550.0 5565.0 ssil -213.068375 HIJ
5565.0 5580.0 h -172.093018
5580.0 5685.0 ei -1198.848267
5685.0 5705.0 ssil -261.752106
5705.0 5720.0 ssil -192.541672 DIRECT
5720.0 5785.0 d -955.413879
5785.0 5800.0 ac -256.435059
5800.0 5825.0 j -333.981262
5825.0 5875.0 r -750.569946
5875.0 5965.0 ec -1220.945068
5965.0 5985.0 k -365.750641
5985.0 6025.0 ssil -624.305054
6025.0 6090.0 ssil -1088.135376 OP
6090.0 6205.0 oc -1506.439209
6205.0 6240.0 p -490.226654
6240.0 6255.0 ssil -215.816071
6255.0 6270.0 ssil -232.218369 EEN
6270.0 6285.0 @ -234.848251
6285.0 6360.0 n -771.654968
6360.0 6375.0 ssil -214.624969
6375.0 6390.0 ssil -259.461517 DVD
6390.0 6415.0 d -361.525879
6415.0 6530.0 e -1108.458618
6530.0 6590.0 f -773.402832
6590.0 6605.0 e -210.676529
6605.0 6675.0 d -944.192749
6675.0 6830.0 e -1854.983398
6830.0 7220.0 ssil -4922.040527
.
