#!MLF!#
"/net/aistaff/aki/_same-utterance/wav/06/Oost_Overijsel-Gelderland/8391-1462470746-1801470.rec"
0.0 15.0 ssil -146.200089 NA
15.0 30.0 n -145.658737
30.0 320.0 a -2309.526123
320.0 710.0 ssil -4733.506348
710.0 905.0 ssil -2755.042969 ZIJN
905.0 990.0 s -1319.641357
990.0 1115.0 ei -1473.818604
1115.0 1145.0 n -404.593201
1145.0 1160.0 ssil -221.359299
1160.0 1175.0 ssil -201.067703 REIS
1175.0 1220.0 r -623.066772
1220.0 1395.0 ei -2021.271973
1395.0 1555.0 s -2060.610840
1555.0 1570.0 ssil -219.604614
1570.0 1615.0 ssil -608.595825 MAAKT
1615.0 1665.0 m -641.026855
1665.0 1785.0 a -1542.527832
1785.0 1820.0 k -533.899170
1820.0 1850.0 ssil -453.469696
1850.0 1890.0 ssil -591.756042 HIJ
1890.0 1935.0 h -628.663574
1935.0 2030.0 ei -1016.832275
2030.0 2045.0 ssil -193.491241
2045.0 2060.0 ssil -188.817596 EEN
2060.0 2115.0 n -642.806519
2115.0 2135.0 ssil -244.198959
2135.0 2150.0 ssil -192.592545 KAART
2150.0 2210.0 k -794.873413
2210.0 2360.0 a -1726.480713
2360.0 2430.0 r -1000.336365
2430.0 2475.0 ssil -683.123962
2475.0 2520.0 ssil -739.484619 VAN
2520.0 2605.0 f -1048.897095
2605.0 2635.0 ac -450.035095
2635.0 2665.0 n -351.228455
2665.0 2680.0 ssil -207.885208
2680.0 2695.0 ssil -254.730469 DE
2695.0 2710.0 d -250.942383
2710.0 2725.0 ssil -228.281570
2725.0 2740.0 ssil -233.736694 ONVERHARDE
2740.0 2930.0 oc -2250.616699
2930.0 2955.0 n -346.232483
2955.0 3040.0 f -1060.980591
3040.0 3055.0 ec -241.270477
3055.0 3125.0 r -943.077576
3125.0 3175.0 h -644.689148
3175.0 3250.0 ac -1008.887512
3250.0 3295.0 r -632.629456
3295.0 3360.0 d -843.298706
3360.0 3415.0 @ -627.742615
3415.0 3430.0 ssil -181.000549
3430.0 3445.0 ssil -189.610428 WEGEN
3445.0 3465.0 w -237.564514
3465.0 3670.0 e -2170.390381
3670.0 3735.0 x -888.488403
3735.0 3830.0 @ -1053.679932
3830.0 4205.0 ssil -4717.014160
4205.0 4265.0 ssil -822.759033 EN
4265.0 4325.0 ec -762.222839
4325.0 4370.0 n -576.587524
4370.0 4385.0 ssil -210.243057
4385.0 4400.0 ssil -230.811966 DIE
4400.0 4415.0 d -221.100006
4415.0 4465.0 i -598.956787
4465.0 4480.0 ssil -227.867538
4480.0 4495.0 ssil -245.824417 ZET
4495.0 4585.0 z -1159.841309
4585.0 4685.0 ec -1206.586060
4685.0 4700.0 t -212.888184
4700.0 4715.0 ssil -223.661087
4715.0 4730.0 ssil -222.846603 HIJ
4730.0 4815.0 h -1169.997681
4815.0 4905.0 ei -1078.207397
4905.0 4920.0 ssil -193.644058
4920.0 4935.0 ssil -185.401840 DIRECT
4935.0 5015.0 d -1091.125366
5015.0 5030.0 ac -239.508392
5030.0 5045.0 j -216.162689
5045.0 5105.0 r -841.364075
5105.0 5275.0 ec -2050.369141
5275.0 5290.0 k -262.908569
5290.0 5390.0 ssil -1659.584351
5390.0 5585.0 ssil -2555.617188 OP
5585.0 5640.0 oc -818.955688
5640.0 5660.0 p -297.854889
5660.0 5690.0 ssil -404.805664
5690.0 5715.0 ssil -342.200562 EEN
5715.0 5760.0 @ -623.690979
5760.0 5820.0 n -663.789246
5820.0 5835.0 ssil -217.650513
5835.0 5850.0 ssil -249.073578 DVD
5850.0 5870.0 d -301.917236
5870.0 6015.0 e -1469.564453
6015.0 6105.0 f -1261.336670
6105.0 6135.0 e -448.694031
6135.0 6190.0 d -801.500305
6190.0 6365.0 e -1853.850098
6365.0 7175.0 ssil -9186.985352
.
