#!MLF!#
"/net/aistaff/aki/_same-utterance/wav/07/Groningen_and_Drenthe/11438-1464216860-1950683.rec"
0.0 490.0 ssil -5835.452148 NATUURLIJK
490.0 520.0 n -428.896912
520.0 670.0 a -2129.315918
670.0 715.0 t -647.601624
715.0 820.0 y -1226.297119
820.0 900.0 l -1159.623901
900.0 965.0 @ -911.686096
965.0 1015.0 k -733.339905
1015.0 1035.0 ssil -264.374969
1035.0 1055.0 ssil -293.766724 GA
1055.0 1100.0 x -669.873779
1100.0 1180.0 a -867.067627
1180.0 1195.0 ssil -203.533554
1195.0 1210.0 ssil -202.779449 JE
1210.0 1275.0 j -772.475708
1275.0 1295.0 ssil -309.583801
1295.0 1335.0 ssil -544.416504 VAN
1335.0 1375.0 f -556.659729
1375.0 1445.0 ac -777.844238
1445.0 1475.0 n -381.042206
1475.0 1490.0 ssil -211.605240
1490.0 1505.0 ssil -216.218613 HARD
1505.0 1600.0 h -1182.862305
1600.0 1650.0 ac -631.159607
1650.0 1810.0 r -2177.982178
1810.0 1860.0 t -757.269958
1860.0 1875.0 ssil -197.811752
1875.0 1900.0 ssil -367.948944 WERKEN
1900.0 1935.0 w -468.520386
1935.0 2040.0 ec -1246.054077
2040.0 2180.0 r -1883.734985
2180.0 2225.0 k -647.286316
2225.0 2290.0 @ -739.687866
2290.0 2430.0 n -1614.155640
2430.0 2445.0 ssil -179.940430
2445.0 2460.0 ssil -185.419754 HEUS
2460.0 2510.0 h -612.375000
2510.0 2610.0 eu -1281.172729
2610.0 2660.0 s -705.731628
2660.0 2675.0 ssil -245.234177
2675.0 2700.0 ssil -376.380249 NIET
2700.0 2715.0 n -245.873718
2715.0 2835.0 i -1387.253540
2835.0 2855.0 ssil -249.769547
2855.0 2880.0 ssil -345.814209 DOOD
2880.0 2930.0 d -767.847839
2930.0 3140.0 o -2376.426270
3140.0 3185.0 t -651.481995
3185.0 3230.0 ssil -763.314270
3230.0 3715.0 ssil -5908.463379 MAAR
3715.0 3785.0 m -970.530823
3785.0 3875.0 a -1048.631104
3875.0 3890.0 ssil -214.268829
3890.0 3905.0 ssil -213.006927 IN
3905.0 3965.0 ic -693.502380
3965.0 4015.0 n -702.614685
4015.0 4045.0 ssil -455.835388
4045.0 4090.0 ssil -653.193787 ANDERE
4090.0 4200.0 ac -1443.640259
4200.0 4260.0 n -767.566101
4260.0 4275.0 d -217.494263
4275.0 4325.0 @ -616.636841
4325.0 4345.0 r -248.485779
4345.0 4365.0 @ -242.651276
4365.0 4380.0 ssil -219.328766
4380.0 4395.0 ssil -252.660736 OPZICHTEN
4395.0 4550.0 oc -2032.833862
4550.0 4585.0 p -553.169556
4585.0 4665.0 s -1057.466187
4665.0 4730.0 ic -838.284546
4730.0 4785.0 x -818.975891
4785.0 4855.0 t -930.478271
4855.0 4875.0 @ -260.930176
4875.0 4955.0 n -985.979431
4955.0 4970.0 ssil -207.985001
4970.0 4985.0 ssil -208.615860 IS
4985.0 5050.0 ic -872.583740
5050.0 5100.0 s -728.635376
5100.0 5115.0 ssil -218.065735
5115.0 5130.0 ssil -206.650070 DE
5130.0 5165.0 d -491.507568
5165.0 5195.0 @ -390.127594
5195.0 5215.0 ssil -262.265259
5215.0 5250.0 ssil -429.779999 PRIJS
5250.0 5300.0 p -618.901306
5300.0 5345.0 r -705.335938
5345.0 5485.0 ei -1578.542969
5485.0 5505.0 s -282.604431
5505.0 5520.0 ssil -211.172165
5520.0 5535.0 ssil -209.112213 SOMS
5535.0 5610.0 s -1004.802979
5610.0 5645.0 oc -441.124664
5645.0 5715.0 m -876.953918
5715.0 5800.0 s -1219.067505
5800.0 5815.0 ssil -209.072113
5815.0 5830.0 ssil -228.949448 HOGER
5830.0 5875.0 h -501.707916
5875.0 6025.0 o -1738.242920
6025.0 6115.0 gc -1397.931763
6115.0 6260.0 r -1912.115112
6260.0 6430.0 ssil -2134.730713
6430.0 6450.0 ssil -284.587189 DAN
6450.0 6480.0 d -438.655823
6480.0 6545.0 ac -782.288330
6545.0 6620.0 n -941.372803
6620.0 6635.0 ssil -221.292374
6635.0 6650.0 ssil -219.254944 JE
6650.0 6670.0 j -248.004013
6670.0 6710.0 @ -523.259949
6710.0 6730.0 ssil -259.506775
6730.0 6745.0 ssil -224.788101 DACHT
6745.0 6795.0 d -757.906799
6795.0 6895.0 ac -1222.721802
6895.0 6995.0 x -1338.620605
6995.0 7125.0 t -1604.151611
7125.0 7825.0 ssil -8306.538086
.
