#!MLF!#
"/net/aistaff/aki/_same-utterance/wav/07/Groningen_and_Drenthe/12923-1464633432-2157877.rec"
0.0 445.0 ssil -5000.269531 NATUURLIJK
445.0 475.0 n -422.706543
475.0 520.0 @ -540.298096
520.0 655.0 t -1758.571899
655.0 755.0 y -1256.294678
755.0 800.0 l -613.139282
800.0 870.0 @ -904.838745
870.0 890.0 k -297.868408
890.0 905.0 ssil -220.924164
905.0 920.0 ssil -230.843704 GA
920.0 960.0 x -543.486023
960.0 995.0 a -414.563995
995.0 1010.0 ssil -212.556763
1010.0 1025.0 ssil -214.100616 JE
1025.0 1070.0 j -485.237030
1070.0 1090.0 @ -271.470795
1090.0 1105.0 ssil -216.443039
1105.0 1150.0 ssil -523.767761 VAN
1150.0 1180.0 v -414.015411
1180.0 1205.0 ac -293.546875
1205.0 1220.0 n -196.955093
1220.0 1235.0 ssil -193.987747
1235.0 1250.0 ssil -189.418488 HARD
1250.0 1290.0 h -451.412537
1290.0 1335.0 ac -535.032410
1335.0 1350.0 r -217.926895
1350.0 1365.0 ssil -187.373825
1365.0 1380.0 ssil -178.667145 WERKEN
1380.0 1475.0 w -1077.987305
1475.0 1565.0 ec -929.675842
1565.0 1605.0 r -582.714661
1605.0 1630.0 k -395.259308
1630.0 1650.0 ssil -298.620117
1650.0 1685.0 ssil -490.827271 HEUS
1685.0 1705.0 h -272.690186
1705.0 1875.0 eu -2002.362793
1875.0 1895.0 s -305.608154
1895.0 1910.0 ssil -248.185501
1910.0 1950.0 ssil -671.419861 NIET
1950.0 1990.0 n -543.642822
1990.0 2005.0 i -211.901627
2005.0 2020.0 ssil -214.405457
2020.0 2035.0 ssil -226.015930 DOOD
2035.0 2110.0 d -1027.032837
2110.0 2365.0 o -3011.709473
2365.0 2475.0 t -1475.710938
2475.0 2685.0 ssil -2439.277344
2685.0 2895.0 ssil -2720.178467 MAAR
2895.0 2935.0 m -507.567505
2935.0 3055.0 a -1170.532104
3055.0 3070.0 ssil -245.288971
3070.0 3085.0 ssil -248.266846 IN
3085.0 3125.0 n -582.030396
3125.0 3140.0 ssil -224.430405
3140.0 3155.0 ssil -204.118469 ANDERE
3155.0 3250.0 ac -1132.034790
3250.0 3320.0 n -870.728943
3320.0 3340.0 d -295.756226
3340.0 3370.0 @ -395.828583
3370.0 3385.0 r -200.062515
3385.0 3400.0 ssil -209.285629
3400.0 3415.0 ssil -210.068542 OPZICHTEN
3415.0 3515.0 oc -1250.737061
3515.0 3560.0 p -644.529297
3560.0 3655.0 s -1197.198364
3655.0 3725.0 ic -873.811523
3725.0 3755.0 x -390.823547
3755.0 3775.0 t -267.462372
3775.0 3790.0 @ -251.715164
3790.0 3815.0 ssil -373.170563
3815.0 3860.0 ssil -616.764099 IS
3860.0 3915.0 ic -651.339111
3915.0 4035.0 s -1645.598022
4035.0 4050.0 ssil -213.621597
4050.0 4065.0 ssil -212.411789 DE
4065.0 4080.0 d -195.594223
4080.0 4095.0 ssil -191.758072
4095.0 4120.0 ssil -348.661530 PRIJS
4120.0 4155.0 p -510.777130
4155.0 4195.0 r -561.513489
4195.0 4330.0 ei -1590.021240
4330.0 4365.0 s -470.934296
4365.0 4380.0 ssil -199.187820
4380.0 4395.0 ssil -199.313660 SOMS
4395.0 4430.0 s -430.234192
4430.0 4455.0 oc -308.512085
4455.0 4515.0 m -722.003601
4515.0 4555.0 s -510.646912
4555.0 4570.0 ssil -236.878479
4570.0 4585.0 ssil -233.057190 HOGER
4585.0 4600.0 h -208.194931
4600.0 4740.0 o -1598.688354
4740.0 4790.0 gc -719.546021
4790.0 4810.0 @ -292.988922
4810.0 4825.0 ssil -219.892990
4825.0 4840.0 ssil -239.229385 DAN
4840.0 4865.0 d -383.373535
4865.0 4885.0 ac -256.667847
4885.0 4900.0 n -212.448669
4900.0 4915.0 ssil -210.368454
4915.0 4930.0 ssil -204.331955 JE
4930.0 5050.0 j -1238.322021
5050.0 5065.0 ssil -200.974045
5065.0 5080.0 ssil -226.131409 DACHT
5080.0 5125.0 d -591.514587
5125.0 5230.0 ac -1243.453003
5230.0 5350.0 x -1557.464355
5350.0 5490.0 t -1767.164551
5490.0 5505.0 ssil -173.657043
.
