#!MLF!#
"/net/aistaff/aki/_same-utterance/wav/07/Groningen_and_Drenthe/16681-1465973889-2317684.rec"
0.0 465.0 ssil -5335.355469 NATUURLIJK
465.0 495.0 n -435.193817
495.0 615.0 a -1597.560547
615.0 660.0 t -682.232178
660.0 745.0 y -972.355469
745.0 790.0 r -603.877991
790.0 845.0 l -742.866333
845.0 935.0 @ -1194.842896
935.0 980.0 k -729.276978
980.0 1000.0 ssil -296.185028
1000.0 1020.0 ssil -280.763794 GA
1020.0 1050.0 x -412.708893
1050.0 1160.0 a -1325.477051
1160.0 1175.0 ssil -178.300369
1175.0 1190.0 ssil -180.254913 JE
1190.0 1230.0 j -479.978271
1230.0 1245.0 ssil -196.687805
1245.0 1275.0 ssil -371.627960 VAN
1275.0 1305.0 v -435.705963
1305.0 1355.0 ac -720.581360
1355.0 1380.0 n -387.723419
1380.0 1395.0 ssil -222.164154
1395.0 1410.0 ssil -235.275330 HARD
1410.0 1490.0 h -1077.206299
1490.0 1535.0 ac -551.649963
1535.0 1565.0 r -439.864777
1565.0 1610.0 ssil -608.098022
1610.0 1655.0 ssil -689.642822 WERKEN
1655.0 1705.0 w -522.058289
1705.0 1835.0 ec -1477.017334
1835.0 1860.0 r -393.996887
1860.0 1905.0 k -678.446228
1905.0 1940.0 @ -460.704895
1940.0 1990.0 n -716.791199
1990.0 2005.0 ssil -214.732300
2005.0 2020.0 ssil -189.624130 HEUS
2020.0 2070.0 h -594.317566
2070.0 2170.0 eu -1128.082031
2170.0 2205.0 s -473.900208
2205.0 2220.0 ssil -215.538223
2220.0 2235.0 ssil -212.138641 NIET
2235.0 2265.0 n -395.320465
2265.0 2350.0 i -877.041809
2350.0 2365.0 ssil -191.488693
2365.0 2380.0 ssil -178.155334 DOOD
2380.0 2465.0 d -1132.690552
2465.0 2665.0 o -2265.243164
2665.0 2760.0 t -1282.917480
2760.0 2850.0 ssil -1075.922729
2850.0 3055.0 ssil -2368.130127 MAAR
3055.0 3085.0 m -487.504852
3085.0 3150.0 a -729.541626
3150.0 3165.0 ssil -208.813858
3165.0 3180.0 ssil -206.908722 IN
3180.0 3255.0 ic -813.346252
3255.0 3295.0 n -570.984253
3295.0 3325.0 ssil -539.057739
3325.0 3365.0 ssil -632.709717 ANDERE
3365.0 3440.0 ac -916.720642
3440.0 3495.0 n -641.958618
3495.0 3510.0 d -214.736496
3510.0 3530.0 @ -253.187729
3530.0 3550.0 r -260.612549
3550.0 3565.0 ssil -209.296722
3565.0 3580.0 ssil -210.790802 OPZICHTEN
3580.0 3765.0 oc -2404.936279
3765.0 3780.0 p -238.861725
3780.0 3910.0 s -1569.278809
3910.0 3985.0 ic -882.239258
3985.0 4045.0 x -886.635681
4045.0 4110.0 t -850.125122
4110.0 4130.0 @ -267.856750
4130.0 4145.0 ssil -204.711090
4145.0 4160.0 ssil -228.008820 IS
4160.0 4210.0 ic -673.982300
4210.0 4250.0 s -575.793091
4250.0 4265.0 ssil -230.480331
4265.0 4290.0 ssil -327.888885 DE
4290.0 4330.0 d -573.832642
4330.0 4375.0 @ -586.928772
4375.0 4420.0 ssil -547.049316
4420.0 4435.0 ssil -187.614487 PRIJS
4435.0 4460.0 p -354.503174
4460.0 4505.0 r -654.512085
4505.0 4660.0 ei -1669.304565
4660.0 4690.0 s -425.314545
4690.0 4705.0 ssil -244.046585
4705.0 4720.0 ssil -235.065125 SOMS
4720.0 4780.0 s -769.849121
4780.0 4810.0 oc -418.371979
4810.0 4875.0 m -775.098999
4875.0 4955.0 s -1036.355347
4955.0 4970.0 ssil -188.140854
4970.0 4985.0 ssil -209.571655 HOGER
4985.0 5020.0 h -435.977600
5020.0 5140.0 o -1353.442261
5140.0 5235.0 gc -1518.055420
5235.0 5275.0 r -596.485291
5275.0 5290.0 ssil -202.699585
5290.0 5305.0 ssil -203.898941 DAN
5305.0 5335.0 d -412.608307
5335.0 5350.0 ac -180.470596
5350.0 5365.0 n -199.791306
5365.0 5380.0 ssil -212.018845
5380.0 5395.0 ssil -211.257965 JE
5395.0 5505.0 j -1252.750977
5505.0 5520.0 ssil -216.479950
5520.0 5535.0 ssil -195.537354 DACHT
5535.0 5595.0 d -794.579834
5595.0 5675.0 ac -889.034363
5675.0 5840.0 x -2068.610840
5840.0 5970.0 t -1777.578491
5970.0 6175.0 ssil -2304.264160
.
