#!MLF!#
"/net/aistaff/aki/_same-utterance/wav/07/Groningen_and_Drenthe/16771-1466359654-2343106.rec"
0.0 285.0 ssil -2563.791992 NATUURLIJK
285.0 305.0 n -280.269714
305.0 355.0 t -762.261108
355.0 420.0 y -713.631531
420.0 465.0 r -523.529663
465.0 500.0 l -443.400879
500.0 540.0 @ -508.648071
540.0 555.0 k -229.043274
555.0 585.0 ssil -414.627960
585.0 605.0 ssil -288.679535 GA
605.0 680.0 x -1028.710938
680.0 760.0 a -943.336609
760.0 775.0 ssil -210.569427
775.0 790.0 ssil -208.074646 JE
790.0 805.0 j -226.459351
805.0 820.0 ssil -195.194183
820.0 835.0 ssil -202.832825 VAN
835.0 870.0 v -427.990051
870.0 900.0 ac -465.891602
900.0 935.0 n -515.005920
935.0 950.0 ssil -236.776535
950.0 965.0 ssil -199.991837 HARD
965.0 1020.0 h -729.499573
1020.0 1075.0 ac -734.945984
1075.0 1115.0 r -547.236084
1115.0 1130.0 ssil -257.425598
1130.0 1165.0 ssil -555.635376 WERKEN
1165.0 1195.0 w -347.283691
1195.0 1335.0 ec -1481.156006
1335.0 1385.0 r -702.907104
1385.0 1415.0 k -418.928680
1415.0 1480.0 @ -691.998230
1480.0 1495.0 ssil -196.667068
1495.0 1510.0 ssil -196.098846 HEUS
1510.0 1525.0 h -185.653412
1525.0 1610.0 eu -1137.879639
1610.0 1660.0 s -707.191040
1660.0 1675.0 ssil -227.327820
1675.0 1700.0 ssil -379.483215 NIET
1700.0 1715.0 n -251.445221
1715.0 1780.0 i -826.717529
1780.0 1795.0 ssil -219.086212
1795.0 1810.0 ssil -209.030136 DOOD
1810.0 1885.0 d -1137.887695
1885.0 2095.0 o -2624.410156
2095.0 2160.0 t -893.649902
2160.0 2230.0 ssil -907.280762
2230.0 2595.0 ssil -4187.224609 MAAR
2595.0 2630.0 m -465.134155
2630.0 2685.0 a -642.899231
2685.0 2740.0 r -731.142334
2740.0 2755.0 ssil -200.391953
2755.0 2770.0 ssil -224.543015 IN
2770.0 2790.0 n -293.106506
2790.0 2805.0 ssil -232.068954
2805.0 2820.0 ssil -248.558472 ANDERE
2820.0 2925.0 ac -1509.271484
2925.0 2995.0 n -947.744263
2995.0 3010.0 d -230.827621
3010.0 3025.0 r -229.500916
3025.0 3040.0 ssil -221.806320
3040.0 3055.0 ssil -227.106277 OPZICHTEN
3055.0 3160.0 oc -1245.077637
3160.0 3185.0 p -425.196228
3185.0 3305.0 s -1549.686768
3305.0 3395.0 ic -1125.152100
3395.0 3435.0 x -539.219971
3435.0 3465.0 t -463.015045
3465.0 3480.0 @ -210.336121
3480.0 3500.0 ssil -305.320160
3500.0 3515.0 ssil -225.668747 IS
3515.0 3605.0 ic -1233.190918
3605.0 3640.0 s -491.056213
3640.0 3655.0 ssil -233.269638
3655.0 3670.0 ssil -242.918106 DE
3670.0 3705.0 d -537.418762
3705.0 3755.0 @ -628.339111
3755.0 3770.0 ssil -180.307755
3770.0 3785.0 ssil -218.809540 PRIJS
3785.0 3830.0 p -587.779114
3830.0 3860.0 r -429.182617
3860.0 4005.0 ei -1840.346924
4005.0 4030.0 s -373.042999
4030.0 4045.0 ssil -217.685135
4045.0 4060.0 ssil -209.339844 SOMS
4060.0 4095.0 s -497.762573
4095.0 4155.0 oc -752.958191
4155.0 4170.0 m -248.957169
4170.0 4215.0 s -639.066406
4215.0 4230.0 ssil -235.067291
4230.0 4245.0 ssil -248.320129 HOGER
4245.0 4275.0 h -408.527130
4275.0 4420.0 o -1752.974854
4420.0 4445.0 gc -350.128723
4445.0 4460.0 ssil -202.557480
4460.0 4475.0 ssil -211.161865 DAN
4475.0 4490.0 d -232.391144
4490.0 4525.0 ac -478.594604
4525.0 4555.0 n -412.091583
4555.0 4570.0 ssil -222.721954
4570.0 4585.0 ssil -217.494461 JE
4585.0 4710.0 j -1454.696899
4710.0 4725.0 ssil -224.091370
4725.0 4740.0 ssil -236.868301 DACHT
4740.0 4755.0 d -232.787109
4755.0 4910.0 ac -1890.245239
4910.0 5050.0 x -2005.066406
5050.0 5140.0 t -1225.870850
5140.0 5435.0 ssil -3488.944580
.
