#!MLF!#
"/net/aistaff/aki/_same-utterance/wav/07/Groningen_and_Drenthe/298-1449772630-575585.rec"
0.0 370.0 ssil -3528.487549 NATUURLIJK
370.0 510.0 n -1847.982788
510.0 555.0 ac -627.235352
555.0 655.0 d -1469.121094
655.0 675.0 y -317.749176
675.0 770.0 r -1368.440186
770.0 815.0 l -646.262634
815.0 865.0 @ -691.724548
865.0 880.0 k -209.795654
880.0 895.0 ssil -181.537430
895.0 915.0 ssil -247.161469 GA
915.0 930.0 x -206.147079
930.0 1000.0 a -761.961548
1000.0 1015.0 ssil -202.373596
1015.0 1030.0 ssil -206.050537 JE
1030.0 1105.0 j -886.469177
1105.0 1120.0 ssil -181.715729
1120.0 1145.0 ssil -251.029663 VAN
1145.0 1160.0 v -172.095978
1160.0 1175.0 ac -188.014206
1175.0 1190.0 n -217.004196
1190.0 1205.0 ssil -218.201706
1205.0 1220.0 ssil -200.166809 HARD
1220.0 1235.0 h -165.614761
1235.0 1335.0 ac -1052.986328
1335.0 1350.0 r -202.677338
1350.0 1365.0 ssil -204.670364
1365.0 1380.0 ssil -192.615616 WERKEN
1380.0 1430.0 w -539.878296
1430.0 1465.0 ec -351.649139
1465.0 1480.0 r -197.646347
1480.0 1495.0 k -221.623642
1495.0 1510.0 ssil -207.345505
1510.0 1525.0 ssil -225.755341 HEUS
1525.0 1540.0 h -224.656631
1540.0 1560.0 eu -340.706940
1560.0 1575.0 s -301.708527
1575.0 1590.0 ssil -281.001404
1590.0 1605.0 ssil -267.998077 NIET
1605.0 1620.0 n -256.975159
1620.0 1750.0 i -1479.578247
1750.0 1765.0 ssil -200.000275
1765.0 1780.0 ssil -198.328491 DOOD
1780.0 1830.0 d -665.232178
1830.0 1990.0 o -1793.924072
1990.0 2060.0 t -943.231140
2060.0 2110.0 ssil -614.414856
2110.0 2445.0 ssil -4304.018555 MAAR
2445.0 2505.0 m -797.118713
2505.0 2580.0 a -851.575562
2580.0 2595.0 ssil -204.900131
2595.0 2610.0 ssil -214.440491 IN
2610.0 2695.0 ic -1121.734863
2695.0 2710.0 n -244.722504
2710.0 2725.0 ssil -212.448761
2725.0 2740.0 ssil -200.013580 ANDERE
2740.0 2835.0 ac -1224.849487
2835.0 2870.0 n -480.696106
2870.0 2885.0 d -242.265717
2885.0 2905.0 @ -321.940186
2905.0 2920.0 r -236.867569
2920.0 2945.0 @ -353.400269
2945.0 2960.0 ssil -223.764267
2960.0 2975.0 ssil -228.257690 OPZICHTEN
2975.0 3070.0 oc -1337.448364
3070.0 3085.0 p -238.879608
3085.0 3165.0 s -1127.039551
3165.0 3270.0 ic -1280.384644
3270.0 3290.0 x -282.797760
3290.0 3305.0 t -227.836456
3305.0 3335.0 @ -404.127167
3335.0 3350.0 ssil -198.666504
3350.0 3370.0 ssil -269.866241 IS
3370.0 3435.0 ic -815.472656
3435.0 3475.0 s -558.947021
3475.0 3490.0 ssil -226.645706
3490.0 3505.0 ssil -205.152283 DE
3505.0 3520.0 d -215.860046
3520.0 3535.0 ssil -204.157089
3535.0 3550.0 ssil -224.072601 PRIJS
3550.0 3570.0 p -298.781250
3570.0 3660.0 r -1315.440186
3660.0 3690.0 ei -380.774597
3690.0 3705.0 s -255.898010
3705.0 3720.0 ssil -227.780472
3720.0 3735.0 ssil -219.302475 SOMS
3735.0 3795.0 s -789.795471
3795.0 3870.0 oc -906.288879
3870.0 3915.0 m -612.538025
3915.0 3940.0 s -372.121429
3940.0 3955.0 ssil -223.241577
3955.0 3970.0 ssil -234.716095 HOGER
3970.0 4030.0 h -807.829346
4030.0 4195.0 o -2367.865234
4195.0 4295.0 gc -1450.250854
4295.0 4320.0 r -351.120758
4320.0 4335.0 ssil -226.916412
4335.0 4355.0 ssil -323.296143 DAN
4355.0 4370.0 d -248.768372
4370.0 4385.0 ac -227.426544
4385.0 4405.0 n -315.335358
4405.0 4435.0 ssil -468.773193
4435.0 4450.0 ssil -223.938416 JE
4450.0 4610.0 j -2102.369629
4610.0 4625.0 ssil -224.086563
4625.0 4640.0 ssil -230.431976 DACHT
4640.0 4710.0 d -991.430237
4710.0 4795.0 ac -1242.271973
4795.0 4885.0 x -1280.832642
4885.0 5000.0 t -1530.140381
5000.0 5180.0 ssil -2235.838623
.
