#!MLF!#
"/net/aistaff/aki/_same-utterance/wav/07/Groningen_and_Drenthe/333-1449267194-241770.rec"
0.0 550.0 ssil -6452.460938 NATUURLIJK
550.0 700.0 n -1927.004883
700.0 775.0 t -1131.630249
775.0 810.0 y -462.026123
810.0 900.0 r -1189.856934
900.0 960.0 l -853.502014
960.0 1040.0 @ -1191.734009
1040.0 1055.0 k -233.989624
1055.0 1080.0 ssil -370.477325
1080.0 1100.0 ssil -275.162231 GA
1100.0 1175.0 x -1075.165283
1175.0 1255.0 a -907.119873
1255.0 1270.0 ssil -199.483017
1270.0 1285.0 ssil -197.251343 JE
1285.0 1320.0 j -456.378540
1320.0 1335.0 ssil -216.318024
1335.0 1365.0 ssil -379.289612 VAN
1365.0 1405.0 f -543.672729
1405.0 1465.0 ac -737.486877
1465.0 1480.0 n -200.944901
1480.0 1495.0 ssil -212.300903
1495.0 1510.0 ssil -227.235657 HARD
1510.0 1530.0 h -268.569000
1530.0 1560.0 ac -386.361298
1560.0 1635.0 r -1016.869873
1635.0 1670.0 t -485.802673
1670.0 1690.0 ssil -300.451813
1690.0 1705.0 ssil -221.017075 WERKEN
1705.0 1720.0 w -198.628784
1720.0 1855.0 ec -1557.618042
1855.0 1870.0 r -220.909454
1870.0 1890.0 k -297.251892
1890.0 1905.0 ssil -233.785629
1905.0 1920.0 ssil -226.876953 HEUS
1920.0 1935.0 h -236.613297
1935.0 1950.0 eu -266.413177
1950.0 1965.0 s -339.085632
1965.0 1980.0 ssil -229.499374
1980.0 1995.0 ssil -196.659210 NIET
1995.0 2025.0 n -387.637085
2025.0 2120.0 i -1163.489502
2120.0 2135.0 ssil -199.593704
2135.0 2150.0 ssil -211.344467 DOOD
2150.0 2220.0 d -929.756836
2220.0 2375.0 o -1752.363647
2375.0 2525.0 t -2007.759155
2525.0 2880.0 ssil -4070.431152
2880.0 3055.0 ssil -1940.871460 MAAR
3055.0 3090.0 m -469.768280
3090.0 3240.0 a -1834.823120
3240.0 3255.0 ssil -232.961792
3255.0 3275.0 ssil -275.896118 IN
3275.0 3315.0 n -568.793396
3315.0 3330.0 ssil -239.937347
3330.0 3345.0 ssil -208.371613 ANDERE
3345.0 3445.0 ac -1345.027344
3445.0 3500.0 n -639.817993
3500.0 3530.0 d -467.193085
3530.0 3615.0 r -1188.769287
3615.0 3630.0 ssil -219.694489
3630.0 3645.0 ssil -220.506561 OPZICHTEN
3645.0 3750.0 oc -1301.567139
3750.0 3765.0 p -215.311295
3765.0 3885.0 s -1721.989624
3885.0 3980.0 ic -1105.012451
3980.0 4050.0 x -1032.934326
4050.0 4095.0 t -663.050903
4095.0 4180.0 @ -945.313110
4180.0 4195.0 ssil -190.265976
4195.0 4210.0 ssil -192.842712 IS
4210.0 4335.0 ic -1543.005249
4335.0 4450.0 s -1487.164917
4450.0 4465.0 ssil -219.462799
4465.0 4480.0 ssil -208.977814 DE
4480.0 4495.0 d -199.344269
4495.0 4510.0 ssil -206.516815
4510.0 4525.0 ssil -182.734024 PRIJS
4525.0 4575.0 p -637.630371
4575.0 4670.0 r -1213.453247
4670.0 4810.0 ei -1694.072876
4810.0 4870.0 s -786.867432
4870.0 4885.0 ssil -219.338303
4885.0 4900.0 ssil -208.325394 SOMS
4900.0 4960.0 s -818.513428
4960.0 4975.0 oc -249.099045
4975.0 5050.0 m -916.138916
5050.0 5105.0 s -743.443298
5105.0 5120.0 ssil -226.287903
5120.0 5135.0 ssil -238.353104 HOGER
5135.0 5170.0 h -463.926880
5170.0 5275.0 o -1108.568604
5275.0 5335.0 gc -821.679688
5335.0 5350.0 ssil -264.012054
5350.0 5365.0 ssil -236.513809 DAN
5365.0 5405.0 d -608.420898
5405.0 5420.0 ac -219.160019
5420.0 5435.0 n -212.179825
5435.0 5450.0 ssil -204.683258
5450.0 5465.0 ssil -200.511169 JE
5465.0 5595.0 j -1534.127563
5595.0 5610.0 ssil -209.017044
5610.0 5625.0 ssil -194.443726 DACHT
5625.0 5665.0 d -540.360229
5665.0 5765.0 ac -1417.980713
5765.0 5860.0 x -1357.020020
5860.0 6000.0 t -1846.369995
6000.0 6385.0 ssil -4347.977051
.
