#!MLF!#
"/net/aistaff/aki/_same-utterance/wav/07/Groningen_and_Drenthe/3526-1454538695-1315070.rec"
0.0 1445.0001 ssil -16684.015625 NATUURLIJK
1445.0001 1520.0001 n -1037.413696
1520.0001 1670.0001 ac -1938.934448
1670.0001 1725.0001 t -791.470947
1725.0001 1850.0001 y -1634.591187
1850.0001 1920.0001 l -1089.970947
1920.0001 1970.0001 @ -691.414001
1970.0001 1985.0001 k -240.096710
1985.0001 2000.0001 ssil -213.022415
2000.0 2025.0 ssil -347.469574 GA
2025.0 2110.0 x -1137.294922
2110.0 2165.0 a -668.795654
2165.0 2180.0 ssil -208.243668
2180.0 2195.0 ssil -206.760239 JE
2195.0 2315.0 j -1565.413330
2315.0 2350.0 ssil -498.487427
2350.0 2365.0 ssil -194.515472 VAN
2365.0 2400.0 f -495.045135
2400.0 2475.0 ac -954.040405
2475.0 2495.0 n -251.587357
2495.0 2510.0 ssil -202.814575
2510.0 2525.0 ssil -198.011978 HARD
2525.0 2660.0 h -1590.569946
2660.0 2720.0 ac -788.658447
2720.0 2740.0 r -276.577179
2740.0 2760.0 ssil -247.317383
2760.0 2855.0 ssil -1310.236206 WERKEN
2855.0 2970.0 w -1296.511963
2970.0 3015.0 ec -585.648560
3015.0 3085.0 r -1010.864807
3085.0 3115.0 k -462.919250
3115.0 3140.0 ssil -358.370605
3140.0 3180.0 ssil -610.354431 HEUS
3180.0 3195.0 h -207.530289
3195.0 3225.0 eu -377.230103
3225.0 3240.0 s -242.715378
3240.0 3255.0 ssil -182.706528
3255.0 3270.0 ssil -201.087479 NIET
3270.0 3330.0 n -833.213135
3330.0 3445.0 i -1391.206787
3445.0 3470.0 ssil -299.115295
3470.0 3555.0 ssil -1092.515503 DOOD
3555.0 3595.0 d -676.974792
3595.0 3880.0 o -3791.224365
3880.0 3895.0 t -220.540176
3895.0 4060.0 ssil -2320.754150
4060.0 5165.0 ssil -13171.002930 MAAR
5165.0 5210.0 m -642.178406
5210.0 5305.0 a -1119.340332
5305.0 5370.0 r -912.784912
5370.0 5385.0 ssil -224.375870
5385.0 5400.0 ssil -226.963165 IN
5400.0 5420.0 n -279.947540
5420.0 5435.0 ssil -245.238663
5435.0 5450.0 ssil -252.368546 ANDERE
5450.0 5550.0 ac -1252.339478
5550.0 5605.0 n -767.431396
5605.0 5630.0 d -454.544037
5630.0 5655.0 @ -376.715881
5655.0 5675.0 r -351.774139
5675.0 5690.0 ssil -251.551849
5690.0 5705.0 ssil -221.082977 OPZICHTEN
5705.0 5895.0 oc -2407.452637
5895.0 5910.0 p -224.491135
5910.0 6035.0 s -1671.961670
6035.0 6120.0 ic -1071.732422
6120.0 6205.0 x -1206.110474
6205.0 6270.0 t -996.507141
6270.0 6345.0 @ -1040.219482
6345.0 6365.0 n -280.143372
6365.0 6380.0 ssil -247.172577
6380.0 6395.0 ssil -230.946548 IS
6395.0 6475.0 ic -1025.814819
6475.0 6575.0 s -1534.921021
6575.0 6590.0 ssil -197.594498
6590.0 6630.0 ssil -515.308472 DE
6630.0 6655.0 d -447.768219
6655.0 6705.0 @ -687.283752
6705.0 6745.0 ssil -508.269135
6745.0 6810.0 ssil -823.850525 PRIJS
6810.0 6845.0 p -517.846436
6845.0 6930.0 r -1371.597656
6930.0 7050.0 ei -1352.835205
7050.0 7105.0 s -755.511719
7105.0 7120.0 ssil -248.914444
7120.0 7135.0 ssil -220.227814 SOMS
7135.0 7185.0 s -732.769714
7185.0 7260.0 oc -939.319763
7260.0 7365.0 m -1467.070068
7365.0 7400.0 s -549.573730
7400.0 7430.0 ssil -458.873810
7430.0 7475.0 ssil -701.830688 HOGER
7475.0 7530.0 h -801.117981
7530.0 7755.0 o -3020.633789
7755.0 7840.0 gc -1247.657715
7840.0 7930.0 @ -1348.103760
7930.0 8000.0 r -997.772827
8000.0 8035.0 ssil -480.275208
8035.0 8350.0 ssil -3842.828857 DAN
8350.0 8365.0 d -229.902313
8365.0 8395.0 ac -392.152985
8395.0 8410.0 n -210.954086
8410.0 8425.0 ssil -204.158432
8425.0 8440.0 ssil -204.848114 JE
8440.0 8620.0 j -2232.100586
8620.0 8635.0 ssil -209.183365
8635.0 8650.0 ssil -186.133606 DACHT
8650.0 8750.0 d -1356.526855
8750.0 8845.0 ac -1099.067017
8845.0 8990.0 x -1854.645020
8990.0 9085.0 t -1275.539062
9085.0 9820.0 ssil -8334.716797
.
