#!MLF!#
"/net/aistaff/aki/_same-utterance/wav/07/Groningen_and_Drenthe/3984-1450773032-760593.rec"
0.0 210.0 ssil -2737.419678 NATUURLIJK
210.0 230.0 n -297.205566
230.0 325.0 t -1442.061401
325.0 395.0 y -834.802490
395.0 445.0 l -615.210388
445.0 490.0 @ -584.736328
490.0 510.0 k -321.905090
510.0 525.0 ssil -237.795013
525.0 540.0 ssil -254.104935 GA
540.0 580.0 x -593.686707
580.0 630.0 a -543.265381
630.0 645.0 ssil -186.726547
645.0 660.0 ssil -198.526047 JE
660.0 675.0 j -228.355499
675.0 690.0 ssil -201.240204
690.0 705.0 ssil -189.475632 VAN
705.0 725.0 v -258.552917
725.0 740.0 ac -194.992706
740.0 770.0 n -367.918121
770.0 785.0 ssil -214.449219
785.0 800.0 ssil -197.967468 HARD
800.0 815.0 h -182.561951
815.0 885.0 ac -790.278748
885.0 900.0 r -221.347794
900.0 915.0 ssil -223.216095
915.0 930.0 ssil -215.267181 WERKEN
930.0 990.0 w -695.703369
990.0 1030.0 ec -398.738312
1030.0 1045.0 r -198.468399
1045.0 1060.0 k -225.358871
1060.0 1075.0 ssil -174.829819
1075.0 1090.0 ssil -182.121292 HEUS
1090.0 1105.0 h -185.618393
1105.0 1135.0 eu -384.480164
1135.0 1150.0 s -268.822174
1150.0 1165.0 ssil -240.057938
1165.0 1180.0 ssil -241.602539 NIET
1180.0 1220.0 n -508.152496
1220.0 1300.0 i -1074.317139
1300.0 1315.0 ssil -211.983780
1315.0 1330.0 ssil -190.121277 DOOD
1330.0 1385.0 d -819.673767
1385.0 1555.0 o -1850.611816
1555.0 1575.0 t -284.992401
1575.0 1675.0 ssil -1281.259521
1675.0 2110.0 ssil -5194.461426 MAAR
2110.0 2125.0 m -244.433044
2125.0 2140.0 a -206.647018
2140.0 2210.0 r -903.226562
2210.0 2225.0 ssil -205.240662
2225.0 2240.0 ssil -216.484528 IN
2240.0 2270.0 n -411.621063
2270.0 2285.0 ssil -259.658813
2285.0 2300.0 ssil -240.947769 ANDERE
2300.0 2385.0 ac -1005.938782
2385.0 2445.0 n -712.842957
2445.0 2465.0 d -297.264160
2465.0 2480.0 r -210.110825
2480.0 2495.0 ssil -195.616623
2495.0 2510.0 ssil -194.158554 OPZICHTEN
2510.0 2610.0 oc -1143.754517
2610.0 2640.0 p -423.389160
2640.0 2710.0 s -938.177063
2710.0 2775.0 ic -729.741699
2775.0 2815.0 x -527.443848
2815.0 2830.0 t -232.196106
2830.0 2845.0 @ -229.332916
2845.0 2885.0 ssil -579.772095
2885.0 2900.0 ssil -236.466461 IS
2900.0 2980.0 ic -1020.460815
2980.0 3005.0 s -329.432159
3005.0 3020.0 ssil -197.394348
3020.0 3035.0 ssil -205.698853 DE
3035.0 3050.0 d -198.901337
3050.0 3070.0 @ -254.021988
3070.0 3085.0 ssil -208.746628
3085.0 3110.0 ssil -359.544128 PRIJS
3110.0 3165.0 p -768.607239
3165.0 3210.0 r -554.112915
3210.0 3295.0 ei -948.864685
3295.0 3320.0 s -370.961456
3320.0 3335.0 ssil -234.861542
3335.0 3350.0 ssil -231.060257 SOMS
3350.0 3380.0 s -426.086700
3380.0 3425.0 oc -532.592285
3425.0 3485.0 m -741.052917
3485.0 3500.0 s -240.998489
3500.0 3515.0 ssil -163.158691
3515.0 3530.0 ssil -191.617050 HOGER
3530.0 3550.0 h -255.687546
3550.0 3740.0 o -1963.979370
3740.0 3755.0 x -253.980881
3755.0 3770.0 ssil -224.961166
3770.0 3785.0 ssil -203.692612 DAN
3785.0 3815.0 d -422.069855
3815.0 3880.0 ac -718.009888
3880.0 3915.0 n -429.337616
3915.0 3930.0 ssil -209.426804
3930.0 3945.0 ssil -194.949905 JE
3945.0 3960.0 j -210.982895
3960.0 4125.0 @ -1706.170654
4125.0 4140.0 ssil -235.450577
4140.0 4155.0 ssil -234.464874 DACHT
4155.0 4235.0 d -1058.463867
4235.0 4365.0 ac -1544.497681
4365.0 4460.0 x -1229.850830
4460.0 4520.0 t -846.449829
4520.0 4735.0 ssil -2476.215088
.
