#!MLF!#
"/net/aistaff/aki/_same-utterance/wav/07/Groningen_and_Drenthe/4357-1450305843-704544.rec"
0.0 780.0 ssil -9360.230469 NATUURLIJK
780.0 810.0 n -420.416138
810.0 905.0 @ -1097.003784
905.0 990.0 t -1174.998413
990.0 1070.0 y -978.569702
1070.0 1130.0 r -800.820801
1130.0 1230.0 @ -1376.584351
1230.0 1245.0 k -237.485794
1245.0 1260.0 ssil -226.004700
1260.0 1275.0 ssil -205.124222 GA
1275.0 1375.0 x -1375.917480
1375.0 1445.0 a -823.854797
1445.0 1460.0 ssil -216.791855
1460.0 1475.0 ssil -211.382645 JE
1475.0 1560.0 j -1043.730591
1560.0 1575.0 ssil -194.118546
1575.0 1595.0 ssil -245.353333 VAN
1595.0 1640.0 f -561.173157
1640.0 1700.0 ac -760.465271
1700.0 1735.0 n -443.795227
1735.0 1750.0 ssil -210.652283
1750.0 1765.0 ssil -223.427979 HARD
1765.0 1845.0 h -1008.100952
1845.0 1880.0 ac -482.031647
1880.0 1965.0 r -1188.739624
1965.0 2000.0 t -459.826782
2000.0 2015.0 ssil -195.451477
2015.0 2035.0 ssil -263.377655 WERKEN
2035.0 2060.0 w -341.046204
2060.0 2150.0 ec -1008.877502
2150.0 2165.0 r -182.199982
2165.0 2180.0 k -239.106049
2180.0 2195.0 ssil -220.147400
2195.0 2210.0 ssil -216.379211 HEUS
2210.0 2225.0 h -195.842804
2225.0 2245.0 eu -346.766052
2245.0 2260.0 s -269.090607
2260.0 2300.0 ssil -560.788391
2300.0 2315.0 ssil -225.648575 NIET
2315.0 2385.0 n -805.372131
2385.0 2500.0 i -1387.831665
2500.0 2515.0 ssil -227.507095
2515.0 2560.0 ssil -602.694336 DOOD
2560.0 2655.0 d -1268.622925
2655.0 2800.0 o -1845.138550
2800.0 2910.0 t -1362.083496
2910.0 2965.0 ssil -767.535461
2965.0 3450.0 ssil -5383.247070 MAAR
3450.0 3465.0 m -232.583389
3465.0 3535.0 a -888.226318
3535.0 3550.0 ssil -253.688766
3550.0 3565.0 ssil -232.733658 IN
3565.0 3635.0 ic -818.059204
3635.0 3680.0 n -556.780457
3680.0 3700.0 ssil -264.815308
3700.0 3735.0 ssil -532.240662 ANDERE
3735.0 3825.0 ac -1084.466431
3825.0 3875.0 n -610.586121
3875.0 3895.0 d -289.434692
3895.0 3950.0 r -856.838562
3950.0 3970.0 @ -311.731079
3970.0 3985.0 ssil -252.080475
3985.0 4000.0 ssil -234.009415 OPZICHTEN
4000.0 4180.0 oc -2328.874512
4180.0 4200.0 p -320.765228
4200.0 4295.0 s -1225.935913
4295.0 4370.0 ic -996.559143
4370.0 4445.0 x -1071.491333
4445.0 4490.0 t -571.465332
4490.0 4560.0 @ -877.659729
4560.0 4625.0 n -785.371582
4625.0 4640.0 ssil -222.392319
4640.0 4655.0 ssil -216.881424 IS
4655.0 4740.0 ic -1149.219971
4740.0 4785.0 s -606.083801
4785.0 4800.0 ssil -218.688187
4800.0 4815.0 ssil -225.760406 DE
4815.0 4835.0 d -295.180756
4835.0 4865.0 @ -384.688568
4865.0 4885.0 ssil -229.120743
4885.0 4900.0 ssil -178.953522 PRIJS
4900.0 4970.0 p -932.656921
4970.0 5005.0 r -506.873779
5005.0 5170.0 ei -2094.491943
5170.0 5210.0 s -517.085266
5210.0 5225.0 ssil -192.734406
5225.0 5240.0 ssil -199.689102 SOMS
5240.0 5305.0 s -924.373413
5305.0 5335.0 oc -397.666504
5335.0 5420.0 m -1059.638794
5420.0 5495.0 s -1041.628296
5495.0 5510.0 ssil -206.865753
5510.0 5535.0 ssil -339.860229 HOGER
5535.0 5575.0 h -477.176727
5575.0 5705.0 o -1632.340454
5705.0 5805.0 x -1354.181030
5805.0 5820.0 ssil -219.058731
5820.0 5835.0 ssil -227.957550 DAN
5835.0 5865.0 d -435.887604
5865.0 5890.0 ac -322.344574
5890.0 5910.0 n -247.079483
5910.0 5925.0 ssil -205.014481
5925.0 5940.0 ssil -198.424942 JE
5940.0 6105.0 j -1915.833008
6105.0 6120.0 ssil -177.940689
6120.0 6135.0 ssil -171.853027 DACHT
6135.0 6150.0 d -205.932068
6150.0 6170.0 ac -244.590118
6170.0 6350.0 x -2353.788086
6350.0 6405.0 t -757.471497
6405.0 6825.0 ssil -4763.075195
.
