#!MLF!#
"/net/aistaff/aki/_same-utterance/wav/07/Groningen_and_Drenthe/4406-1453647134-926444.rec"
0.0 340.0 ssil -4218.582031 NATUURLIJK
340.0 445.0 n -1546.707153
445.0 510.0 t -921.205139
510.0 560.0 y -597.962219
560.0 585.0 r -341.960632
585.0 625.0 l -534.363770
625.0 665.0 @ -574.393005
665.0 690.0 k -356.996185
690.0 705.0 ssil -213.818069
705.0 720.0 ssil -227.577408 GA
720.0 785.0 x -890.098938
785.0 830.0 a -552.965393
830.0 845.0 ssil -172.233704
845.0 860.0 ssil -183.639526 JE
860.0 885.0 j -306.387665
885.0 900.0 ssil -208.452927
900.0 915.0 ssil -205.096771 VAN
915.0 975.0 f -781.856873
975.0 1130.0 ac -1815.839111
1130.0 1145.0 n -235.931931
1145.0 1160.0 ssil -228.968231
1160.0 1175.0 ssil -231.527176 HARD
1175.0 1190.0 h -206.063309
1190.0 1205.0 ac -228.357376
1205.0 1220.0 r -191.102066
1220.0 1235.0 ssil -178.741989
1235.0 1250.0 ssil -187.779984 WERKEN
1250.0 1270.0 w -251.380966
1270.0 1300.0 ec -323.721375
1300.0 1350.0 r -551.866577
1350.0 1365.0 k -239.874817
1365.0 1380.0 ssil -217.175079
1380.0 1395.0 ssil -213.570084 HEUS
1395.0 1410.0 h -247.791901
1410.0 1425.0 eu -246.327240
1425.0 1445.0 s -281.755951
1445.0 1460.0 ssil -207.249527
1460.0 1475.0 ssil -221.231506 NIET
1475.0 1545.0 n -932.155945
1545.0 1605.0 i -717.107056
1605.0 1620.0 ssil -210.785873
1620.0 1635.0 ssil -201.555893 DOOD
1635.0 1720.0 d -1154.398438
1720.0 1900.0 o -2211.381104
1900.0 2050.0 t -2088.864746
2050.0 2110.0 ssil -825.875732
2110.0 2170.0 ssil -894.060364 MAAR
2170.0 2230.0 m -875.393250
2230.0 2290.0 a -752.878357
2290.0 2315.0 r -315.122223
2315.0 2330.0 ssil -210.852890
2330.0 2345.0 ssil -253.202118 IN
2345.0 2390.0 n -704.655640
2390.0 2405.0 ssil -239.139908
2405.0 2450.0 ssil -706.554504 ANDERE
2450.0 2515.0 ac -826.296265
2515.0 2585.0 n -894.078369
2585.0 2600.0 d -226.692047
2600.0 2615.0 r -208.827316
2615.0 2630.0 ssil -221.055130
2630.0 2645.0 ssil -209.021851 OPZICHTEN
2645.0 2815.0 oc -2124.709229
2815.0 2885.0 p -1017.514343
2885.0 2960.0 s -988.458618
2960.0 3030.0 ic -847.123474
3030.0 3085.0 x -748.463989
3085.0 3160.0 t -1016.091064
3160.0 3185.0 @ -303.471863
3185.0 3245.0 n -772.100769
3245.0 3260.0 ssil -257.080200
3260.0 3275.0 ssil -253.980377 IS
3275.0 3330.0 ic -716.569031
3330.0 3425.0 s -1288.841797
3425.0 3445.0 ssil -295.320190
3445.0 3460.0 ssil -213.211426 DE
3460.0 3475.0 d -217.752472
3475.0 3495.0 ssil -285.054016
3495.0 3510.0 ssil -218.265472 PRIJS
3510.0 3540.0 p -455.121796
3540.0 3595.0 r -735.665344
3595.0 3730.0 ei -1575.291260
3730.0 3765.0 s -470.279449
3765.0 3780.0 ssil -202.699036
3780.0 3795.0 ssil -215.646881 SOMS
3795.0 3845.0 s -762.313354
3845.0 3890.0 oc -594.325134
3890.0 3960.0 m -956.071655
3960.0 3995.0 s -524.283081
3995.0 4010.0 ssil -231.096497
4010.0 4025.0 ssil -221.421310 HOGER
4025.0 4040.0 h -204.816757
4040.0 4235.0 o -2369.965088
4235.0 4310.0 gc -1078.577026
4310.0 4325.0 ssil -226.055771
4325.0 4340.0 ssil -212.180237 DAN
4340.0 4395.0 d -765.175354
4395.0 4420.0 ac -332.401611
4420.0 4435.0 n -220.658020
4435.0 4450.0 ssil -212.356674
4450.0 4465.0 ssil -196.644836 JE
4465.0 4555.0 j -935.607422
4555.0 4570.0 ssil -212.240768
4570.0 4585.0 ssil -209.258926 DACHT
4585.0 4640.0 d -679.639648
4640.0 4745.0 ac -1288.911987
4745.0 4850.0 x -1392.550659
4850.0 5005.0 t -2053.249756
5005.0 5455.0 ssil -5782.400391
.
