#!MLF!#
"/net/aistaff/aki/_same-utterance/wav/07/Groningen_and_Drenthe/4616-1450898006-770687.rec"
0.0 15.0 ssil -142.543793 NATUURLIJK
15.0 670.0 n -5445.736816
670.0 705.0 @ -428.781891
705.0 860.0 t -2119.536865
860.0 965.0 y -1279.202881
965.0 1005.0 r -590.376221
1005.0 1030.0 l -381.593445
1030.0 1125.0 @ -1351.827637
1125.0 1145.0 k -293.591370
1145.0 1160.0 ssil -213.204742
1160.0 1175.0 ssil -202.686691 GA
1175.0 1230.0 x -679.342041
1230.0 1315.0 a -886.909851
1315.0 1330.0 ssil -192.541367
1330.0 1345.0 ssil -213.309570 JE
1345.0 1360.0 j -232.356705
1360.0 1380.0 ssil -327.086151
1380.0 1430.0 ssil -860.380005 VAN
1430.0 1450.0 v -319.660797
1450.0 1485.0 ac -488.089325
1485.0 1510.0 n -317.280212
1510.0 1525.0 ssil -215.285690
1525.0 1540.0 ssil -218.600784 HARD
1540.0 1590.0 h -625.013916
1590.0 1605.0 ac -197.932709
1605.0 1670.0 r -863.835388
1670.0 1745.0 t -1163.667114
1745.0 1760.0 ssil -216.453262
1760.0 1775.0 ssil -230.699951 WERKEN
1775.0 1800.0 w -324.541199
1800.0 1865.0 ec -697.067688
1865.0 1925.0 r -727.946716
1925.0 1940.0 k -231.328064
1940.0 1955.0 ssil -195.661926
1955.0 1970.0 ssil -231.885315 HEUS
1970.0 1985.0 h -266.652039
1985.0 2000.0 eu -301.943176
2000.0 2025.0 s -427.909454
2025.0 2040.0 ssil -219.406158
2040.0 2055.0 ssil -193.261963 NIET
2055.0 2100.0 n -467.119873
2100.0 2165.0 i -897.311279
2165.0 2180.0 ssil -191.331528
2180.0 2195.0 ssil -191.561874 DOOD
2195.0 2270.0 d -1081.367676
2270.0 2430.0 o -1760.756592
2430.0 2560.0 t -2035.160156
2560.0 2625.0 ssil -827.914246
2625.0 2720.0 ssil -1147.828003 MAAR
2720.0 2750.0 m -401.185089
2750.0 2780.0 a -394.712891
2780.0 2815.0 r -449.448334
2815.0 2830.0 ssil -196.813812
2830.0 2845.0 ssil -185.040024 IN
2845.0 2890.0 n -612.306152
2890.0 2910.0 ssil -307.734558
2910.0 2945.0 ssil -594.489441 ANDERE
2945.0 3010.0 ac -848.945007
3010.0 3075.0 n -840.885132
3075.0 3090.0 d -230.327927
3090.0 3110.0 @ -280.248291
3110.0 3130.0 r -302.340057
3130.0 3145.0 ssil -231.636719
3145.0 3160.0 ssil -222.571106 OPZICHTEN
3160.0 3260.0 oc -1285.488403
3260.0 3275.0 p -246.693024
3275.0 3400.0 s -1864.480347
3400.0 3480.0 ic -989.189453
3480.0 3505.0 x -363.850616
3505.0 3610.0 t -1597.059570
3610.0 3725.0 @ -1394.203369
3725.0 3835.0 ssil -1333.468384
3835.0 3880.0 ssil -583.364563 IS
3880.0 3935.0 ic -893.580200
3935.0 3975.0 s -642.275024
3975.0 3990.0 ssil -265.959259
3990.0 4015.0 ssil -449.726562 DE
4015.0 4030.0 d -262.454468
4030.0 4070.0 @ -518.825806
4070.0 4095.0 ssil -319.250214
4095.0 4120.0 ssil -323.627747 PRIJS
4120.0 4160.0 p -562.162476
4160.0 4210.0 r -683.957642
4210.0 4335.0 ei -1484.667603
4335.0 4380.0 s -577.666138
4380.0 4395.0 ssil -225.813889
4395.0 4410.0 ssil -209.547760 SOMS
4410.0 4435.0 s -335.027527
4435.0 4490.0 oc -741.582397
4490.0 4525.0 m -522.835449
4525.0 4600.0 s -1065.194824
4600.0 4620.0 ssil -278.615051
4620.0 4640.0 ssil -302.252167 HOGER
4640.0 4665.0 h -317.921295
4665.0 4785.0 o -1353.470215
4785.0 4880.0 gc -1419.332275
4880.0 4915.0 @ -476.449219
4915.0 4930.0 ssil -229.729477
4930.0 4945.0 ssil -245.592606 DAN
4945.0 4970.0 d -388.906799
4970.0 5000.0 ac -451.998566
5000.0 5015.0 n -235.929626
5015.0 5030.0 ssil -225.114410
5030.0 5045.0 ssil -216.103195 JE
5045.0 5150.0 j -1261.945679
5150.0 5165.0 ssil -235.298035
5165.0 5180.0 ssil -230.571732 DACHT
5180.0 5240.0 d -860.220154
5240.0 5345.0 ac -1207.379272
5345.0 5395.0 x -755.178467
5395.0 5410.0 ssil -215.156830
.
