#!MLF!#
"/net/aistaff/aki/_same-utterance/wav/07/Groningen_and_Drenthe/7039-1454587685-1323536.rec"
0.0 515.0 ssil -6236.965332 NATUURLIJK
515.0 580.0 n -803.283752
580.0 670.0 a -1141.497559
670.0 755.0 t -1164.820801
755.0 920.0 y -1903.555664
920.0 985.0 r -874.789185
985.0 1020.0 @ -511.798218
1020.0 1045.0 k -368.851776
1045.0 1060.0 ssil -211.286362
1060.0 1090.0 ssil -370.275208 GA
1090.0 1135.0 x -600.394470
1135.0 1210.0 a -877.992065
1210.0 1225.0 ssil -209.825562
1225.0 1240.0 ssil -206.204330 JE
1240.0 1325.0 j -1020.185669
1325.0 1345.0 ssil -254.232758
1345.0 1400.0 ssil -639.602478 VAN
1400.0 1430.0 v -391.508026
1430.0 1465.0 ac -472.368347
1465.0 1505.0 n -474.152679
1505.0 1520.0 ssil -203.031784
1520.0 1535.0 ssil -220.205734 HARD
1535.0 1620.0 h -1017.013000
1620.0 1650.0 ac -384.517944
1650.0 1735.0 r -1107.128052
1735.0 1825.0 t -1139.139404
1825.0 1840.0 ssil -199.279984
1840.0 1870.0 ssil -385.506744 WERKEN
1870.0 1890.0 w -257.543304
1890.0 1970.0 ec -876.510498
1970.0 1990.0 r -274.597382
1990.0 2005.0 k -235.830292
2005.0 2020.0 ssil -227.918945
2020.0 2035.0 ssil -202.834335 HEUS
2035.0 2050.0 h -207.428024
2050.0 2065.0 eu -203.488022
2065.0 2080.0 s -239.631744
2080.0 2095.0 ssil -217.372360
2095.0 2115.0 ssil -322.727875 NIET
2115.0 2265.0 n -1770.026978
2265.0 2345.0 i -993.976135
2345.0 2360.0 ssil -212.065521
2360.0 2375.0 ssil -203.348511 DOOD
2375.0 2480.0 d -1421.109131
2480.0 2665.0 o -2105.000732
2665.0 2740.0 t -1026.701416
2740.0 2980.0 ssil -2724.059570
2980.0 3055.0 ssil -938.047485 MAAR
3055.0 3070.0 m -252.764191
3070.0 3140.0 a -793.661865
3140.0 3155.0 ssil -207.173096
3155.0 3170.0 ssil -197.878540 IN
3170.0 3225.0 ic -645.955017
3225.0 3300.0 n -954.439697
3300.0 3315.0 ssil -211.678436
3315.0 3330.0 ssil -217.842789 ANDERE
3330.0 3425.0 ac -1220.884277
3425.0 3485.0 n -716.017151
3485.0 3510.0 d -323.698059
3510.0 3550.0 r -546.500366
3550.0 3565.0 ssil -226.335648
3565.0 3580.0 ssil -238.637283 OPZICHTEN
3580.0 3740.0 oc -2130.098145
3740.0 3765.0 p -392.175323
3765.0 3865.0 s -1428.963623
3865.0 3960.0 ic -1268.619995
3960.0 4005.0 x -618.237488
4005.0 4070.0 t -857.023010
4070.0 4105.0 @ -477.221924
4105.0 4155.0 n -593.917786
4155.0 4170.0 ssil -198.701981
4170.0 4190.0 ssil -300.714417 IS
4190.0 4245.0 ic -742.017822
4245.0 4365.0 s -1619.056641
4365.0 4380.0 ssil -222.360550
4380.0 4395.0 ssil -231.791183 DE
4395.0 4410.0 d -237.881271
4410.0 4425.0 ssil -209.716736
4425.0 4440.0 ssil -200.007401 PRIJS
4440.0 4475.0 p -546.939209
4475.0 4530.0 r -840.665100
4530.0 4680.0 ei -1663.836304
4680.0 4710.0 s -389.681488
4710.0 4725.0 ssil -214.496689
4725.0 4740.0 ssil -216.349030 SOMS
4740.0 4850.0 s -1433.719238
4850.0 4880.0 oc -360.693146
4880.0 4950.0 m -857.669128
4950.0 5000.0 s -676.563232
5000.0 5015.0 ssil -217.141388
5015.0 5030.0 ssil -213.169189 HOGER
5030.0 5135.0 h -1288.005249
5135.0 5290.0 o -1779.479248
5290.0 5375.0 gc -1161.960205
5375.0 5425.0 r -665.797791
5425.0 5445.0 ssil -281.264709
5445.0 5495.0 ssil -605.154053 DAN
5495.0 5550.0 d -752.986267
5550.0 5595.0 ac -606.368774
5595.0 5655.0 n -771.402954
5655.0 5670.0 ssil -182.217255
5670.0 5685.0 ssil -181.954651 JE
5685.0 5750.0 j -790.062134
5750.0 5765.0 ssil -190.270020
5765.0 5780.0 ssil -201.788864 DACHT
5780.0 5820.0 d -573.267700
5820.0 5915.0 ac -1196.307861
5915.0 6100.0 x -2313.685547
6100.0 6265.0 t -2085.209229
6265.0 6875.0 ssil -7316.817383
.
