#!MLF!#
"/net/aistaff/aki/_same-utterance/wav/07/Groningen_and_Drenthe/7140-1454522342-1298412.rec"
0.0 470.0 ssil -5648.458496 NATUURLIJK
470.0 485.0 n -230.493057
485.0 600.0 @ -1548.343628
600.0 640.0 t -561.312073
640.0 725.0 y -1073.817749
725.0 760.0 r -458.584595
760.0 805.0 l -579.696289
805.0 835.0 @ -440.813049
835.0 865.0 k -449.034027
865.0 880.0 ssil -215.918610
880.0 910.0 ssil -443.494354 GA
910.0 975.0 x -867.824890
975.0 1075.0 a -1118.286255
1075.0 1090.0 ssil -178.959213
1090.0 1105.0 ssil -177.170273 JE
1105.0 1140.0 j -410.119019
1140.0 1165.0 ssil -323.868713
1165.0 1190.0 ssil -323.615753 VAN
1190.0 1245.0 v -702.241821
1245.0 1270.0 ac -302.728424
1270.0 1285.0 n -207.766678
1285.0 1300.0 ssil -193.194595
1300.0 1315.0 ssil -189.125000 HARD
1315.0 1385.0 h -857.495850
1385.0 1400.0 ac -199.225021
1400.0 1510.0 r -1438.947266
1510.0 1525.0 ssil -193.300644
1525.0 1540.0 ssil -190.839996 WERKEN
1540.0 1570.0 w -335.288422
1570.0 1710.0 ec -1362.524658
1710.0 1725.0 r -217.756744
1725.0 1740.0 k -227.279846
1740.0 1755.0 ssil -203.517761
1755.0 1780.0 ssil -412.112579 HEUS
1780.0 1795.0 h -300.032684
1795.0 1810.0 eu -263.655792
1810.0 1825.0 s -258.937866
1825.0 1840.0 ssil -231.358490
1840.0 1855.0 ssil -201.729828 NIET
1855.0 1885.0 n -369.405334
1885.0 1965.0 i -994.914673
1965.0 1980.0 ssil -213.720840
1980.0 1995.0 ssil -194.798645 DOOD
1995.0 2085.0 d -1237.212769
2085.0 2325.0 o -2996.098877
2325.0 2455.0 t -1899.284546
2455.0 2680.0 ssil -2944.635986
2680.0 2720.0 ssil -555.670410 MAAR
2720.0 2770.0 m -683.280518
2770.0 2885.0 a -1240.406860
2885.0 2900.0 ssil -218.319077
2900.0 2915.0 ssil -209.889160 IN
2915.0 2980.0 n -797.260742
2980.0 2995.0 ssil -211.899078
2995.0 3010.0 ssil -219.203766 ANDERE
3010.0 3170.0 ac -2103.475586
3170.0 3195.0 n -416.426697
3195.0 3215.0 d -306.963440
3215.0 3235.0 r -304.594116
3235.0 3250.0 ssil -225.718475
3250.0 3265.0 ssil -228.470398 OPZICHTEN
3265.0 3480.0 oc -2851.813721
3480.0 3495.0 p -226.783585
3495.0 3615.0 s -1531.725220
3615.0 3705.0 ic -1107.181885
3705.0 3755.0 x -692.516418
3755.0 3790.0 t -464.276093
3790.0 3805.0 @ -207.314316
3805.0 3835.0 ssil -423.283936
3835.0 3860.0 ssil -389.306152 IS
3860.0 3985.0 ic -1582.448730
3985.0 4050.0 s -950.953186
4050.0 4085.0 ssil -494.205353
4085.0 4125.0 ssil -602.816040 DE
4125.0 4175.0 d -641.381348
4175.0 4190.0 ssil -186.231949
4190.0 4205.0 ssil -188.465332 PRIJS
4205.0 4225.0 p -296.739563
4225.0 4270.0 r -691.461182
4270.0 4395.0 ei -1510.114136
4395.0 4415.0 s -304.727386
4415.0 4430.0 ssil -225.931839
4430.0 4445.0 ssil -211.056320 SOMS
4445.0 4515.0 s -936.104309
4515.0 4530.0 oc -222.066391
4530.0 4610.0 m -905.716797
4610.0 4670.0 s -827.015198
4670.0 4685.0 ssil -205.008911
4685.0 4700.0 ssil -210.172272 HOGER
4700.0 4765.0 h -816.406006
4765.0 4885.0 o -1444.028931
4885.0 4980.0 gc -1402.084351
4980.0 5030.0 r -659.589233
5030.0 5045.0 ssil -210.070724
5045.0 5060.0 ssil -223.182404 DAN
5060.0 5100.0 d -641.744812
5100.0 5115.0 ac -213.589401
5115.0 5130.0 n -200.788712
5130.0 5145.0 ssil -190.345947
5145.0 5160.0 ssil -188.930649 JE
5160.0 5275.0 j -1238.839355
5275.0 5290.0 ssil -209.190277
5290.0 5305.0 ssil -198.644638 DACHT
5305.0 5365.0 d -889.403015
5365.0 5485.0 ac -1453.466309
5485.0 5620.0 x -1737.858276
5620.0 5710.0 ssil -1277.429077
.
