#!MLF!#
"/net/aistaff/aki/_same-utterance/wav/07/Groningen_and_Drenthe/7790-1456079891-1492045.rec"
0.0 15.0 ssil -153.442505 NATUURLIJK
15.0 30.0 n -148.398651
30.0 555.0 a -4403.001465
555.0 640.0 t -1151.466064
640.0 870.0 y -3003.073242
870.0 895.0 k -365.940033
895.0 920.0 ssil -318.034912
920.0 960.0 ssil -477.432343 GA
960.0 1005.0 x -592.936707
1005.0 1115.0 a -1278.608765
1115.0 1130.0 ssil -193.951355
1130.0 1145.0 ssil -197.030258 JE
1145.0 1160.0 j -221.559906
1160.0 1180.0 ssil -272.457062
1180.0 1195.0 ssil -199.092667 VAN
1195.0 1245.0 v -632.107056
1245.0 1270.0 ac -290.242523
1270.0 1305.0 n -434.949188
1305.0 1320.0 ssil -222.784378
1320.0 1335.0 ssil -203.504150 HARD
1335.0 1455.0 h -1451.963379
1455.0 1470.0 ac -225.243729
1470.0 1505.0 r -504.190033
1505.0 1585.0 ssil -1063.828491
1585.0 1615.0 ssil -423.060913 WERKEN
1615.0 1675.0 w -676.337830
1675.0 1700.0 ec -264.607513
1700.0 1735.0 r -413.318115
1735.0 1750.0 k -249.152573
1750.0 1765.0 ssil -226.170990
1765.0 1780.0 ssil -220.416672 HEUS
1780.0 1795.0 h -205.971390
1795.0 1815.0 eu -296.152893
1815.0 1835.0 s -325.303955
1835.0 1860.0 ssil -395.215179
1860.0 1895.0 ssil -513.067688 NIET
1895.0 1995.0 n -1228.258423
1995.0 2130.0 i -1899.552124
2130.0 2145.0 ssil -219.987427
2145.0 2160.0 ssil -218.512589 DOOD
2160.0 2220.0 d -801.560974
2220.0 2450.0 o -2802.363770
2450.0 2540.0 t -1156.270630
2540.0 2565.0 ssil -347.277863
2565.0 2710.0 ssil -1809.208252 MAAR
2710.0 2745.0 m -516.343018
2745.0 2775.0 a -354.107147
2775.0 2890.0 r -1510.300171
2890.0 2905.0 ssil -212.005295
2905.0 2920.0 ssil -236.001266 IN
2920.0 2935.0 n -253.024307
2935.0 2950.0 ssil -222.959290
2950.0 2965.0 ssil -219.510040 ANDERE
2965.0 3080.0 ac -1283.115601
3080.0 3125.0 n -547.468689
3125.0 3150.0 d -342.685242
3150.0 3195.0 r -617.785828
3195.0 3235.0 @ -484.679596
3235.0 3250.0 ssil -205.745667
3250.0 3265.0 ssil -206.235977 OPZICHTEN
3265.0 3420.0 oc -1942.424561
3420.0 3445.0 p -387.873047
3445.0 3530.0 s -1125.723755
3530.0 3595.0 ic -789.117371
3595.0 3660.0 x -918.357117
3660.0 3735.0 t -963.109253
3735.0 3790.0 @ -621.532837
3790.0 3805.0 ssil -206.245132
3805.0 3820.0 ssil -190.318848 IS
3820.0 3880.0 ic -733.864990
3880.0 3925.0 s -608.796326
3925.0 3940.0 ssil -231.384506
3940.0 3955.0 ssil -236.861969 DE
3955.0 3970.0 d -223.662445
3970.0 3985.0 ssil -201.755173
3985.0 4000.0 ssil -191.027267 PRIJS
4000.0 4105.0 p -1296.091064
4105.0 4250.0 r -1852.202393
4250.0 4305.0 ei -683.165894
4305.0 4455.0 s -1787.141968
4455.0 4470.0 ssil -194.968964
4470.0 4485.0 ssil -217.778702 SOMS
4485.0 4605.0 s -1613.183105
4605.0 4685.0 oc -1033.434448
4685.0 4730.0 m -627.958008
4730.0 4760.0 s -440.260834
4760.0 4775.0 ssil -216.672546
4775.0 4790.0 ssil -202.625504 HOGER
4790.0 4855.0 h -732.568726
4855.0 4960.0 o -1157.796143
4960.0 5040.0 gc -1130.381592
5040.0 5075.0 r -449.638489
5075.0 5090.0 ssil -213.923508
5090.0 5105.0 ssil -231.899719 DAN
5105.0 5125.0 d -281.237183
5125.0 5140.0 ac -211.547806
5140.0 5155.0 n -200.602417
5155.0 5170.0 ssil -199.887527
5170.0 5185.0 ssil -193.685440 JE
5185.0 5230.0 j -492.217072
5230.0 5270.0 @ -483.921967
5270.0 5285.0 ssil -227.653595
5285.0 5300.0 ssil -250.454819 DACHT
5300.0 5330.0 d -424.114868
5330.0 5440.0 ac -1477.207520
5440.0 5590.0 x -1913.320190
5590.0 5665.0 t -987.064453
5665.0 6015.0 ssil -4148.943848
.
