#!MLF!#
"/net/aistaff/aki/_same-utterance/wav/07/Groningen_and_Drenthe/7955-1463166599-1813012.rec"
0.0 770.0 ssil -8785.939453 NATUURLIJK
770.0 785.0 n -246.098404
785.0 890.0 @ -1407.328735
890.0 940.0 d -736.337830
940.0 1065.0 y -1432.555054
1065.0 1095.0 @ -385.360992
1095.0 1110.0 k -197.493835
1110.0 1130.0 ssil -233.751343
1130.0 1195.0 ssil -802.180481 GA
1195.0 1240.0 x -583.172913
1240.0 1310.0 a -812.894409
1310.0 1325.0 ssil -191.899597
1325.0 1340.0 ssil -203.138687 JE
1340.0 1405.0 j -722.674683
1405.0 1420.0 ssil -177.946808
1420.0 1455.0 ssil -421.418396 VAN
1455.0 1470.0 v -192.625397
1470.0 1485.0 ac -213.616852
1485.0 1575.0 n -968.604919
1575.0 1590.0 ssil -201.028473
1590.0 1605.0 ssil -197.617767 HARD
1605.0 1665.0 h -674.953064
1665.0 1705.0 ac -500.316345
1705.0 1765.0 r -749.984680
1765.0 1820.0 ssil -696.873352
1820.0 1855.0 ssil -435.817474 WERKEN
1855.0 1890.0 w -457.834167
1890.0 2065.0 ec -1946.347412
2065.0 2080.0 r -213.517242
2080.0 2100.0 k -275.113403
2100.0 2180.0 @ -841.660828
2180.0 2195.0 ssil -166.316391
2195.0 2220.0 ssil -280.553009 HEUS
2220.0 2300.0 h -856.763245
2300.0 2390.0 eu -964.270813
2390.0 2415.0 s -340.202087
2415.0 2445.0 ssil -400.463135
2445.0 2505.0 ssil -784.850891 NIET
2505.0 2525.0 n -271.346161
2525.0 2635.0 i -1225.609375
2635.0 2655.0 ssil -280.786835
2655.0 2670.0 ssil -180.938583 DOOD
2670.0 2770.0 d -1235.781128
2770.0 2990.0 o -2471.738525
2990.0 3075.0 t -1056.911377
3075.0 3215.0 ssil -1578.366211
3215.0 3240.0 ssil -307.380280 MAAR
3240.0 3280.0 m -542.007874
3280.0 3385.0 a -1112.736450
3385.0 3425.0 r -489.758911
3425.0 3440.0 ssil -190.336349
3440.0 3455.0 ssil -194.153137 IN
3455.0 3530.0 ic -842.189453
3530.0 3625.0 n -1114.567017
3625.0 3650.0 ssil -303.840088
3650.0 3680.0 ssil -445.429749 ANDERE
3680.0 3805.0 ac -1565.828735
3805.0 3870.0 n -711.272461
3870.0 3885.0 d -202.503937
3885.0 3915.0 r -375.449646
3915.0 3930.0 ssil -195.750092
3930.0 3945.0 ssil -195.561432 OPZICHTEN
3945.0 4135.0 oc -2350.808594
4135.0 4160.0 p -388.518250
4160.0 4240.0 s -1049.238892
4240.0 4300.0 ic -780.848816
4300.0 4345.0 x -614.031494
4345.0 4360.0 t -213.442566
4360.0 4375.0 @ -212.701675
4375.0 4395.0 ssil -261.175873
4395.0 4445.0 ssil -637.959839 IS
4445.0 4585.0 ic -1791.327759
4585.0 4600.0 s -200.792282
4600.0 4625.0 ssil -316.591980
4625.0 4645.0 ssil -240.260941 DE
4645.0 4665.0 d -260.888977
4665.0 4720.0 @ -661.162415
4720.0 4735.0 ssil -220.835388
4735.0 4775.0 ssil -533.506470 PRIJS
4775.0 4840.0 p -990.735413
4840.0 4855.0 r -229.665756
4855.0 5000.0 ei -1829.216309
5000.0 5075.0 s -963.242798
5075.0 5090.0 ssil -211.119858
5090.0 5105.0 ssil -198.438065 SOMS
5105.0 5145.0 s -541.368225
5145.0 5175.0 oc -354.924194
5175.0 5255.0 m -1056.448486
5255.0 5280.0 s -345.481384
5280.0 5310.0 ssil -385.225494
5310.0 5345.0 ssil -462.771881 HOGER
5345.0 5400.0 h -649.646423
5400.0 5575.0 o -1853.297241
5575.0 5650.0 gc -979.578552
5650.0 5715.0 @ -794.853455
5715.0 5730.0 ssil -219.670166
5730.0 5745.0 ssil -218.715057 DAN
5745.0 5775.0 d -445.179108
5775.0 5855.0 ac -999.709106
5855.0 6010.0 n -1714.386353
6010.0 6025.0 ssil -183.730118
6025.0 6040.0 ssil -204.752411 JE
6040.0 6055.0 j -219.757217
6055.0 6070.0 ssil -213.809967
6070.0 6085.0 ssil -226.110321 DACHT
6085.0 6125.0 d -566.332642
6125.0 6220.0 ac -1090.208252
6220.0 6405.0 x -2238.124268
6405.0 7150.0 ssil -8840.031250
.
