#!MLF!#
"/net/aistaff/aki/_same-utterance/wav/07/Groningen_and_Drenthe/7961-1456580437-1532444.rec"
0.0 15.0 ssil -150.763321 NATUURLIJK
15.0 30.0 n -151.591339
30.0 325.0 a -2464.395996
325.0 345.0 t -280.330139
345.0 360.0 y -189.057739
360.0 375.0 k -204.889053
375.0 1175.0 ssil -9437.076172
1175.0 1585.0 ssil -5844.086914 GA
1585.0 1720.0 x -1819.414062
1720.0 1805.0 a -1056.757935
1805.0 1820.0 ssil -216.874817
1820.0 1835.0 ssil -208.144073 JE
1835.0 1915.0 j -1016.026062
1915.0 1930.0 ssil -221.973221
1930.0 1945.0 ssil -204.175690 VAN
1945.0 2020.0 f -854.101807
2020.0 2065.0 ac -562.871399
2065.0 2115.0 n -575.185669
2115.0 2130.0 ssil -224.990692
2130.0 2145.0 ssil -217.409927 HARD
2145.0 2210.0 h -796.035095
2210.0 2260.0 ac -558.516724
2260.0 2310.0 r -690.208496
2310.0 2345.0 t -509.352173
2345.0 2360.0 ssil -192.217255
2360.0 2375.0 ssil -179.755554 WERKEN
2375.0 2410.0 w -423.876831
2410.0 2485.0 ec -777.060120
2485.0 2500.0 r -188.919952
2500.0 2515.0 k -235.949966
2515.0 2530.0 ssil -210.919800
2530.0 2550.0 ssil -294.372681 HEUS
2550.0 2565.0 h -208.713074
2565.0 2585.0 eu -320.597748
2585.0 2605.0 s -327.378235
2605.0 2625.0 ssil -292.386871
2625.0 2640.0 ssil -217.696640 NIET
2640.0 2765.0 n -1384.259399
2765.0 2870.0 i -1253.528198
2870.0 2885.0 ssil -204.601486
2885.0 2900.0 ssil -207.236572 DOOD
2900.0 2970.0 d -927.622192
2970.0 3115.0 o -1674.430054
3115.0 3190.0 t -1010.237610
3190.0 3665.0 ssil -5389.982910
3665.0 3700.0 ssil -442.803009 MAAR
3700.0 3745.0 m -635.273132
3745.0 3845.0 a -981.542053
3845.0 3860.0 ssil -208.590332
3860.0 3875.0 ssil -207.625717 IN
3875.0 3935.0 ic -750.535095
3935.0 3990.0 n -655.154541
3990.0 4005.0 ssil -233.247849
4005.0 4065.0 ssil -817.643372 ANDERE
4065.0 4175.0 ac -1458.620239
4175.0 4215.0 n -512.462036
4215.0 4240.0 d -405.467133
4240.0 4270.0 @ -401.896820
4270.0 4325.0 r -778.229797
4325.0 4340.0 ssil -211.552643
4340.0 4355.0 ssil -210.555878 OPZICHTEN
4355.0 4500.0 oc -1861.293457
4500.0 4545.0 p -637.859680
4545.0 4635.0 s -1167.087524
4635.0 4740.0 ic -1378.307129
4740.0 4770.0 x -455.162384
4770.0 4835.0 t -870.771362
4835.0 4860.0 @ -308.523468
4860.0 4990.0 n -1536.713013
4990.0 5010.0 ssil -251.959473
5010.0 5025.0 ssil -208.792465 IS
5025.0 5095.0 ic -929.924133
5095.0 5140.0 s -605.337952
5140.0 5155.0 ssil -191.121292
5155.0 5170.0 ssil -208.607422 DE
5170.0 5190.0 d -279.079193
5190.0 5220.0 @ -391.984863
5220.0 5240.0 ssil -262.153748
5240.0 5255.0 ssil -172.522339 PRIJS
5255.0 5335.0 p -1046.572754
5335.0 5375.0 r -565.623047
5375.0 5535.0 ei -1820.858032
5535.0 5645.0 s -1422.474121
5645.0 5660.0 ssil -199.843109
5660.0 5705.0 ssil -599.167542 SOMS
5705.0 5825.0 s -1453.881592
5825.0 5870.0 oc -599.526978
5870.0 5920.0 m -577.206726
5920.0 5995.0 s -1007.756531
5995.0 6010.0 ssil -221.474594
6010.0 6025.0 ssil -216.668732 HOGER
6025.0 6065.0 h -461.895844
6065.0 6240.0 o -1954.527222
6240.0 6320.0 gc -1086.792725
6320.0 6390.0 @ -928.934875
6390.0 6405.0 ssil -211.361420
6405.0 6420.0 ssil -218.996262 DAN
6420.0 6465.0 d -626.803284
6465.0 6520.0 ac -680.440186
6520.0 6535.0 n -194.855225
6535.0 6550.0 ssil -208.142624
6550.0 6565.0 ssil -206.996033 JE
6565.0 6645.0 j -1001.950378
6645.0 6660.0 ssil -197.945511
6660.0 6675.0 ssil -196.020645 DACHT
6675.0 6725.0 d -716.129578
6725.0 6785.0 ac -761.810059
6785.0 6935.0 x -1917.723145
6935.0 7035.0 t -1268.454956
7035.0 8055.0 ssil -11402.391602
.
