#!MLF!#
"/net/aistaff/aki/_same-utterance/wav/07/Groningen_and_Drenthe/8404-1458302077-1677899.rec"
0.0 470.0 ssil -5721.220215 NATUURLIJK
470.0 525.0 n -932.902405
525.0 620.0 @ -1207.407837
620.0 680.0 t -963.924683
680.0 815.0 y -1675.708984
815.0 830.0 r -218.696777
830.0 880.0 l -673.059204
880.0 925.0 @ -569.774414
925.0 960.0 k -511.592926
960.0 1005.0 ssil -663.404602
1005.0 1045.0 ssil -547.065002 GA
1045.0 1090.0 x -622.946716
1090.0 1145.0 a -640.308533
1145.0 1160.0 ssil -189.846008
1160.0 1175.0 ssil -185.557983 JE
1175.0 1195.0 j -250.019241
1195.0 1215.0 @ -257.766907
1215.0 1235.0 ssil -262.458801
1235.0 1270.0 ssil -398.409424 VAN
1270.0 1295.0 v -358.467316
1295.0 1325.0 ac -387.282532
1325.0 1360.0 n -401.006470
1360.0 1375.0 ssil -196.360275
1375.0 1390.0 ssil -183.798340 HARD
1390.0 1445.0 h -701.754761
1445.0 1465.0 ac -294.728668
1465.0 1560.0 r -1491.326294
1560.0 1575.0 ssil -203.639542
1575.0 1620.0 ssil -570.287109 WERKEN
1620.0 1650.0 w -483.896973
1650.0 1755.0 ec -1191.655396
1755.0 1770.0 r -203.019470
1770.0 1785.0 k -255.038864
1785.0 1800.0 ssil -221.606308
1800.0 1815.0 ssil -230.266968 HEUS
1815.0 1830.0 h -226.175613
1830.0 1845.0 eu -233.328415
1845.0 1860.0 s -256.503052
1860.0 1885.0 ssil -415.283539
1885.0 1900.0 ssil -227.546646 NIET
1900.0 1970.0 n -830.180176
1970.0 2080.0 i -1481.277466
2080.0 2095.0 ssil -235.151520
2095.0 2110.0 ssil -246.022888 DOOD
2110.0 2180.0 d -1057.336060
2180.0 2395.0 o -2813.848633
2395.0 2480.0 t -1152.266846
2480.0 2550.0 ssil -945.088684
2550.0 2800.0 ssil -2827.677490 MAAR
2800.0 2850.0 m -739.207397
2850.0 2915.0 a -769.695740
2915.0 2930.0 ssil -208.720383
2930.0 2945.0 ssil -199.733597 IN
2945.0 2960.0 n -194.257538
2960.0 2975.0 ssil -197.925293
2975.0 2990.0 ssil -212.398178 ANDERE
2990.0 3115.0 ac -1589.210815
3115.0 3160.0 n -571.562439
3160.0 3185.0 d -359.386322
3185.0 3205.0 r -287.726532
3205.0 3220.0 ssil -238.509003
3220.0 3235.0 ssil -247.153351 OPZICHTEN
3235.0 3380.0 oc -2071.261475
3380.0 3405.0 p -345.824341
3405.0 3485.0 s -1106.055664
3485.0 3555.0 ic -842.862366
3555.0 3570.0 x -260.294678
3570.0 3585.0 t -239.785980
3585.0 3600.0 @ -239.189713
3600.0 3620.0 ssil -289.313568
3620.0 3660.0 ssil -541.474976 IS
3660.0 3710.0 ic -705.578857
3710.0 3830.0 s -1670.105713
3830.0 3855.0 ssil -363.633270
3855.0 3890.0 ssil -500.358337 DE
3890.0 3905.0 d -213.259308
3905.0 3920.0 ssil -196.555374
3920.0 3955.0 ssil -483.313843 PRIJS
3955.0 3975.0 p -321.664093
3975.0 3990.0 r -216.865005
3990.0 4115.0 ei -1399.655029
4115.0 4165.0 s -654.992615
4165.0 4180.0 ssil -216.487228
4180.0 4195.0 ssil -206.272095 SOMS
4195.0 4220.0 s -360.607025
4220.0 4260.0 oc -517.308228
4260.0 4325.0 m -850.005371
4325.0 4360.0 s -506.912720
4360.0 4375.0 ssil -224.937576
4375.0 4390.0 ssil -210.863434 HOGER
4390.0 4420.0 h -402.267639
4420.0 4570.0 o -1743.339111
4570.0 4645.0 gc -1060.870850
4645.0 4690.0 r -607.099487
4690.0 4705.0 ssil -226.798447
4705.0 4720.0 ssil -245.299530 DAN
4720.0 4750.0 d -399.202087
4750.0 4765.0 ac -193.937424
4765.0 4835.0 n -748.441589
4835.0 4850.0 ssil -203.069138
4850.0 4865.0 ssil -207.903412 JE
4865.0 4900.0 j -434.730408
4900.0 4915.0 ssil -212.413086
4915.0 4930.0 ssil -242.690460 DACHT
4930.0 4980.0 d -729.506592
4980.0 5075.0 ac -1129.688965
5075.0 5230.0 x -1946.663086
5230.0 5335.0 t -1538.870483
5335.0 5875.0 ssil -6236.715820
.
