#!MLF!#
"/net/aistaff/aki/_same-utterance/wav/07/Groningen_and_Drenthe/8674-1457955211-1638926.rec"
0.0 675.0 ssil -6347.745117 NATUURLIJK
675.0 740.0 n -827.043884
740.0 785.0 ac -559.576904
785.0 965.0 t -2410.455811
965.0 1175.0 y -2806.181885
1175.0 1205.0 r -383.330200
1205.0 1225.0 k -278.750519
1225.0 1240.0 ssil -221.762436
1240.0 1255.0 ssil -203.423080 GA
1255.0 1310.0 x -736.052795
1310.0 1440.0 a -1386.001099
1440.0 1455.0 ssil -215.482483
1455.0 1470.0 ssil -191.569687 JE
1470.0 1485.0 j -219.421875
1485.0 1505.0 ssil -283.042908
1505.0 1520.0 ssil -210.856354 VAN
1520.0 1555.0 f -449.107056
1555.0 1600.0 ac -485.518066
1600.0 1615.0 n -193.094604
1615.0 1630.0 ssil -190.942902
1630.0 1645.0 ssil -196.016663 HARD
1645.0 1700.0 h -663.848511
1700.0 1715.0 ac -176.251526
1715.0 1775.0 r -729.530334
1775.0 1790.0 ssil -198.798462
1790.0 1845.0 ssil -820.341797 WERKEN
1845.0 1895.0 w -563.210205
1895.0 1950.0 ec -611.161133
1950.0 1990.0 r -477.461517
1990.0 2005.0 k -246.190735
2005.0 2020.0 ssil -200.789642
2020.0 2035.0 ssil -245.738083 HEUS
2035.0 2050.0 h -268.393280
2050.0 2065.0 eu -243.404282
2065.0 2090.0 s -368.243042
2090.0 2105.0 ssil -237.321533
2105.0 2120.0 ssil -215.573120 NIET
2120.0 2150.0 n -399.944244
2150.0 2235.0 i -973.788025
2235.0 2250.0 ssil -199.747894
2250.0 2265.0 ssil -203.045456 DOOD
2265.0 2320.0 d -767.694519
2320.0 2505.0 o -2110.908203
2505.0 2645.0 t -1961.171387
2645.0 2710.0 ssil -884.583557
2710.0 2750.0 ssil -555.604187 MAAR
2750.0 2825.0 m -897.018677
2825.0 2885.0 a -639.815308
2885.0 2900.0 ssil -226.096909
2900.0 2915.0 ssil -230.841751 IN
2915.0 3000.0 ic -941.549805
3000.0 3065.0 n -885.413940
3065.0 3080.0 ssil -204.437607
3080.0 3110.0 ssil -462.242950 ANDERE
3110.0 3165.0 ac -710.798706
3165.0 3210.0 n -577.481201
3210.0 3230.0 d -293.735657
3230.0 3245.0 r -246.306595
3245.0 3260.0 ssil -235.231628
3260.0 3275.0 ssil -242.756897 OPZICHTEN
3275.0 3425.0 oc -2118.745850
3425.0 3445.0 p -299.706787
3445.0 3520.0 s -963.310608
3520.0 3570.0 ic -599.646057
3570.0 3615.0 x -682.430603
3615.0 3670.0 t -705.134827
3670.0 3690.0 @ -258.141602
3690.0 3710.0 ssil -295.075562
3710.0 3725.0 ssil -228.856903 IS
3725.0 3800.0 ic -1042.878540
3800.0 3890.0 s -1321.582520
3890.0 3905.0 ssil -243.305237
3905.0 3920.0 ssil -212.672287 DE
3920.0 3935.0 d -205.111252
3935.0 3955.0 ssil -255.637375
3955.0 3975.0 ssil -257.666260 PRIJS
3975.0 4015.0 p -573.123108
4015.0 4040.0 r -374.354462
4040.0 4160.0 ei -1403.340332
4160.0 4180.0 s -314.709564
4180.0 4195.0 ssil -222.408768
4195.0 4210.0 ssil -247.273743 SOMS
4210.0 4240.0 s -417.754974
4240.0 4260.0 oc -274.658081
4260.0 4330.0 m -870.809998
4330.0 4375.0 s -629.188354
4375.0 4390.0 ssil -229.945419
4390.0 4405.0 ssil -224.068878 HOGER
4405.0 4470.0 h -884.823975
4470.0 4630.0 o -1780.567261
4630.0 4710.0 gc -1125.541016
4710.0 4755.0 @ -580.469360
4755.0 4770.0 ssil -215.509628
4770.0 4785.0 ssil -210.990982 DAN
4785.0 4810.0 d -328.496033
4810.0 4825.0 ac -232.104446
4825.0 4840.0 n -223.005402
4840.0 4855.0 ssil -193.853027
4855.0 4870.0 ssil -198.882523 JE
4870.0 4965.0 j -1058.315918
4965.0 4980.0 ssil -214.662003
4980.0 4995.0 ssil -220.904572 DACHT
4995.0 5025.0 d -427.552399
5025.0 5110.0 ac -997.053467
5110.0 5205.0 x -1250.958252
5205.0 5375.0 t -2281.149414
5375.0 5550.0 ssil -2332.795166
.
