#!MLF!#
"/net/aistaff/aki/_same-utterance/wav/07/Groningen_and_Drenthe/8763-1458206497-1672040.rec"
0.0 15.0 ssil -145.992691 NATUURLIJK
15.0 30.0 t -193.279007
30.0 325.0 y -2301.572266
325.0 345.0 k -274.223450
345.0 590.0 ssil -3114.556641
590.0 1045.0 ssil -6569.997559 GA
1045.0 1135.0 x -1262.405151
1135.0 1230.0 a -1035.677124
1230.0 1245.0 ssil -198.819824
1245.0 1260.0 ssil -197.021286 JE
1260.0 1275.0 j -227.223511
1275.0 1290.0 ssil -216.739731
1290.0 1305.0 ssil -202.193527 VAN
1305.0 1350.0 v -566.875122
1350.0 1385.0 ac -448.154266
1385.0 1430.0 n -539.102661
1430.0 1445.0 ssil -217.709610
1445.0 1460.0 ssil -213.233749 HARD
1460.0 1540.0 h -997.223450
1540.0 1555.0 ac -216.592575
1555.0 1590.0 r -474.069153
1590.0 1605.0 ssil -202.636551
1605.0 1640.0 ssil -521.984314 WERKEN
1640.0 1705.0 w -740.178955
1705.0 1790.0 ec -936.506653
1790.0 1805.0 r -190.767609
1805.0 1820.0 k -212.869812
1820.0 1835.0 ssil -192.997299
1835.0 1850.0 ssil -200.802429 HEUS
1850.0 1865.0 h -178.869995
1865.0 1890.0 eu -349.770721
1890.0 1905.0 s -241.847672
1905.0 1930.0 ssil -401.645782
1930.0 1945.0 ssil -203.475952 NIET
1945.0 2020.0 n -841.801514
2020.0 2105.0 i -968.161865
2105.0 2120.0 ssil -205.264511
2120.0 2135.0 ssil -188.719513 DOOD
2135.0 2245.0 d -1444.957764
2245.0 2525.0 o -3685.912109
2525.0 2575.0 t -689.265198
2575.0 2720.0 ssil -1745.871826
2720.0 3190.0 ssil -5587.270020 MAAR
3190.0 3285.0 m -1132.453491
3285.0 3435.0 a -1818.817627
3435.0 3450.0 ssil -193.879517
3450.0 3465.0 ssil -205.308914 IN
3465.0 3515.0 n -692.097839
3515.0 3530.0 ssil -220.663071
3530.0 3545.0 ssil -220.755493 ANDERE
3545.0 3650.0 ac -1406.837158
3650.0 3705.0 n -695.142273
3705.0 3720.0 d -261.020264
3720.0 3745.0 @ -373.002899
3745.0 3770.0 r -355.323853
3770.0 3810.0 @ -573.817383
3810.0 3825.0 ssil -265.038696
3825.0 3845.0 ssil -358.998566 OPZICHTEN
3845.0 3965.0 oc -1673.629028
3965.0 4000.0 p -504.856476
4000.0 4115.0 s -1685.964966
4115.0 4215.0 ic -1111.958984
4215.0 4295.0 x -1044.429077
4295.0 4370.0 t -921.385010
4370.0 4515.0 @ -1747.760742
4515.0 4530.0 ssil -177.762650
4530.0 4550.0 ssil -306.742004 IS
4550.0 4630.0 ic -1027.720093
4630.0 4650.0 s -328.997437
4650.0 4665.0 ssil -222.524933
4665.0 4695.0 ssil -411.161774 DE
4695.0 4725.0 d -417.517609
4725.0 4765.0 @ -520.529175
4765.0 4805.0 ssil -523.521301
4805.0 4830.0 ssil -307.224060 PRIJS
4830.0 4855.0 p -366.035675
4855.0 4880.0 r -376.777130
4880.0 5055.0 ei -1908.766724
5055.0 5105.0 s -619.260132
5105.0 5120.0 ssil -198.009827
5120.0 5135.0 ssil -230.499435 SOMS
5135.0 5165.0 s -436.510834
5165.0 5235.0 oc -851.126587
5235.0 5305.0 m -838.962463
5305.0 5375.0 s -914.002502
5375.0 5390.0 ssil -239.513229
5390.0 5405.0 ssil -224.240524 HOGER
5405.0 5425.0 h -232.453125
5425.0 5630.0 o -2320.032471
5630.0 5655.0 gc -370.225464
5655.0 5705.0 @ -648.633728
5705.0 5720.0 ssil -214.089111
5720.0 5735.0 ssil -218.852722 DAN
5735.0 5790.0 d -744.603027
5790.0 5805.0 ac -193.521820
5805.0 5820.0 n -196.361115
5820.0 5835.0 ssil -169.660553
5835.0 5850.0 ssil -177.694504 JE
5850.0 6045.0 j -2303.075195
6045.0 6200.0 @ -1876.942871
6200.0 6315.0 ssil -1559.806030
6315.0 6450.0 ssil -1708.067383 DACHT
6450.0 6465.0 d -219.643738
6465.0 6480.0 ac -212.065201
6480.0 6515.0 x -455.977570
6515.0 7060.0 ssil -6675.943848
.
