#!MLF!#
"/net/aistaff/aki/_same-utterance/wav/07/Groningen_and_Drenthe/8937-1460648342-1762453.rec"
0.0 675.0 ssil -8466.940430 NATUURLIJK
675.0 715.0 n -565.393677
715.0 790.0 @ -946.677917
790.0 895.0 t -1376.766113
895.0 1035.0 y -1669.898438
1035.0 1105.0 r -964.055664
1105.0 1120.0 @ -184.142746
1120.0 1135.0 k -206.876816
1135.0 1150.0 ssil -202.213440
1150.0 1170.0 ssil -258.549927 GA
1170.0 1260.0 x -1216.200562
1260.0 1420.0 a -1780.501831
1420.0 1435.0 ssil -214.134689
1435.0 1450.0 ssil -211.329956 JE
1450.0 1465.0 j -233.036224
1465.0 1485.0 ssil -282.033600
1485.0 1500.0 ssil -185.335083 VAN
1500.0 1535.0 v -402.547821
1535.0 1550.0 ac -195.603210
1550.0 1565.0 n -191.241196
1565.0 1580.0 ssil -201.391998
1580.0 1595.0 ssil -198.852280 HARD
1595.0 1630.0 h -372.844147
1630.0 1710.0 ac -772.750061
1710.0 1805.0 r -1066.013428
1805.0 1830.0 t -337.459778
1830.0 1845.0 ssil -191.343216
1845.0 1860.0 ssil -184.623154 WERKEN
1860.0 1905.0 w -466.035706
1905.0 1985.0 ec -786.318359
1985.0 2045.0 r -693.375793
2045.0 2060.0 k -217.789581
2060.0 2090.0 ssil -382.209564
2090.0 2150.0 ssil -743.423523 HEUS
2150.0 2235.0 h -1018.972168
2235.0 2355.0 eu -1294.319214
2355.0 2395.0 s -573.131042
2395.0 2410.0 ssil -199.588074
2410.0 2435.0 ssil -322.246277 NIET
2435.0 2450.0 n -216.494614
2450.0 2560.0 i -1300.283447
2560.0 2610.0 ssil -631.429260
2610.0 2635.0 ssil -325.971924 DOOD
2635.0 2705.0 d -995.203369
2705.0 2875.0 o -1924.379395
2875.0 2930.0 t -794.913269
2930.0 2990.0 ssil -805.581665
2990.0 3105.0 ssil -1465.174316 MAAR
3105.0 3180.0 m -927.515625
3180.0 3295.0 a -1208.206909
3295.0 3310.0 ssil -180.243744
3310.0 3325.0 ssil -188.190750 IN
3325.0 3340.0 n -217.490463
3340.0 3415.0 ssil -931.216187
3415.0 3435.0 ssil -269.303986 ANDERE
3435.0 3530.0 ac -1162.746338
3530.0 3600.0 n -910.483887
3600.0 3620.0 d -274.050140
3620.0 3655.0 r -451.703156
3655.0 3670.0 ssil -222.729492
3670.0 3685.0 ssil -238.709183 OPZICHTEN
3685.0 3870.0 oc -2290.411621
3870.0 3895.0 p -380.038940
3895.0 3920.0 s -351.274139
3920.0 3935.0 ic -230.578400
3935.0 3995.0 x -783.870911
3995.0 4010.0 t -227.186707
4010.0 4090.0 @ -920.012634
4090.0 4190.0 ssil -1318.033447
4190.0 4530.0 ssil -4603.121582 IS
4530.0 4555.0 ic -353.626709
4555.0 4595.0 s -550.990784
4595.0 4615.0 ssil -286.454651
4615.0 4640.0 ssil -360.782104 DE
4640.0 4665.0 d -367.645782
4665.0 4785.0 ssil -1530.052002
4785.0 4855.0 ssil -866.831787 PRIJS
4855.0 4885.0 p -464.835754
4885.0 4945.0 r -933.262451
4945.0 5160.0 ei -2382.518555
5160.0 5220.0 s -770.093445
5220.0 5235.0 ssil -213.737579
5235.0 5255.0 ssil -282.544647 SOMS
5255.0 5310.0 s -769.652161
5310.0 5355.0 oc -569.768982
5355.0 5430.0 m -916.260010
5430.0 5460.0 s -423.714417
5460.0 5475.0 ssil -200.677948
5475.0 5490.0 ssil -193.833862 HOGER
5490.0 5525.0 h -451.792450
5525.0 5705.0 o -2060.167969
5705.0 5730.0 gc -358.526642
5730.0 5780.0 r -731.412354
5780.0 5795.0 ssil -218.727219
5795.0 5810.0 ssil -217.788300 DAN
5810.0 5845.0 d -498.831238
5845.0 5880.0 ac -399.987793
5880.0 5895.0 n -201.970291
5895.0 5910.0 ssil -205.433044
5910.0 5925.0 ssil -208.462006 JE
5925.0 6015.0 j -1033.110596
6015.0 6030.0 ssil -207.723312
6030.0 6050.0 ssil -245.700897 DACHT
6050.0 6110.0 d -776.164978
6110.0 6250.0 ac -1649.626099
6250.0 6335.0 x -1076.647217
6335.0 6990.0 ssil -8149.631348
.
