#!MLF!#
"/net/aistaff/aki/_same-utterance/wav/07/Groningen_and_Drenthe/9935-1464219190-1952042.rec"
0.0 15.0 ssil -149.864792 NATUURLIJK
15.0 30.0 t -193.636429
30.0 320.0 y -2433.256836
320.0 335.0 k -214.174423
335.0 355.0 ssil -250.045029
355.0 515.0 ssil -1860.680298 GA
515.0 560.0 x -691.976135
560.0 600.0 a -586.729187
600.0 625.0 ssil -333.470673
625.0 695.0 ssil -1054.196411 JE
695.0 715.0 j -268.617279
715.0 900.0 @ -2170.025391
900.0 1160.0 ssil -3359.393311
1160.0 1195.0 ssil -455.117523 VAN
1195.0 1285.0 f -1103.714966
1285.0 1310.0 ac -375.506927
1310.0 1345.0 n -418.305695
1345.0 1360.0 ssil -224.741852
1360.0 1375.0 ssil -229.131302 HARD
1375.0 1410.0 h -483.151245
1410.0 1510.0 ac -1178.976196
1510.0 1530.0 r -271.177734
1530.0 1545.0 ssil -202.435944
1545.0 1570.0 ssil -305.481537 WERKEN
1570.0 1630.0 w -734.468872
1630.0 1740.0 ec -1244.024414
1740.0 1800.0 r -825.943176
1800.0 1855.0 k -757.604736
1855.0 1940.0 @ -1084.897949
1940.0 1955.0 ssil -192.976425
1955.0 1970.0 ssil -180.087387 HEUS
1970.0 2000.0 h -403.530334
2000.0 2090.0 eu -1104.257935
2090.0 2135.0 s -665.788574
2135.0 2165.0 ssil -421.857910
2165.0 2190.0 ssil -368.346466 NIET
2190.0 2205.0 n -213.126709
2205.0 2260.0 i -654.654297
2260.0 2275.0 ssil -227.218826
2275.0 2290.0 ssil -209.116791 DOOD
2290.0 2385.0 d -1269.341675
2385.0 2565.0 o -2189.710449
2565.0 2600.0 t -549.177429
2600.0 3030.0 ssil -5034.361816
3030.0 3130.0 ssil -1147.737305 MAAR
3130.0 3165.0 m -486.662231
3165.0 3205.0 a -474.400452
3205.0 3220.0 ssil -212.430450
3220.0 3235.0 ssil -188.827759 IN
3235.0 3290.0 ic -549.502502
3290.0 3370.0 n -1018.417297
3370.0 3385.0 ssil -267.729340
3385.0 3405.0 ssil -328.208588 ANDERE
3405.0 3515.0 ac -1319.936157
3515.0 3595.0 n -973.012024
3595.0 3635.0 d -609.662598
3635.0 3660.0 r -372.809296
3660.0 3675.0 ssil -216.220566
3675.0 3690.0 ssil -188.058472 OPZICHTEN
3690.0 3925.0 oc -2919.515137
3925.0 3965.0 p -613.938782
3965.0 4050.0 s -1273.793091
4050.0 4100.0 ic -587.133179
4100.0 4115.0 x -225.634689
4115.0 4165.0 t -701.959839
4165.0 4190.0 @ -305.568512
4190.0 4245.0 ssil -720.023499
4245.0 4265.0 ssil -263.720093 IS
4265.0 4380.0 ic -1360.507568
4380.0 4450.0 s -878.351990
4450.0 4465.0 ssil -240.870117
4465.0 4480.0 ssil -238.236740 DE
4480.0 4495.0 d -208.109116
4495.0 4525.0 ssil -349.103180
4525.0 4540.0 ssil -171.748474 PRIJS
4540.0 4620.0 p -1018.524109
4620.0 4735.0 r -1395.469116
4735.0 4765.0 ei -435.871674
4765.0 4780.0 s -228.284256
4780.0 4795.0 ssil -199.203293
4795.0 4810.0 ssil -197.214233 SOMS
4810.0 4880.0 s -935.089050
4880.0 4940.0 oc -686.841003
4940.0 5010.0 m -874.664185
5010.0 5060.0 s -713.927368
5060.0 5075.0 ssil -230.534424
5075.0 5090.0 ssil -241.733826 HOGER
5090.0 5105.0 h -220.496353
5105.0 5295.0 o -2448.906738
5295.0 5310.0 gc -229.207748
5310.0 5335.0 @ -330.027649
5335.0 5350.0 ssil -201.958435
5350.0 5365.0 ssil -183.257660 DAN
5365.0 5420.0 d -726.261841
5420.0 5455.0 ac -447.902618
5455.0 5470.0 n -195.685059
5470.0 5485.0 ssil -188.446930
5485.0 5500.0 ssil -185.280914 JE
5500.0 5565.0 j -678.936768
5565.0 5595.0 @ -363.485779
5595.0 5610.0 ssil -205.353745
5610.0 5625.0 ssil -204.390121 DACHT
5625.0 5695.0 d -929.533569
5695.0 5810.0 ac -1496.812134
5810.0 5920.0 x -1516.884155
5920.0 5975.0 t -730.033875
5975.0 5990.0 ssil -194.446915
.
