#!MLF!#
"/net/aistaff/aki/_same-utterance/wav/10/Oost_Overijsel-Gelderland/10442-1465979972-2317803.rec"
0.0 750.0 ssil -9200.500000 ZACHT
750.0 905.0 z -1948.966187
905.0 965.0 ac -805.664856
965.0 1090.0 x -1694.743530
1090.0 1140.0 t -761.324646
1140.0 1155.0 ssil -211.703613
1155.0 1205.0 ssil -646.280518 KNORT
1205.0 1245.0 k -621.436584
1245.0 1345.0 n -1498.906128
1345.0 1440.0 oc -1230.603394
1440.0 1490.0 r -795.194763
1490.0 1545.0 t -813.037415
1545.0 1560.0 ssil -204.068298
1560.0 1585.0 ssil -368.968689 HET
1585.0 1600.0 h -220.257782
1600.0 1620.0 ec -332.237732
1620.0 1655.0 t -551.153259
1655.0 1670.0 ssil -211.418518
1670.0 1685.0 ssil -181.633972 VARKEN
1685.0 1775.0 f -1126.412476
1775.0 1835.0 ac -814.907471
1835.0 1975.0 r -1918.285278
1975.0 2030.0 k -780.928650
2030.0 2060.0 @ -396.522980
2060.0 2090.0 n -367.928467
2090.0 2105.0 ssil -217.275818
2105.0 2120.0 ssil -224.851227 IN
2120.0 2180.0 ic -764.209167
2180.0 2250.0 n -808.821838
2250.0 2265.0 ssil -240.175583
2265.0 2280.0 ssil -242.630692 DE
2280.0 2295.0 d -211.399445
2295.0 2320.0 @ -323.531647
2320.0 2335.0 ssil -193.142212
2335.0 2350.0 ssil -195.393417 WEI
2350.0 2405.0 w -677.841736
2405.0 2610.0 ei -2399.759766
2610.0 2665.0 ssil -725.335083
2665.0 2845.0 ssil -2079.357910 EEN
2845.0 2940.0 @ -1059.637329
2940.0 3000.0 ssil -878.983826
3000.0 3205.0 ssil -2894.955322 KARAKTERISTIEK
3205.0 3300.0 k -1401.635254
3300.0 3365.0 a -800.795288
3365.0 3515.0 r -2200.363281
3515.0 3560.0 ac -693.624023
3560.0 3605.0 k -702.785706
3605.0 3665.0 t -865.171509
3665.0 3685.0 @ -267.683167
3685.0 3730.0 r -616.790710
3730.0 3790.0 @ -753.849731
3790.0 3955.0 s -2064.523438
3955.0 3985.0 t -493.504852
3985.0 4110.0 i -1845.787842
4110.0 4135.0 k -363.338409
4135.0 4150.0 ssil -226.683731
4150.0 4165.0 ssil -221.402222 GELUID
4165.0 4280.0 x -1487.067139
4280.0 4320.0 @ -616.724426
4320.0 4395.0 l -1152.222412
4395.0 4565.0 ui -1910.751587
4565.0 4700.0 t -1916.344360
4700.0 5385.0 ssil -7693.812012
.
