#!MLF!#
"/net/aistaff/aki/_same-utterance/wav/10/Oost_Overijsel-Gelderland/13104-1464302896-2005077.rec"
0.0 600.0 ssil -7044.992676 ZACHT
600.0 730.0 z -1697.462769
730.0 820.0 ac -1218.958740
820.0 930.0 x -1562.322266
930.0 1000.0 t -1011.628235
1000.0 1060.0 ssil -803.295593
1060.0 1095.0 ssil -490.723907 KNORT
1095.0 1140.0 k -718.502258
1140.0 1210.0 n -951.027466
1210.0 1225.0 @ -196.292618
1225.0 1355.0 r -1648.329346
1355.0 1375.0 ssil -334.361023
1375.0 1430.0 ssil -808.345215 HET
1430.0 1450.0 h -273.524231
1450.0 1480.0 ec -388.739990
1480.0 1575.0 t -1282.531982
1575.0 1590.0 ssil -210.811996
1590.0 1605.0 ssil -196.798691 VARKEN
1605.0 1650.0 f -560.803223
1650.0 1705.0 ac -590.599915
1705.0 1795.0 r -1073.482178
1795.0 1810.0 k -241.882156
1810.0 1830.0 @ -309.743927
1830.0 1850.0 ssil -306.766296
1850.0 1875.0 ssil -352.746521 IN
1875.0 1980.0 ic -1354.963379
1980.0 2055.0 n -855.442322
2055.0 2070.0 ssil -211.229645
2070.0 2085.0 ssil -192.486328 DE
2085.0 2100.0 d -193.215851
2100.0 2115.0 ssil -193.168961
2115.0 2130.0 ssil -190.450851 WEI
2130.0 2185.0 w -591.356628
2185.0 2465.0 ei -3206.833496
2465.0 2580.0 ssil -1267.853760
2580.0 3030.0 ssil -5131.952637 EEN
3030.0 3055.0 @ -313.590027
3055.0 3125.0 n -860.414001
3125.0 3145.0 ssil -239.079315
3145.0 3160.0 ssil -202.039215 KARAKTERISTIEK
3160.0 3205.0 k -678.234497
3205.0 3250.0 ac -561.961182
3250.0 3285.0 r -500.015106
3285.0 3405.0 ac -1594.534180
3405.0 3420.0 k -237.258255
3420.0 3490.0 t -980.803528
3490.0 3515.0 @ -357.097900
3515.0 3530.0 r -201.439102
3530.0 3580.0 @ -649.248169
3580.0 3695.0 s -1487.101685
3695.0 3745.0 t -739.625366
3745.0 3885.0 i -1686.522095
3885.0 3925.0 k -569.597229
3925.0 3960.0 ssil -470.318726
3960.0 4040.0 ssil -1057.476562 GELUID
4040.0 4150.0 x -1398.075562
4150.0 4180.0 @ -481.472015
4180.0 4240.0 l -823.221191
4240.0 4475.0 ui -2654.292969
4475.0 4525.0 t -743.556702
4525.0 4805.0 ssil -3334.667480
.
