#!MLF!#
"/net/aistaff/aki/_same-utterance/wav/10/Oost_Overijsel-Gelderland/13550-1465928184-2316159.rec"
0.0 805.0 ssil -9583.415039 ZACHT
805.0 970.0 z -2036.762695
970.0 1045.0 ac -935.271606
1045.0 1155.0 x -1515.216675
1155.0 1255.0 t -1454.249146
1255.0 1380.0 ssil -1908.141235
1380.0 1420.0 ssil -522.195068 KNORT
1420.0 1515.0 k -1435.026245
1515.0 1605.0 n -1054.776001
1605.0 1715.0 oc -1285.693726
1715.0 1760.0 r -586.757690
1760.0 1790.0 ssil -468.323334
1790.0 1820.0 ssil -412.545380 HET
1820.0 1840.0 h -255.789200
1840.0 1865.0 ec -308.992218
1865.0 1935.0 t -951.897705
1935.0 1950.0 ssil -202.565109
1950.0 1965.0 ssil -210.470169 VARKEN
1965.0 2080.0 f -1327.823364
2080.0 2140.0 ac -643.075623
2140.0 2360.0 r -2559.367188
2360.0 2400.0 k -608.847778
2400.0 2440.0 @ -462.864960
2440.0 2500.0 n -710.106262
2500.0 2545.0 ssil -637.449036
2545.0 2565.0 ssil -269.945618 IN
2565.0 2670.0 ic -1268.635986
2670.0 2725.0 n -641.153442
2725.0 2740.0 ssil -196.204025
2740.0 2755.0 ssil -206.148071 DE
2755.0 2800.0 d -565.727600
2800.0 2890.0 @ -948.379578
2890.0 2905.0 ssil -173.943985
2905.0 2920.0 ssil -185.274109 WEI
2920.0 2980.0 w -635.862915
2980.0 3270.0 ei -3299.145996
3270.0 3285.0 ssil -187.602081
3285.0 3330.0 ssil -558.309875 EEN
3330.0 3420.0 @ -1230.411865
3420.0 3525.0 n -1312.444092
3525.0 3540.0 ssil -212.516083
3540.0 3555.0 ssil -224.879868 KARAKTERISTIEK
3555.0 3635.0 k -1106.468140
3635.0 3675.0 a -450.980957
3675.0 3785.0 r -1205.576050
3785.0 3825.0 ac -505.970337
3825.0 3840.0 k -228.971375
3840.0 4045.0 t -2744.707520
4045.0 4105.0 @ -647.027527
4105.0 4125.0 r -243.633514
4125.0 4190.0 @ -724.820374
4190.0 4360.0 s -2089.917480
4360.0 4405.0 t -712.983337
4405.0 4470.0 i -856.462952
4470.0 4605.0 k -1873.451172
4605.0 4625.0 ssil -293.701324
4625.0 4705.0 ssil -1099.168335 GELUID
4705.0 4840.0 x -1741.059937
4840.0 4940.0 l -1339.972168
4940.0 5115.0 ui -1970.648560
5115.0 5230.0 t -1621.572998
5230.0 5295.0 ssil -820.381531
.
