#!MLF!#
"/net/aistaff/aki/_same-utterance/wav/10/Oost_Overijsel-Gelderland/14949-1464437901-2088667.rec"
0.0 1100.0 ssil -12389.479492 ZACHT
1100.0 1225.0 s -1678.984619
1225.0 1350.0 ac -1620.643921
1350.0 1500.0 x -1838.652588
1500.0 1610.0 t -1332.520874
1610.0 1735.0 ssil -1336.966309
1735.0 1775.0 ssil -437.409332 KNORT
1775.0 1855.0 k -1136.887695
1855.0 1975.0 n -1509.809937
1975.0 2045.0 oc -916.586426
2045.0 2200.0 r -2104.300781
2200.0 2240.0 t -548.735229
2240.0 2255.0 ssil -194.917831
2255.0 2295.0 ssil -526.048645 HET
2295.0 2330.0 h -397.195618
2330.0 2360.0 ec -355.350525
2360.0 2425.0 t -831.475525
2425.0 2465.0 ssil -524.554016
2465.0 2495.0 ssil -336.583954 VARKEN
2495.0 2575.0 f -990.653015
2575.0 2665.0 ac -1082.998291
2665.0 2825.0 r -2071.682373
2825.0 2880.0 k -832.688477
2880.0 2900.0 @ -275.599854
2900.0 3180.0 n -3358.845947
3180.0 3195.0 ssil -221.529800
3195.0 3210.0 ssil -214.535767 IN
3210.0 3245.0 ic -425.896179
3245.0 3275.0 n -350.105621
3275.0 3290.0 ssil -200.463425
3290.0 3305.0 ssil -208.322769 DE
3305.0 3320.0 d -207.006363
3320.0 3375.0 @ -687.600220
3375.0 3390.0 ssil -204.839203
3390.0 3405.0 ssil -215.621078 WEI
3405.0 3420.0 w -213.174805
3420.0 3640.0 ei -2698.433105
3640.0 4930.0 ssil -14442.574219
4930.0 4945.0 ssil -212.254242 EEN
4945.0 5075.0 n -1559.183838
5075.0 5105.0 ssil -371.224213
5105.0 5120.0 ssil -209.055328 KARAKTERISTIEK
5120.0 5165.0 k -623.661682
5165.0 5260.0 a -1226.865479
5260.0 5420.0 r -2130.657227
5420.0 5540.0 ac -1443.042236
5540.0 5585.0 k -571.137146
5585.0 5605.0 t -281.226074
5605.0 5685.0 @ -1007.811584
5685.0 5705.0 r -261.217407
5705.0 5785.0 @ -1033.983521
5785.0 5945.0 s -2132.459717
5945.0 6015.0 t -995.289978
6015.0 6155.0 i -1693.836304
6155.0 6170.0 k -246.771469
6170.0 6185.0 ssil -211.337097
6185.0 6200.0 ssil -199.682938 GELUID
6200.0 6320.0 gc -1582.154907
6320.0 6340.0 @ -303.922943
6340.0 6415.0 l -1046.969482
6415.0 6615.0 ui -2399.570312
6615.0 6715.0 t -1250.561523
6715.0 7200.0 ssil -5612.939453
.
