#!MLF!#
"/net/aistaff/aki/_same-utterance/wav/10/Oost_Overijsel-Gelderland/1524-1453229861-909128.rec"
0.0 650.0 ssil -8047.858887 ZACHT
650.0 745.0 z -1291.978271
745.0 820.0 ac -1057.282959
820.0 955.0 x -1749.826172
955.0 990.0 t -529.030579
990.0 1005.0 ssil -239.143097
1005.0 1035.0 ssil -439.113800 KNORT
1035.0 1095.0 k -894.165466
1095.0 1145.0 n -731.243774
1145.0 1270.0 r -1526.147095
1270.0 1320.0 ssil -709.071045
1320.0 1365.0 ssil -647.446777 HET
1365.0 1380.0 h -202.232651
1380.0 1410.0 ec -380.308441
1410.0 1490.0 t -1083.195435
1490.0 1505.0 ssil -216.210556
1505.0 1520.0 ssil -213.536774 VARKEN
1520.0 1570.0 f -656.348145
1570.0 1590.0 ac -271.252136
1590.0 1695.0 r -1366.810669
1695.0 1710.0 k -245.611298
1710.0 1730.0 @ -253.522614
1730.0 1765.0 ssil -549.457275
1765.0 1780.0 ssil -231.533569 IN
1780.0 1860.0 ic -1021.592224
1860.0 1930.0 n -873.175964
1930.0 1945.0 ssil -234.258896
1945.0 1960.0 ssil -215.454636 DE
1960.0 1975.0 d -216.063461
1975.0 1990.0 ssil -198.331314
1990.0 2005.0 ssil -207.774307 WEI
2005.0 2035.0 w -361.241211
2035.0 2275.0 ei -2415.093262
2275.0 2305.0 ssil -399.641815
2305.0 2645.0 ssil -4070.543213 EEN
2645.0 2675.0 @ -434.439728
2675.0 2705.0 n -412.476807
2705.0 2720.0 ssil -214.926392
2720.0 2735.0 ssil -244.568192 KARAKTERISTIEK
2735.0 2775.0 k -654.060120
2775.0 2830.0 ac -827.407654
2830.0 2905.0 r -1147.891602
2905.0 2940.0 ac -479.850586
2940.0 2980.0 k -560.307922
2980.0 3025.0 t -634.838867
3025.0 3040.0 @ -239.458084
3040.0 3075.0 r -527.042053
3075.0 3110.0 @ -478.021240
3110.0 3220.0 s -1479.700928
3220.0 3260.0 t -649.777344
3260.0 3340.0 i -1228.320068
3340.0 3395.0 k -774.110291
3395.0 3410.0 ssil -208.056000
3410.0 3425.0 ssil -205.231857 GELUID
3425.0 3465.0 gc -570.974731
3465.0 3480.0 @ -225.334198
3480.0 3550.0 l -946.907104
3550.0 3790.0 ui -3055.876221
3790.0 3875.0 t -1189.748901
3875.0 5595.0 ssil -19664.642578
.
