#!MLF!#
"/net/aistaff/aki/_same-utterance/wav/10/Oost_Overijsel-Gelderland/15456-1464345024-2021287.rec"
0.0 675.0 ssil -8233.862305 ZACHT
675.0 800.0 s -1636.887329
800.0 895.0 ac -1184.189819
895.0 975.0 x -1109.768677
975.0 1015.0 t -679.114868
1015.0 1035.0 ssil -336.501068
1035.0 1065.0 ssil -438.343994 KNORT
1065.0 1155.0 k -1319.777344
1155.0 1220.0 n -871.412292
1220.0 1320.0 r -1271.367676
1320.0 1370.0 ssil -718.351685
1370.0 1390.0 ssil -278.846558 HET
1390.0 1405.0 h -215.750870
1405.0 1420.0 ec -234.431244
1420.0 1455.0 t -497.642578
1455.0 1470.0 ssil -214.103622
1470.0 1500.0 ssil -400.872284 VARKEN
1500.0 1610.0 f -1328.016113
1610.0 1625.0 ac -216.768860
1625.0 1740.0 r -1488.920166
1740.0 1755.0 k -237.730484
1755.0 1770.0 @ -201.011337
1770.0 1790.0 ssil -287.236572
1790.0 1810.0 ssil -289.657837 IN
1810.0 1905.0 ic -1304.384155
1905.0 1970.0 n -860.135559
1970.0 1985.0 ssil -247.425323
1985.0 2000.0 ssil -196.312149 DE
2000.0 2015.0 d -185.182388
2015.0 2030.0 ssil -186.971924
2030.0 2045.0 ssil -194.819763 WEI
2045.0 2070.0 w -299.283081
2070.0 2485.0 ei -4714.863770
2485.0 2515.0 ssil -384.610687
2515.0 2560.0 ssil -611.091431 EEN
2560.0 2605.0 @ -620.857666
2605.0 2630.0 n -324.336151
2630.0 2645.0 ssil -217.491333
2645.0 2660.0 ssil -203.603455 KARAKTERISTIEK
2660.0 2725.0 k -970.725769
2725.0 2880.0 ac -2185.751709
2880.0 2900.0 r -253.674057
2900.0 2935.0 ac -459.037170
2935.0 2950.0 k -233.730988
2950.0 2985.0 t -518.341919
2985.0 3005.0 @ -267.394440
3005.0 3020.0 r -219.821609
3020.0 3105.0 @ -986.204529
3105.0 3230.0 s -1616.071289
3230.0 3270.0 t -606.715027
3270.0 3350.0 i -1101.866333
3350.0 3365.0 k -233.826721
3365.0 3380.0 ssil -207.655304
3380.0 3410.0 ssil -392.125580 GELUID
3410.0 3510.0 gc -1296.765381
3510.0 3530.0 @ -323.292358
3530.0 3595.0 l -871.585022
3595.0 3745.0 ui -1705.175049
3745.0 3765.0 t -310.338959
3765.0 4110.0 ssil -4505.139160
.
