#!MLF!#
"/net/aistaff/aki/_same-utterance/wav/10/Oost_Overijsel-Gelderland/15664-1464356369-2035261.rec"
0.0 420.0 ssil -4977.487305 ZACHT
420.0 540.0 z -1539.831299
540.0 670.0 ac -1544.099243
670.0 805.0 x -1904.264771
805.0 890.0 t -1202.920898
890.0 965.0 ssil -941.130188
965.0 1050.0 ssil -967.519287 KNORT
1050.0 1120.0 k -976.773376
1120.0 1145.0 n -329.847595
1145.0 1200.0 oc -622.418030
1200.0 1265.0 r -810.989563
1265.0 1320.0 t -720.324585
1320.0 1340.0 ssil -268.806274
1340.0 1360.0 ssil -284.376221 HET
1360.0 1375.0 h -199.210663
1375.0 1390.0 ec -220.532730
1390.0 1420.0 t -450.684937
1420.0 1435.0 ssil -239.045715
1435.0 1450.0 ssil -210.993805 VARKEN
1450.0 1515.0 v -836.245117
1515.0 1555.0 ac -524.262451
1555.0 1700.0 r -1827.371704
1700.0 1745.0 k -665.781433
1745.0 1760.0 @ -219.467926
1760.0 1775.0 ssil -245.401917
1775.0 1790.0 ssil -243.477646 IN
1790.0 1855.0 ic -833.484375
1855.0 1950.0 n -1157.168945
1950.0 1975.0 ssil -333.698975
1975.0 1990.0 ssil -192.352341 DE
1990.0 2010.0 d -282.146637
2010.0 2085.0 @ -1050.696411
2085.0 2145.0 ssil -923.127563
2145.0 2175.0 ssil -472.683502 WEI
2175.0 2190.0 w -265.746552
2190.0 2270.0 ei -1080.635254
2270.0 2495.0 ssil -2709.009521
2495.0 2530.0 ssil -487.246674 EEN
2530.0 2595.0 n -880.127869
2595.0 2610.0 ssil -236.880692
2610.0 2625.0 ssil -213.204453 KARAKTERISTIEK
2625.0 2675.0 k -722.994873
2675.0 2825.0 ac -1781.117188
2825.0 2900.0 r -1007.011780
2900.0 2925.0 ac -336.971039
2925.0 2940.0 k -246.415329
2940.0 2975.0 t -486.196167
2975.0 3030.0 @ -722.509766
3030.0 3045.0 r -236.954788
3045.0 3090.0 @ -587.537659
3090.0 3180.0 s -1158.462402
3180.0 3220.0 t -645.446594
3220.0 3325.0 i -1464.881226
3325.0 3350.0 k -406.133453
3350.0 3365.0 ssil -220.825607
3365.0 3380.0 ssil -219.403961 GELUID
3380.0 3470.0 x -1232.074341
3470.0 3505.0 @ -432.227997
3505.0 3550.0 l -610.040283
3550.0 3730.0 ui -2513.993164
3730.0 3855.0 t -1634.553955
3855.0 4460.0 ssil -7060.093262
.
