#!MLF!#
"/net/aistaff/aki/_same-utterance/wav/10/Oost_Overijsel-Gelderland/16368-1464280691-1974982.rec"
0.0 560.0 ssil -4793.729004 ZACHT
560.0 640.0 z -1067.725952
640.0 730.0 ac -1208.005981
730.0 820.0 x -1224.453857
820.0 875.0 t -765.147705
875.0 895.0 ssil -274.300140
895.0 950.0 ssil -648.110291 KNORT
950.0 1025.0 k -1095.075928
1025.0 1100.0 n -1050.646118
1100.0 1210.0 oc -1401.165649
1210.0 1245.0 r -452.589996
1245.0 1355.0 t -1496.198975
1355.0 1385.0 ssil -388.950317
1385.0 1400.0 ssil -210.601288 HET
1400.0 1435.0 h -471.730713
1435.0 1480.0 ec -519.468018
1480.0 1550.0 t -967.067261
1550.0 1565.0 ssil -206.990234
1565.0 1585.0 ssil -253.251312 VARKEN
1585.0 1645.0 f -734.218384
1645.0 1780.0 ac -1519.048950
1780.0 1810.0 r -402.584076
1810.0 1825.0 k -235.599701
1825.0 1840.0 @ -223.461105
1840.0 1855.0 ssil -203.867386
1855.0 1870.0 ssil -227.908249 IN
1870.0 1885.0 ic -222.616287
1885.0 2040.0 n -1706.541992
2040.0 2055.0 ssil -229.832458
2055.0 2070.0 ssil -196.150070 DE
2070.0 2085.0 d -181.184753
2085.0 2100.0 ssil -177.718094
2100.0 2115.0 ssil -179.584061 WEI
2115.0 2160.0 w -477.185577
2160.0 2355.0 ei -2121.826660
2355.0 2370.0 ssil -177.285583
2370.0 2440.0 ssil -760.238953 EEN
2440.0 2455.0 n -182.247879
2455.0 2990.0 ssil -5911.061523
2990.0 3305.0 ssil -3628.044189 KARAKTERISTIEK
3305.0 3340.0 k -517.199402
3340.0 3355.0 a -219.922943
3355.0 3430.0 r -1125.621338
3430.0 3445.0 ac -223.805161
3445.0 3475.0 k -441.833496
3475.0 3500.0 t -371.160522
3500.0 3555.0 @ -804.294250
3555.0 3635.0 r -946.307434
3635.0 3680.0 @ -560.951233
3680.0 3770.0 s -1210.592896
3770.0 3820.0 t -701.014404
3820.0 3910.0 i -1372.646729
3910.0 3950.0 k -584.830261
3950.0 3965.0 ssil -206.200104
3965.0 3985.0 ssil -266.757935 GELUID
3985.0 4050.0 x -912.668823
4050.0 4135.0 l -1089.289551
4135.0 4335.0 ui -2448.309326
4335.0 4425.0 t -1187.941162
4425.0 4505.0 ssil -1005.776123
.
