#!MLF!#
"/net/aistaff/aki/_same-utterance/wav/10/Oost_Overijsel-Gelderland/1654-1449406245-355479.rec"
0.0 375.0 ssil -4426.229980 ZACHT
375.0 500.0 z -1674.266602
500.0 580.0 ac -986.013489
580.0 695.0 x -1580.895996
695.0 815.0 t -1538.938599
815.0 880.0 ssil -714.949280
880.0 910.0 ssil -345.926758 KNORT
910.0 980.0 k -1054.173218
980.0 1045.0 n -1080.354004
1045.0 1105.0 oc -753.646912
1105.0 1240.0 r -1781.367432
1240.0 1320.0 t -1127.584595
1320.0 1340.0 ssil -294.686584
1340.0 1355.0 ssil -205.354156 HET
1355.0 1375.0 h -243.677872
1375.0 1410.0 ec -485.884857
1410.0 1490.0 t -1160.461304
1490.0 1510.0 ssil -250.057953
1510.0 1525.0 ssil -165.059387 VARKEN
1525.0 1585.0 f -724.008545
1585.0 1615.0 ac -405.328247
1615.0 1780.0 r -2181.069092
1780.0 1815.0 k -500.918732
1815.0 1875.0 @ -663.308472
1875.0 1925.0 n -680.972351
1925.0 1940.0 ssil -194.770615
1940.0 1955.0 ssil -224.335876 IN
1955.0 2055.0 ic -1208.191650
2055.0 2105.0 n -704.266663
2105.0 2120.0 ssil -205.265335
2120.0 2135.0 ssil -187.492325 DE
2135.0 2150.0 d -183.192825
2150.0 2165.0 ssil -183.731705
2165.0 2180.0 ssil -177.046783 WEI
2180.0 2210.0 w -340.760284
2210.0 2475.0 ei -3159.383789
2475.0 2555.0 ssil -992.832764
2555.0 3075.0 ssil -6192.143555 EEN
3075.0 3100.0 @ -330.093140
3100.0 3135.0 n -466.764191
3135.0 3150.0 ssil -225.774261
3150.0 3170.0 ssil -305.359070 KARAKTERISTIEK
3170.0 3225.0 k -871.010254
3225.0 3395.0 a -1982.298828
3395.0 3455.0 r -847.813416
3455.0 3470.0 ac -253.012543
3470.0 3485.0 k -244.423141
3485.0 3535.0 t -719.626099
3535.0 3565.0 @ -357.604401
3565.0 3580.0 r -186.352783
3580.0 3640.0 @ -828.164490
3640.0 3760.0 s -1643.466309
3760.0 3805.0 t -737.105225
3805.0 3935.0 i -1603.145386
3935.0 3960.0 k -372.344879
3960.0 3975.0 ssil -201.106110
3975.0 4005.0 ssil -395.852112 GELUID
4005.0 4090.0 gc -1077.084351
4090.0 4115.0 @ -342.204681
4115.0 4180.0 l -819.825012
4180.0 4360.0 ui -1881.772827
4360.0 4575.0 t -2726.390381
4575.0 5200.0 ssil -7350.628906
.
