#!MLF!#
"/net/aistaff/aki/_same-utterance/wav/10/Oost_Overijsel-Gelderland/17187-1472374246-2452007.rec"
0.0 250.0 ssil -3053.464355 ZACHT
250.0 430.0 s -2285.746094
430.0 525.0 ac -1146.374756
525.0 545.0 x -274.979706
545.0 560.0 ssil -193.481750
560.0 590.0 ssil -399.976349 KNORT
590.0 740.0 k -2241.215332
740.0 770.0 n -396.156067
770.0 835.0 oc -771.138000
835.0 905.0 r -928.747314
905.0 950.0 ssil -664.953857
950.0 980.0 ssil -418.776825 HET
980.0 1020.0 h -499.789612
1020.0 1120.0 ec -1048.809692
1120.0 1135.0 t -209.925461
1135.0 1150.0 ssil -186.999008
1150.0 1175.0 ssil -308.119690 VARKEN
1175.0 1270.0 f -1135.971069
1270.0 1335.0 ac -657.685364
1335.0 1430.0 r -1115.314575
1430.0 1445.0 k -224.855042
1445.0 1465.0 @ -264.162354
1465.0 1490.0 ssil -361.906311
1490.0 1520.0 ssil -435.221588 IN
1520.0 1670.0 ic -1762.619263
1670.0 1735.0 n -696.446289
1735.0 1750.0 ssil -185.112320
1750.0 1765.0 ssil -185.155792 DE
1765.0 1780.0 d -192.523788
1780.0 1795.0 ssil -175.888870
1795.0 1810.0 ssil -186.333801 WEI
1810.0 1900.0 w -927.107849
1900.0 2140.0 ei -2400.664307
2140.0 2175.0 ssil -502.728363
2175.0 2200.0 ssil -380.878601 EEN
2200.0 2225.0 @ -316.656738
2225.0 2245.0 n -253.068436
2245.0 2270.0 ssil -359.599792
2270.0 2325.0 ssil -761.673340 KARAKTERISTIEK
2325.0 2400.0 k -1041.187378
2400.0 2755.0 a -3034.584961
2755.0 2770.0 r -170.914902
2770.0 2785.0 ac -177.163635
2785.0 2800.0 k -225.269241
2800.0 2815.0 t -205.882996
2815.0 2840.0 @ -270.842743
2840.0 2860.0 r -231.264908
2860.0 2980.0 @ -1331.281616
2980.0 3140.0 s -2051.536621
3140.0 3180.0 t -628.296326
3180.0 3355.0 i -2308.618408
3355.0 3390.0 k -510.926239
3390.0 3405.0 ssil -200.639786
3405.0 3425.0 ssil -273.308533 GELUID
3425.0 3510.0 gc -1089.436401
3510.0 3565.0 @ -775.793823
3565.0 3605.0 l -535.282043
3605.0 3815.0 ui -2295.031494
3815.0 3965.0 t -2043.635132
3965.0 4205.0 ssil -3091.291748
.
