#!MLF!#
"/net/aistaff/aki/_same-utterance/wav/10/Oost_Overijsel-Gelderland/3060-1449433936-394696.rec"
0.0 595.0 ssil -6960.031738 ZACHT
595.0 705.0 s -1543.645874
705.0 790.0 ac -1072.206543
790.0 810.0 x -272.651001
810.0 905.0 ssil -1257.952393
905.0 965.0 ssil -676.470581 KNORT
965.0 1050.0 k -1268.879272
1050.0 1080.0 n -396.886108
1080.0 1175.0 oc -1103.400879
1175.0 1200.0 r -356.885284
1200.0 1225.0 ssil -427.448639
1225.0 1265.0 ssil -604.902588 HET
1265.0 1285.0 h -249.224564
1285.0 1350.0 ec -803.447144
1350.0 1370.0 t -292.580841
1370.0 1385.0 ssil -221.505386
1385.0 1405.0 ssil -255.367493 VARKEN
1405.0 1500.0 f -1184.033936
1500.0 1540.0 ac -503.324738
1540.0 1625.0 r -1062.578003
1625.0 1640.0 k -245.613190
1640.0 1675.0 @ -434.949799
1675.0 1710.0 ssil -579.531128
1710.0 1725.0 ssil -217.858124 IN
1725.0 1875.0 ic -1803.226929
1875.0 1980.0 n -1413.120117
1980.0 1995.0 ssil -238.963776
1995.0 2010.0 ssil -196.667236 DE
2010.0 2025.0 d -182.547241
2025.0 2040.0 ssil -190.688232
2040.0 2055.0 ssil -190.672150 WEI
2055.0 2160.0 w -1109.943115
2160.0 2310.0 ei -1696.842773
2310.0 2380.0 ssil -879.817505
2380.0 2450.0 ssil -811.983215 EEN
2450.0 2525.0 n -922.107910
2525.0 2540.0 ssil -196.994385
2540.0 2555.0 ssil -232.577866 KARAKTERISTIEK
2555.0 2605.0 k -747.040894
2605.0 2690.0 a -919.323547
2690.0 2735.0 r -530.209351
2735.0 2750.0 ac -199.811203
2750.0 2790.0 k -513.122681
2790.0 2855.0 t -886.964600
2855.0 2875.0 @ -289.059113
2875.0 2905.0 r -425.092499
2905.0 2970.0 @ -824.286560
2970.0 3110.0 s -1860.462769
3110.0 3150.0 t -549.379272
3150.0 3235.0 i -1090.532959
3235.0 3325.0 k -1319.897095
3325.0 3360.0 ssil -418.298462
3360.0 3460.0 ssil -1346.958984 GELUID
3460.0 3605.0 x -1891.111694
3605.0 3625.0 @ -281.766571
3625.0 3720.0 l -1130.218262
3720.0 3840.0 ui -1374.174316
3840.0 3910.0 t -928.161133
3910.0 4085.0 ssil -1982.711426
.
