#!MLF!#
"/net/aistaff/aki/_same-utterance/wav/10/Oost_Overijsel-Gelderland/3399-1449690277-538012.rec"
0.0 665.0 ssil -8162.039551 ZACHT
665.0 785.0 z -1612.725220
785.0 855.0 ac -949.823914
855.0 1015.0 x -2224.884766
1015.0 1030.0 ssil -190.737122
1030.0 1055.0 ssil -351.800140 KNORT
1055.0 1110.0 k -857.189087
1110.0 1160.0 n -754.234741
1160.0 1245.0 oc -1023.241882
1245.0 1325.0 r -1162.229004
1325.0 1350.0 ssil -352.592072
1350.0 1375.0 ssil -340.621521 HET
1375.0 1390.0 h -209.927658
1390.0 1425.0 ec -478.737305
1425.0 1475.0 t -694.260254
1475.0 1490.0 ssil -183.085129
1490.0 1525.0 ssil -427.897217 VARKEN
1525.0 1565.0 f -565.756348
1565.0 1595.0 ac -402.079956
1595.0 1725.0 r -1535.232178
1725.0 1740.0 k -251.943451
1740.0 1755.0 @ -232.425812
1755.0 1780.0 ssil -368.905670
1780.0 1800.0 ssil -273.719574 IN
1800.0 1955.0 ic -2190.742432
1955.0 2020.0 n -745.548035
2020.0 2035.0 ssil -222.626602
2035.0 2050.0 ssil -201.987915 DE
2050.0 2065.0 d -195.271286
2065.0 2080.0 ssil -191.877686
2080.0 2095.0 ssil -186.537613 WEI
2095.0 2125.0 w -351.328400
2125.0 2375.0 ei -2480.991455
2375.0 2450.0 ssil -856.632996
2450.0 2515.0 ssil -772.730408 EEN
2515.0 2540.0 @ -357.193939
2540.0 2605.0 n -817.270386
2605.0 2620.0 ssil -181.733978
2620.0 2635.0 ssil -212.908615 KARAKTERISTIEK
2635.0 2695.0 k -820.640015
2695.0 2745.0 a -595.562195
2745.0 2795.0 r -666.687622
2795.0 2905.0 ac -1342.717773
2905.0 2940.0 k -563.654114
2940.0 3035.0 t -1373.170898
3035.0 3055.0 @ -253.787750
3055.0 3100.0 r -579.089355
3100.0 3130.0 @ -389.283417
3130.0 3260.0 s -1679.912598
3260.0 3315.0 t -816.249512
3315.0 3435.0 i -1631.405151
3435.0 3505.0 k -1108.562134
3505.0 3550.0 ssil -706.822266
3550.0 3570.0 ssil -317.317810 GELUID
3570.0 3680.0 gc -1522.756836
3680.0 3705.0 @ -361.067871
3705.0 3785.0 l -1037.620239
3785.0 3965.0 ui -1999.735718
3965.0 4100.0 t -1938.894287
4100.0 4505.0 ssil -4818.463867
.
