#!MLF!#
"/net/aistaff/aki/_same-utterance/wav/10/Oost_Overijsel-Gelderland/4245-1450074506-665447.rec"
0.0 780.0 ssil -9933.404297 ZACHT
780.0 915.0 s -1704.886597
915.0 1000.0 ac -1092.486816
1000.0 1115.0 x -1465.718262
1115.0 1160.0 t -603.287720
1160.0 1175.0 ssil -201.028854
1175.0 1200.0 ssil -297.872894 KNORT
1200.0 1260.0 k -867.236023
1260.0 1345.0 n -978.404968
1345.0 1460.0 oc -1483.667480
1460.0 1525.0 r -895.999023
1525.0 1565.0 ssil -620.423218
1565.0 1590.0 ssil -339.448120 HET
1590.0 1605.0 h -194.002563
1605.0 1645.0 ec -516.990967
1645.0 1670.0 t -378.507935
1670.0 1705.0 ssil -490.009979
1705.0 1745.0 ssil -489.923889 VARKEN
1745.0 1775.0 f -414.129700
1775.0 1880.0 ac -1306.092041
1880.0 1970.0 r -1261.390503
1970.0 2025.0 k -820.701233
2025.0 2045.0 @ -271.064484
2045.0 2065.0 ssil -246.402588
2065.0 2080.0 ssil -203.841522 IN
2080.0 2155.0 ic -811.082397
2155.0 2215.0 n -627.081604
2215.0 2230.0 ssil -180.100342
2230.0 2245.0 ssil -198.599487 DE
2245.0 2260.0 d -189.161774
2260.0 2275.0 ssil -188.121460
2275.0 2290.0 ssil -174.147598 WEI
2290.0 2335.0 w -584.087097
2335.0 2555.0 ei -2143.428223
2555.0 2920.0 ssil -4456.106934
2920.0 3005.0 ssil -1102.980957 EEN
3005.0 3075.0 @ -837.031982
3075.0 3150.0 n -848.666504
3150.0 3165.0 ssil -186.923004
3165.0 3180.0 ssil -176.964188 KARAKTERISTIEK
3180.0 3245.0 k -876.971741
3245.0 3330.0 a -964.293213
3330.0 3440.0 r -1483.161621
3440.0 3475.0 ac -489.185638
3475.0 3490.0 k -242.399918
3490.0 3520.0 t -436.196014
3520.0 3535.0 @ -222.299942
3535.0 3570.0 r -472.291992
3570.0 3625.0 @ -660.706238
3625.0 3750.0 s -1687.083496
3750.0 3795.0 t -648.844238
3795.0 3915.0 i -1644.248047
3915.0 3965.0 k -710.700439
3965.0 3995.0 ssil -382.589783
3995.0 4010.0 ssil -199.669266 GELUID
4010.0 4080.0 x -1049.387573
4080.0 4150.0 @ -975.262878
4150.0 4175.0 l -310.695648
4175.0 4395.0 ui -2417.001465
4395.0 4600.0 t -2537.517578
4600.0 5435.0 ssil -9698.214844
.
