#!MLF!#
"/net/aistaff/aki/_same-utterance/wav/10/Oost_Overijsel-Gelderland/4373-1450275116-698096.rec"
0.0 560.0 ssil -6673.257812 ZACHT
560.0 700.0 s -1795.618774
700.0 800.0 ac -1147.786865
800.0 940.0 x -1827.869507
940.0 995.0 t -876.247620
995.0 1025.0 ssil -416.617523
1025.0 1040.0 ssil -228.949539 KNORT
1040.0 1100.0 k -886.374573
1100.0 1160.0 n -780.901245
1160.0 1180.0 oc -258.999542
1180.0 1285.0 r -1325.103394
1285.0 1335.0 t -736.709045
1335.0 1350.0 ssil -211.259537
1350.0 1365.0 ssil -200.796539 HET
1365.0 1380.0 h -209.867844
1380.0 1400.0 ec -266.887085
1400.0 1425.0 t -362.880005
1425.0 1440.0 ssil -193.317627
1440.0 1455.0 ssil -194.923859 VARKEN
1455.0 1545.0 f -1147.003418
1545.0 1590.0 ac -573.358765
1590.0 1725.0 r -1638.554443
1725.0 1775.0 k -669.662415
1775.0 1795.0 @ -251.928848
1795.0 1810.0 ssil -195.535736
1810.0 1825.0 ssil -204.235809 IN
1825.0 1875.0 ic -594.797058
1875.0 1955.0 n -991.172974
1955.0 1970.0 ssil -223.512085
1970.0 1985.0 ssil -191.211472 DE
1985.0 2000.0 d -199.215637
2000.0 2015.0 @ -199.559753
2015.0 2030.0 ssil -193.623352
2030.0 2045.0 ssil -184.463928 WEI
2045.0 2070.0 w -260.795593
2070.0 2410.0 ei -3873.049561
2410.0 2480.0 ssil -1022.321838
2480.0 2580.0 ssil -1362.776978 EEN
2580.0 2660.0 n -1155.754395
2660.0 2675.0 ssil -219.823166
2675.0 2690.0 ssil -213.316971 KARAKTERISTIEK
2690.0 2755.0 k -1027.479248
2755.0 2805.0 ac -617.130615
2805.0 2980.0 r -2054.436279
2980.0 3010.0 ac -427.243835
3010.0 3025.0 k -196.902832
3025.0 3090.0 t -920.808777
3090.0 3140.0 @ -588.430969
3140.0 3160.0 r -241.406097
3160.0 3205.0 @ -556.224976
3205.0 3345.0 s -1758.971069
3345.0 3395.0 t -722.821045
3395.0 3480.0 i -1114.721436
3480.0 3530.0 k -741.153442
3530.0 3545.0 ssil -209.783981
3545.0 3560.0 ssil -202.325195 GELUID
3560.0 3670.0 x -1354.387207
3670.0 3695.0 @ -329.428802
3695.0 3770.0 l -931.977539
3770.0 3935.0 ui -1952.097778
3935.0 4130.0 t -2570.628906
4130.0 4365.0 ssil -2787.482422
.
