#!MLF!#
"/net/aistaff/aki/_same-utterance/wav/10/Oost_Overijsel-Gelderland/4495-1451034878-739354.rec"
0.0 530.0 ssil -6596.330566 ZACHT
530.0 660.0 z -1612.671265
660.0 755.0 ac -1261.972534
755.0 835.0 x -1153.670532
835.0 880.0 ssil -596.125671
880.0 930.0 ssil -667.789124 KNORT
930.0 995.0 k -991.818787
995.0 1050.0 n -771.297058
1050.0 1160.0 oc -1332.195435
1160.0 1230.0 r -1036.601685
1230.0 1310.0 ssil -1073.886841
1310.0 1340.0 ssil -433.704468 HET
1340.0 1380.0 h -483.874329
1380.0 1440.0 ec -843.463257
1440.0 1460.0 t -299.083801
1460.0 1485.0 ssil -319.040070
1485.0 1545.0 ssil -686.124573 VARKEN
1545.0 1585.0 f -530.169250
1585.0 1655.0 ac -937.485168
1655.0 1705.0 r -728.642761
1705.0 1775.0 k -1042.236694
1775.0 1825.0 @ -617.455383
1825.0 1880.0 n -644.233093
1880.0 1895.0 ssil -229.983459
1895.0 1910.0 ssil -201.533524 IN
1910.0 1970.0 ic -651.326843
1970.0 2025.0 n -602.287903
2025.0 2040.0 ssil -187.640289
2040.0 2055.0 ssil -229.033386 DE
2055.0 2080.0 d -328.421082
2080.0 2110.0 @ -366.263885
2110.0 2125.0 ssil -185.958145
2125.0 2140.0 ssil -208.333725 WEI
2140.0 2200.0 w -723.188354
2200.0 2405.0 ei -2508.747070
2405.0 2420.0 ssil -185.322174
2420.0 2710.0 ssil -3341.111816 EEN
2710.0 2750.0 @ -542.326599
2750.0 2810.0 n -783.840515
2810.0 2825.0 ssil -171.554520
2825.0 2840.0 ssil -172.933792 KARAKTERISTIEK
2840.0 2910.0 k -979.471130
2910.0 3015.0 a -1126.113525
3015.0 3070.0 r -673.378784
3070.0 3200.0 ac -1611.742920
3200.0 3270.0 k -1051.288452
3270.0 3310.0 t -604.267578
3310.0 3345.0 @ -496.326202
3345.0 3365.0 r -270.886292
3365.0 3425.0 @ -774.840820
3425.0 3550.0 s -1682.643433
3550.0 3610.0 t -936.487671
3610.0 3705.0 i -1353.601807
3705.0 3730.0 k -387.350372
3730.0 3745.0 ssil -226.920044
3745.0 3760.0 ssil -199.678146 GELUID
3760.0 3855.0 x -1284.110352
3855.0 3915.0 @ -763.640625
3915.0 3980.0 l -794.323975
3980.0 4120.0 ui -1466.252197
4120.0 4185.0 t -944.324768
4185.0 4410.0 ssil -2966.886719
.
