#!MLF!#
"/net/aistaff/aki/_same-utterance/wav/10/Oost_Overijsel-Gelderland/6030-1454017195-1033312.rec"
0.0 655.0 ssil -7716.750977 ZACHT
655.0 770.0 z -1488.235229
770.0 865.0 ac -1137.261963
865.0 1020.0 x -1988.558350
1020.0 1060.0 t -559.145874
1060.0 1080.0 ssil -262.635315
1080.0 1115.0 ssil -446.824066 KNORT
1115.0 1195.0 k -1195.317627
1195.0 1255.0 n -752.866333
1255.0 1335.0 oc -940.973999
1335.0 1360.0 r -378.084473
1360.0 1385.0 ssil -350.876984
1385.0 1445.0 ssil -840.647888 HET
1445.0 1465.0 h -261.646606
1465.0 1545.0 ec -1064.387085
1545.0 1565.0 t -313.057495
1565.0 1580.0 ssil -200.541794
1580.0 1610.0 ssil -381.042664 VARKEN
1610.0 1690.0 f -1010.434937
1690.0 1750.0 ac -726.465332
1750.0 1780.0 r -470.126892
1780.0 1800.0 k -323.264679
1800.0 1865.0 @ -848.059814
1865.0 1895.0 ssil -409.569397
1895.0 1915.0 ssil -296.314880 IN
1915.0 2030.0 ic -1560.759521
2030.0 2080.0 n -551.187561
2080.0 2095.0 ssil -191.736633
2095.0 2110.0 ssil -234.435806 DE
2110.0 2130.0 d -278.837860
2130.0 2175.0 @ -541.469666
2175.0 2190.0 ssil -188.862625
2190.0 2205.0 ssil -195.903961 WEI
2205.0 2260.0 w -659.104675
2260.0 2550.0 ei -3262.976807
2550.0 2565.0 ssil -175.681778
2565.0 2830.0 ssil -3100.038086 EEN
2830.0 2885.0 n -711.293884
2885.0 2905.0 ssil -238.187393
2905.0 2945.0 ssil -577.083984 KARAKTERISTIEK
2945.0 3065.0 k -1507.526489
3065.0 3160.0 a -1205.839355
3160.0 3185.0 r -377.116943
3185.0 3405.0 ac -2772.347168
3405.0 3430.0 k -352.795807
3430.0 3505.0 t -1004.994446
3505.0 3520.0 @ -219.451096
3520.0 3565.0 r -602.408020
3565.0 3650.0 @ -1144.494141
3650.0 3730.0 s -1031.083008
3730.0 3780.0 t -758.348450
3780.0 3890.0 i -1382.739258
3890.0 3905.0 k -225.348465
3905.0 3935.0 ssil -401.729370
3935.0 3960.0 ssil -345.813141 GELUID
3960.0 4075.0 x -1456.407593
4075.0 4105.0 @ -427.569580
4105.0 4190.0 l -1091.760254
4190.0 4360.0 ui -1690.149292
4360.0 4440.0 t -1078.980225
4440.0 4875.0 ssil -5169.120605
.
