#!MLF!#
"/net/aistaff/aki/_same-utterance/wav/10/Oost_Overijsel-Gelderland/6077-1454543037-1317434.rec"
0.0 840.0 ssil -8631.179688 ZACHT
840.0 945.0 z -1324.222900
945.0 1030.0 ac -1079.883667
1030.0 1205.0 x -2404.017822
1205.0 1220.0 ssil -217.677689
1220.0 1235.0 ssil -189.422302 KNORT
1235.0 1300.0 k -955.685486
1300.0 1355.0 n -760.783203
1355.0 1430.0 oc -945.423645
1430.0 1470.0 r -575.727173
1470.0 1515.0 ssil -674.188171
1515.0 1550.0 ssil -542.088501 HET
1550.0 1590.0 h -457.265442
1590.0 1620.0 ec -387.385834
1620.0 1690.0 t -945.537598
1690.0 1720.0 ssil -413.058502
1720.0 1740.0 ssil -284.067657 VARKEN
1740.0 1780.0 f -519.286438
1780.0 1820.0 ac -498.319183
1820.0 1920.0 r -1270.969360
1920.0 1975.0 k -765.374207
1975.0 2010.0 @ -466.517365
2010.0 2040.0 n -382.310822
2040.0 2055.0 ssil -214.192871
2055.0 2070.0 ssil -231.119110 IN
2070.0 2155.0 ic -1037.215088
2155.0 2170.0 n -221.849442
2170.0 2185.0 ssil -199.669403
2185.0 2200.0 ssil -234.811096 DE
2200.0 2220.0 d -303.555969
2220.0 2245.0 @ -333.451324
2245.0 2260.0 ssil -187.998642
2260.0 2275.0 ssil -189.922516 WEI
2275.0 2325.0 w -653.193176
2325.0 2520.0 ei -2195.080322
2520.0 2735.0 ssil -2284.415283
2735.0 3035.0 ssil -3497.518066 EEN
3035.0 3085.0 @ -693.458435
3085.0 3170.0 n -1091.325073
3170.0 3185.0 ssil -240.076233
3185.0 3200.0 ssil -254.468399 KARAKTERISTIEK
3200.0 3255.0 k -855.151184
3255.0 3300.0 ac -530.179077
3300.0 3465.0 r -2172.736084
3465.0 3480.0 ac -259.805450
3480.0 3495.0 k -275.183411
3495.0 3535.0 t -554.318848
3535.0 3585.0 @ -686.299011
3585.0 3620.0 r -529.200500
3620.0 3685.0 @ -876.366516
3685.0 3765.0 s -1091.615723
3765.0 3820.0 t -775.564880
3820.0 3920.0 i -1318.554688
3920.0 3970.0 k -699.725342
3970.0 4015.0 ssil -603.105530
4015.0 4035.0 ssil -271.071808 GELUID
4035.0 4095.0 x -802.726196
4095.0 4115.0 @ -296.639008
4115.0 4185.0 l -960.365906
4185.0 4310.0 ui -1778.387451
4310.0 4495.0 t -2493.106689
4495.0 5990.0 ssil -18244.013672
.
