#!MLF!#
"/net/aistaff/aki/_same-utterance/wav/10/Oost_Overijsel-Gelderland/6545-1454173309-1150483.rec"
0.0 550.0 ssil -6569.156250 ZACHT
550.0 655.0 z -1250.563232
655.0 710.0 ac -678.203430
710.0 875.0 x -2121.561279
875.0 890.0 ssil -162.817413
890.0 925.0 ssil -418.080994 KNORT
925.0 965.0 k -528.693420
965.0 1050.0 n -1096.068115
1050.0 1095.0 oc -499.625397
1095.0 1175.0 r -1008.610107
1175.0 1190.0 ssil -210.263626
1190.0 1205.0 ssil -220.588898 HET
1205.0 1240.0 h -450.884277
1240.0 1260.0 ec -275.187683
1260.0 1275.0 t -217.767426
1275.0 1315.0 ssil -484.157990
1315.0 1365.0 ssil -605.625000 VARKEN
1365.0 1445.0 v -990.281860
1445.0 1460.0 ac -175.098801
1460.0 1630.0 r -2167.183838
1630.0 1675.0 k -607.847046
1675.0 1690.0 @ -195.581284
1690.0 1730.0 n -409.989929
1730.0 1745.0 ssil -194.314255
1745.0 1760.0 ssil -200.464752 IN
1760.0 1810.0 ic -553.535278
1810.0 1855.0 n -475.180573
1855.0 1870.0 ssil -178.810608
1870.0 1885.0 ssil -211.352509 DE
1885.0 1910.0 d -370.267151
1910.0 1925.0 ssil -209.349792
1925.0 1940.0 ssil -190.222305 WEI
1940.0 1990.0 w -571.433044
1990.0 2230.0 ei -2485.216064
2230.0 2285.0 ssil -623.751404
2285.0 2885.0 ssil -6848.866699 EEN
2885.0 2970.0 n -1018.616272
2970.0 2985.0 ssil -189.345596
2985.0 3000.0 ssil -187.024750 KARAKTERISTIEK
3000.0 3075.0 k -1024.693970
3075.0 3125.0 a -653.380920
3125.0 3290.0 r -2131.427002
3290.0 3310.0 ac -255.988556
3310.0 3330.0 k -281.213135
3330.0 3375.0 t -576.163696
3375.0 3410.0 @ -434.783600
3410.0 3425.0 r -187.294159
3425.0 3500.0 @ -843.839844
3500.0 3625.0 s -1494.713257
3625.0 3685.0 t -774.525818
3685.0 3785.0 i -1252.280273
3785.0 3800.0 k -218.091721
3800.0 3830.0 ssil -409.254395
3830.0 3860.0 ssil -413.383362 GELUID
3860.0 4005.0 x -1828.234009
4005.0 4020.0 @ -191.384155
4020.0 4100.0 l -994.332031
4100.0 4305.0 ui -2022.064941
4305.0 4490.0 t -2320.690186
4490.0 5295.0 ssil -8987.693359
.
