#!MLF!#
"/net/aistaff/aki/_same-utterance/wav/10/Oost_Overijsel-Gelderland/6930-1456496662-1527252.rec"
0.0 345.0 ssil -2773.983887 ZACHT
345.0 385.0 s -500.784790
385.0 400.0 ac -234.595856
400.0 415.0 x -188.048492
415.0 915.0 ssil -6050.250977
915.0 1435.0 ssil -7210.690918 KNORT
1435.0 1480.0 k -669.392212
1480.0 1520.0 n -439.233185
1520.0 1700.0 r -2412.118652
1700.0 1750.0 ssil -795.654358
1750.0 1775.0 ssil -378.835724 HET
1775.0 1835.0 h -842.471008
1835.0 1885.0 ec -644.423401
1885.0 1940.0 t -837.668274
1940.0 2020.0 ssil -1014.240417
2020.0 2040.0 ssil -272.903107 VARKEN
2040.0 2105.0 f -813.115723
2105.0 2170.0 ac -817.243164
2170.0 2310.0 r -1794.522583
2310.0 2350.0 k -604.400879
2350.0 2405.0 @ -723.420776
2405.0 2620.0 n -2374.635986
2620.0 2905.0 ssil -3277.639160
2905.0 2975.0 ssil -985.160095 IN
2975.0 3025.0 ic -699.617126
3025.0 3165.0 n -1657.889404
3165.0 3180.0 ssil -228.933701
3180.0 3195.0 ssil -211.964478 DE
3195.0 3210.0 d -224.976746
3210.0 3225.0 ssil -205.880066
3225.0 3240.0 ssil -197.575653 WEI
3240.0 3315.0 w -895.724121
3315.0 3555.0 ei -2979.224609
3555.0 3675.0 ssil -1339.806274
3675.0 4085.0 ssil -4659.847168 EEN
4085.0 4105.0 @ -275.794403
4105.0 4290.0 n -2543.118896
4290.0 4320.0 ssil -345.116882
4320.0 4455.0 ssil -1456.892944 KARAKTERISTIEK
4455.0 4585.0 k -1891.777588
4585.0 4615.0 a -357.442078
4615.0 4755.0 r -1689.957397
4755.0 4780.0 ac -336.358887
4780.0 4850.0 k -844.226196
4850.0 4875.0 t -354.924896
4875.0 4890.0 @ -232.928101
4890.0 4910.0 r -264.752106
4910.0 4985.0 @ -900.820618
4985.0 5065.0 s -1215.638794
5065.0 5210.0 t -2097.716797
5210.0 5365.0 i -2004.091675
5365.0 5430.0 k -950.577393
5430.0 5480.0 ssil -664.700867
5480.0 5535.0 ssil -702.231323 GELUID
5535.0 5550.0 gc -216.204422
5550.0 5605.0 l -789.945496
5605.0 5630.0 ui -357.349426
5630.0 5670.0 t -590.259216
5670.0 5735.0 ssil -922.350586
.
