#!MLF!#
"/net/aistaff/aki/_same-utterance/wav/10/Oost_Overijsel-Gelderland/6968-1454524328-1299529.rec"
0.0 825.0 ssil -8860.137695 ZACHT
825.0 950.0 s -1566.699219
950.0 1070.0 ac -1479.377075
1070.0 1160.0 x -1168.942749
1160.0 1250.0 t -1144.861694
1250.0 1265.0 ssil -171.037888
1265.0 1305.0 ssil -406.092010 KNORT
1305.0 1430.0 k -1770.288452
1430.0 1465.0 n -484.050781
1465.0 1545.0 oc -1056.107544
1545.0 1610.0 r -929.649292
1610.0 1670.0 t -813.798401
1670.0 1685.0 ssil -191.341553
1685.0 1705.0 ssil -239.301529 HET
1705.0 1725.0 h -248.641235
1725.0 1815.0 ec -1137.967041
1815.0 1835.0 t -316.753082
1835.0 1900.0 ssil -761.219971
1900.0 1925.0 ssil -280.784424 VARKEN
1925.0 1955.0 v -426.886444
1955.0 2020.0 ac -785.498840
2020.0 2130.0 r -1405.491089
2130.0 2145.0 k -203.596375
2145.0 2175.0 @ -470.066772
2175.0 2250.0 n -906.046753
2250.0 2265.0 ssil -199.055634
2265.0 2280.0 ssil -199.207443 IN
2280.0 2330.0 ic -560.783997
2330.0 2365.0 n -429.077454
2365.0 2380.0 ssil -196.105713
2380.0 2395.0 ssil -214.391373 DE
2395.0 2410.0 d -208.716232
2410.0 2455.0 @ -539.082703
2455.0 2470.0 ssil -200.206482
2470.0 2485.0 ssil -204.644363 WEI
2485.0 2540.0 w -689.468445
2540.0 2780.0 ei -2777.622314
2780.0 3125.0 ssil -4472.459961
3125.0 3425.0 ssil -3684.303711 EEN
3425.0 3505.0 @ -1122.656128
3505.0 3585.0 n -1056.749756
3585.0 3605.0 ssil -282.449158
3605.0 3660.0 ssil -652.758972 KARAKTERISTIEK
3660.0 3720.0 k -836.047852
3720.0 3835.0 ac -1457.750122
3835.0 3945.0 r -1429.853027
3945.0 3960.0 ac -197.653259
3960.0 3975.0 k -223.102539
3975.0 4015.0 t -553.781067
4015.0 4095.0 @ -939.056580
4095.0 4110.0 r -193.433060
4110.0 4125.0 @ -208.686615
4125.0 4220.0 s -1294.284180
4220.0 4325.0 t -1522.798706
4325.0 4400.0 i -947.678528
4400.0 4415.0 k -227.786911
4415.0 4545.0 ssil -1654.848145
4545.0 4845.0 ssil -3588.140381 GELUID
4845.0 4980.0 x -1746.148438
4980.0 5060.0 @ -1041.420654
5060.0 5105.0 l -559.360657
5105.0 5335.0 ui -2653.163818
5335.0 5370.0 t -507.313934
5370.0 6200.0 ssil -10763.337891
.
