#!MLF!#
"/net/aistaff/aki/_same-utterance/wav/10/Oost_Overijsel-Gelderland/8004-1457194536-1545187.rec"
0.0 515.0 ssil -6132.291504 ZACHT
515.0 615.0 s -1393.118408
615.0 690.0 ac -1010.227051
690.0 810.0 x -1701.206787
810.0 840.0 t -434.625488
840.0 870.0 ssil -398.827637
870.0 950.0 ssil -957.069397 KNORT
950.0 1020.0 k -1009.083496
1020.0 1055.0 n -461.663788
1055.0 1165.0 oc -1312.633179
1165.0 1240.0 r -1057.770142
1240.0 1310.0 ssil -838.371704
1310.0 1325.0 ssil -209.562180 HET
1325.0 1390.0 h -786.330139
1390.0 1425.0 ec -454.186737
1425.0 1470.0 t -596.101013
1470.0 1485.0 ssil -188.407501
1485.0 1510.0 ssil -287.907684 VARKEN
1510.0 1545.0 f -456.239594
1545.0 1600.0 ac -835.792358
1600.0 1710.0 r -1583.215088
1710.0 1755.0 k -601.452087
1755.0 1780.0 @ -294.859009
1780.0 1795.0 ssil -180.582199
1795.0 1810.0 ssil -204.974655 IN
1810.0 1890.0 ic -917.339111
1890.0 1985.0 n -1071.055664
1985.0 2000.0 ssil -194.747742
2000.0 2015.0 ssil -185.307220 DE
2015.0 2030.0 d -196.128372
2030.0 2045.0 ssil -184.020309
2045.0 2060.0 ssil -175.206680 WEI
2060.0 2115.0 w -554.384766
2115.0 2335.0 ei -2317.012695
2335.0 2405.0 ssil -854.810364
2405.0 2905.0 ssil -5763.257324 EEN
2905.0 2965.0 @ -763.331299
2965.0 2980.0 ssil -241.063156
2980.0 2995.0 ssil -242.773285 KARAKTERISTIEK
2995.0 3040.0 k -687.858887
3040.0 3080.0 ac -551.384888
3080.0 3220.0 r -1792.746338
3220.0 3235.0 ac -196.509048
3235.0 3250.0 k -213.710907
3250.0 3285.0 t -486.066620
3285.0 3305.0 @ -244.981598
3305.0 3320.0 r -201.123184
3320.0 3365.0 @ -550.112793
3365.0 3440.0 s -987.867920
3440.0 3490.0 t -662.948608
3490.0 3530.0 i -561.285645
3530.0 3570.0 k -583.938232
3570.0 3615.0 ssil -622.206787
3615.0 3650.0 ssil -414.453979 GELUID
3650.0 3700.0 x -624.648376
3700.0 3790.0 l -1105.611816
3790.0 3960.0 ui -2289.301025
3960.0 4045.0 t -1144.230835
4045.0 4690.0 ssil -7473.208984
.
