#!MLF!#
"/net/aistaff/aki/_same-utterance/wav/10/Oost_Overijsel-Gelderland/8804-1457967558-1649071.rec"
0.0 530.0 ssil -6368.594238 ZACHT
530.0 645.0 s -1530.360962
645.0 705.0 ac -714.958313
705.0 800.0 x -1229.171631
800.0 830.0 t -451.434143
830.0 870.0 ssil -535.143555
870.0 885.0 ssil -252.142059 KNORT
885.0 955.0 k -1069.927490
955.0 985.0 n -446.826935
985.0 1100.0 r -1573.016357
1100.0 1130.0 t -421.640594
1130.0 1145.0 ssil -197.827454
1145.0 1170.0 ssil -350.377625 HET
1170.0 1185.0 h -184.321701
1185.0 1205.0 ec -256.990417
1205.0 1250.0 t -658.467834
1250.0 1265.0 ssil -230.784286
1265.0 1280.0 ssil -210.661774 VARKEN
1280.0 1395.0 f -1415.444702
1395.0 1410.0 ac -204.587296
1410.0 1525.0 r -1396.382324
1525.0 1630.0 k -1572.579346
1630.0 1665.0 @ -493.819397
1665.0 1680.0 ssil -242.748367
1680.0 1695.0 ssil -242.446884 IN
1695.0 1740.0 ic -575.156860
1740.0 1815.0 n -848.247925
1815.0 1830.0 ssil -228.517273
1830.0 1845.0 ssil -201.781876 DE
1845.0 1860.0 d -197.591644
1860.0 1875.0 ssil -193.360458
1875.0 1890.0 ssil -181.361816 WEI
1890.0 1920.0 w -394.585175
1920.0 2210.0 ei -3531.299561
2210.0 2230.0 ssil -252.887680
2230.0 2425.0 ssil -2543.914062 EEN
2425.0 2480.0 @ -765.685364
2480.0 2560.0 n -1092.578735
2560.0 2575.0 ssil -245.676224
2575.0 2590.0 ssil -215.762222 KARAKTERISTIEK
2590.0 2645.0 k -824.734863
2645.0 2700.0 ac -617.797241
2700.0 2770.0 r -1007.173706
2770.0 2910.0 ac -1918.969727
2910.0 2950.0 k -631.457581
2950.0 3010.0 t -861.521484
3010.0 3055.0 @ -589.082947
3055.0 3105.0 r -718.621765
3105.0 3155.0 @ -644.857544
3155.0 3280.0 s -1606.628418
3280.0 3345.0 t -905.782043
3345.0 3470.0 i -1651.474854
3470.0 3515.0 k -643.414734
3515.0 3535.0 ssil -255.668350
3535.0 3550.0 ssil -208.310791 GELUID
3550.0 3625.0 x -1028.389404
3625.0 3655.0 @ -460.365265
3655.0 3725.0 l -1027.124878
3725.0 3880.0 ui -1854.897705
3880.0 4030.0 t -2133.129883
4030.0 4785.0 ssil -8959.069336
.
