#!MLF!#
"/net/aistaff/aki/_same-utterance/wav/10/Oost_Overijsel-Gelderland/8845-1483384027-2547994.rec"
0.0 415.0 ssil -4844.774902 ZACHT
415.0 520.0 z -1371.368896
520.0 635.0 ac -1364.327271
635.0 760.0 x -1658.174561
760.0 815.0 t -810.773438
815.0 830.0 ssil -210.489807
830.0 865.0 ssil -444.806946 KNORT
865.0 950.0 k -1257.028320
950.0 985.0 n -531.264404
985.0 1090.0 oc -1223.911011
1090.0 1130.0 r -611.890015
1130.0 1145.0 ssil -208.731384
1145.0 1175.0 ssil -462.571991 HET
1175.0 1190.0 h -213.394363
1190.0 1215.0 ec -348.083740
1215.0 1275.0 t -772.682312
1275.0 1290.0 ssil -208.263550
1290.0 1305.0 ssil -200.837280 VARKEN
1305.0 1365.0 f -760.330200
1365.0 1470.0 ac -1281.785522
1470.0 1505.0 r -525.504150
1505.0 1520.0 k -247.887283
1520.0 1540.0 @ -264.015381
1540.0 1560.0 ssil -305.396942
1560.0 1600.0 ssil -666.642273 IN
1600.0 1690.0 ic -1208.643677
1690.0 1730.0 n -581.127625
1730.0 1745.0 ssil -243.464279
1745.0 1760.0 ssil -217.413834 DE
1760.0 1775.0 d -207.672089
1775.0 1790.0 ssil -200.300049
1790.0 1805.0 ssil -204.099380 WEI
1805.0 1865.0 w -819.263855
1865.0 2085.0 ei -2760.879639
2085.0 2245.0 ssil -1963.459473
2245.0 2275.0 ssil -421.515137 EEN
2275.0 2345.0 @ -938.741028
2345.0 2360.0 ssil -252.797653
2360.0 2375.0 ssil -239.203339 KARAKTERISTIEK
2375.0 2465.0 k -1330.602783
2465.0 2495.0 a -382.924774
2495.0 2690.0 r -2384.882080
2690.0 2710.0 ac -295.717072
2710.0 2725.0 k -246.018082
2725.0 2765.0 t -578.752869
2765.0 2810.0 @ -583.071899
2810.0 2850.0 r -464.200897
2850.0 2890.0 @ -523.383240
2890.0 3005.0 s -1511.193481
3005.0 3060.0 t -774.489258
3060.0 3145.0 i -1116.786011
3145.0 3175.0 k -408.240387
3175.0 3190.0 ssil -193.787262
3190.0 3205.0 ssil -200.295624 GELUID
3205.0 3255.0 x -698.017822
3255.0 3300.0 @ -584.814880
3300.0 3340.0 l -478.512421
3340.0 3530.0 ui -2113.105225
3530.0 3655.0 t -1689.925537
3655.0 4110.0 ssil -5645.780273
.
