#!MLF!#
"/net/aistaff/aki/_same-utterance/wav/10/Oost_Overijsel-Gelderland/9415-1462988098-1806620.rec"
0.0 520.0 ssil -6700.203613 ZACHT
520.0 670.0 z -1983.206055
670.0 775.0 ac -1385.852173
775.0 915.0 x -1813.713745
915.0 960.0 t -697.649231
960.0 1020.0 ssil -862.148560
1020.0 1035.0 ssil -232.347473 KNORT
1035.0 1085.0 k -788.871155
1085.0 1125.0 n -571.925598
1125.0 1145.0 @ -272.948242
1145.0 1280.0 r -1820.458740
1280.0 1330.0 t -706.358887
1330.0 1345.0 ssil -233.761734
1345.0 1360.0 ssil -208.051163 HET
1360.0 1375.0 h -221.285461
1375.0 1390.0 ec -243.771225
1390.0 1430.0 t -554.310852
1430.0 1445.0 ssil -215.981415
1445.0 1460.0 ssil -205.369492 VARKEN
1460.0 1535.0 f -896.720825
1535.0 1550.0 ac -196.554214
1550.0 1705.0 r -1992.616333
1705.0 1770.0 k -1041.173218
1770.0 1795.0 @ -355.592896
1795.0 1835.0 n -506.106689
1835.0 1850.0 ssil -231.168991
1850.0 1865.0 ssil -225.677139 IN
1865.0 1915.0 ic -589.512939
1915.0 2005.0 n -1071.339722
2005.0 2020.0 ssil -243.782272
2020.0 2035.0 ssil -218.281464 DE
2035.0 2050.0 d -206.863022
2050.0 2065.0 ssil -192.738327
2065.0 2080.0 ssil -183.721359 WEI
2080.0 2130.0 w -608.595154
2130.0 2500.0 ei -4011.192383
2500.0 2680.0 ssil -2004.969238
2680.0 2745.0 ssil -868.500977 EEN
2745.0 2775.0 @ -447.026794
2775.0 2835.0 n -837.949646
2835.0 2850.0 ssil -224.112854
2850.0 2865.0 ssil -215.111221 KARAKTERISTIEK
2865.0 2910.0 k -710.850464
2910.0 3085.0 a -2234.504639
3085.0 3130.0 r -550.108765
3130.0 3150.0 ac -317.704071
3150.0 3210.0 k -1032.755493
3210.0 3260.0 t -761.673950
3260.0 3310.0 @ -517.274719
3310.0 3325.0 r -196.066544
3325.0 3395.0 @ -816.683777
3395.0 3520.0 s -1631.717529
3520.0 3565.0 t -752.179382
3565.0 3685.0 i -1674.242920
3685.0 3705.0 k -312.156158
3705.0 3720.0 ssil -204.437744
3720.0 3775.0 ssil -657.500916 GELUID
3775.0 3820.0 gc -590.311218
3820.0 3860.0 @ -522.076843
3860.0 3925.0 l -807.375732
3925.0 4095.0 ui -2043.495239
4095.0 4210.0 t -1530.453369
4210.0 4945.0 ssil -8935.283203
.
