#!MLF!#
"/net/aistaff/aki/_same-utterance/wav/03/Limburg/10015-1465414679-2278559.rec"
0.0 315.0 ssil -2842.609131 JEANNETTE
315.0 330.0 z -280.297943
330.0 370.0 @ -468.497345
370.0 420.0 n -659.577332
420.0 560.0 ec -1682.900635
560.0 620.0 t -860.927917
620.0 635.0 ssil -206.697861
635.0 650.0 ssil -219.765900 LACHT
650.0 760.0 l -1398.548706
760.0 885.0 ac -1467.408325
885.0 930.0 x -680.910461
930.0 945.0 ssil -251.479218
945.0 970.0 ssil -364.599731 NADAT
970.0 990.0 n -337.531525
990.0 1065.0 ac -966.139832
1065.0 1100.0 d -548.749512
1100.0 1220.0 ac -1449.790771
1220.0 1235.0 t -229.839996
1235.0 1250.0 ssil -230.756805
1250.0 1265.0 ssil -217.297668 ZE
1265.0 1345.0 s -1022.699646
1345.0 1375.0 @ -395.505615
1375.0 1395.0 ssil -247.527954
1395.0 1410.0 ssil -186.565308 DOOR
1410.0 1455.0 d -620.361511
1455.0 1605.0 o -1535.981689
1605.0 1620.0 ssil -199.257233
1620.0 1635.0 ssil -184.354584 EEN
1635.0 1650.0 n -199.924896
1650.0 1665.0 ssil -215.227631
1665.0 1680.0 ssil -211.226196 ONBEKENDE
1680.0 1795.0 oc -1331.609375
1795.0 1895.0 n -1173.498169
1895.0 1925.0 b -428.889771
1925.0 1985.0 @ -909.938843
1985.0 2050.0 k -961.902405
2050.0 2150.0 ec -1370.560425
2150.0 2220.0 n -801.629333
2220.0 2235.0 d -197.542252
2235.0 2260.0 @ -312.392853
2260.0 2275.0 ssil -220.287292
2275.0 2305.0 ssil -418.335968 PERSOON
2305.0 2320.0 p -223.168289
2320.0 2455.0 s -1666.598877
2455.0 2560.0 o -1141.184692
2560.0 2595.0 n -402.013702
2595.0 2610.0 ssil -200.188370
2610.0 2625.0 ssil -195.482391 IS
2625.0 2650.0 ic -347.658722
2650.0 2810.0 s -2228.858643
2810.0 2840.0 ssil -458.255157
2840.0 2910.0 ssil -938.960815 GEKUST
2910.0 2950.0 x -707.031189
2950.0 3065.0 @ -1376.925781
3065.0 3080.0 k -249.057159
3080.0 3095.0 u -264.127289
3095.0 3275.0 s -2359.242920
3275.0 3670.0 ssil -4602.060547
.
