#!MLF!#
"/net/aistaff/aki/_same-utterance/wav/03/Limburg/10029-1466013489-2321338.rec"
0.0 560.0 ssil -7675.353027 JEANNETTE
560.0 710.0 z -2007.884399
710.0 785.0 @ -927.726929
785.0 840.0 n -680.428040
840.0 1010.0 ec -2018.057617
1010.0 1075.0 t -887.327881
1075.0 1105.0 ssil -457.665039
1105.0 1155.0 ssil -779.731506 LACHT
1155.0 1250.0 l -1142.946167
1250.0 1440.0 ac -2258.776123
1440.0 1530.0 x -1324.457153
1530.0 1560.0 ssil -453.123199
1560.0 1595.0 ssil -472.509033 NADAT
1595.0 1625.0 n -381.496246
1625.0 1695.0 @ -761.575073
1695.0 1750.0 d -807.455688
1750.0 1835.0 ac -1024.917114
1835.0 1850.0 t -229.145737
1850.0 1865.0 ssil -205.460236
1865.0 1880.0 ssil -212.225403 ZE
1880.0 1970.0 s -1148.151367
1970.0 2000.0 @ -414.100922
2000.0 2015.0 ssil -216.672211
2015.0 2035.0 ssil -282.163544 DOOR
2035.0 2065.0 d -463.124481
2065.0 2180.0 o -1321.222290
2180.0 2195.0 ssil -204.083038
2195.0 2210.0 ssil -202.693512 EEN
2210.0 2225.0 @ -204.606888
2225.0 2300.0 n -976.209717
2300.0 2330.0 ssil -569.059814
2330.0 2395.0 ssil -862.958008 ONBEKENDE
2395.0 2415.0 oc -291.725220
2415.0 2560.0 n -1747.151855
2560.0 2625.0 b -934.391541
2625.0 2670.0 @ -702.354248
2670.0 2750.0 k -1162.094849
2750.0 2815.0 ec -815.410828
2815.0 2900.0 n -1026.718384
2900.0 2915.0 d -220.680923
2915.0 2940.0 @ -312.730042
2940.0 2955.0 ssil -203.105240
2955.0 2970.0 ssil -201.797653 PERSOON
2970.0 3020.0 p -651.156982
3020.0 3080.0 r -865.117493
3080.0 3220.0 s -1925.669067
3220.0 3340.0 o -1422.720581
3340.0 3410.0 n -902.655396
3410.0 3425.0 ssil -205.808151
3425.0 3440.0 ssil -199.495819 IS
3440.0 3480.0 ic -541.602722
3480.0 3635.0 s -2049.765137
3635.0 3690.0 ssil -766.607483
3690.0 3780.0 ssil -1313.567993 GEKUST
3780.0 3815.0 x -535.145874
3815.0 3850.0 @ -513.190308
3850.0 3865.0 k -236.339493
3865.0 3885.0 u -286.327332
3885.0 4120.0 s -3027.302734
4120.0 4160.0 t -588.082214
4160.0 4205.0 ssil -557.125671
.
