#!MLF!#
"/net/aistaff/aki/_same-utterance/wav/03/Limburg/10241-1464791214-2189984.rec"
0.0 510.0 ssil -6353.179199 JEANNETTE
510.0 685.0 sc -2143.336914
685.0 775.0 @ -1015.078979
775.0 820.0 n -566.955933
820.0 965.0 ec -1880.073120
965.0 980.0 t -229.795074
980.0 995.0 ssil -195.115036
995.0 1050.0 ssil -733.756714 LACHT
1050.0 1085.0 l -446.791199
1085.0 1210.0 ac -1362.005859
1210.0 1385.0 x -2166.988281
1385.0 1425.0 t -514.887024
1425.0 1840.0 ssil -4950.595703
1840.0 1895.0 ssil -780.093262 NADAT
1895.0 1920.0 n -350.361481
1920.0 2035.0 a -1290.196289
2035.0 2070.0 d -495.006073
2070.0 2145.0 ac -873.267395
2145.0 2160.0 t -216.521927
2160.0 2185.0 ssil -309.598419
2185.0 2205.0 ssil -271.375763 ZE
2205.0 2315.0 s -1357.343384
2315.0 2335.0 @ -255.350876
2335.0 2350.0 ssil -214.983536
2350.0 2365.0 ssil -216.228363 DOOR
2365.0 2390.0 d -319.736572
2390.0 2565.0 o -1925.448486
2565.0 2580.0 ssil -206.764618
2580.0 2595.0 ssil -195.320816 EEN
2595.0 2650.0 n -667.016785
2650.0 2750.0 ssil -1109.987793
2750.0 2800.0 ssil -626.519104 ONBEKENDE
2800.0 2955.0 oc -1845.112549
2955.0 3025.0 n -797.149414
3025.0 3065.0 b -493.841705
3065.0 3200.0 @ -1775.001953
3200.0 3255.0 k -814.814819
3255.0 3355.0 ec -1272.609863
3355.0 3450.0 n -1039.567505
3450.0 3470.0 d -260.898560
3470.0 3500.0 @ -393.578369
3500.0 3545.0 ssil -590.093079
3545.0 3565.0 ssil -257.479156 PERSOON
3565.0 3625.0 p -794.326050
3625.0 3680.0 r -738.607544
3680.0 3840.0 s -2040.922119
3840.0 4000.0 o -1694.958252
4000.0 4095.0 n -1102.534180
4095.0 4155.0 ssil -749.782959
4155.0 4180.0 ssil -453.140961 IS
4180.0 4245.0 ic -902.133972
4245.0 4385.0 s -1876.169678
4385.0 4535.0 ssil -2129.693359
4535.0 4595.0 ssil -898.845520 GEKUST
4595.0 4615.0 gc -296.314484
4615.0 4750.0 @ -1432.434570
4750.0 4765.0 k -229.991180
4765.0 4780.0 u -260.795685
4780.0 4960.0 s -2332.373535
4960.0 5010.0 t -652.703674
5010.0 5130.0 ssil -1496.395264
.
