#!MLF!#
"/net/aistaff/aki/_same-utterance/wav/03/Limburg/10295-1464277086-1971878.rec"
0.0 560.0 ssil -6359.305664 JEANNETTE
560.0 630.0 sc -960.016907
630.0 680.0 @ -578.811035
680.0 770.0 n -1178.660645
770.0 910.0 ec -1994.024170
910.0 925.0 t -234.515320
925.0 945.0 ssil -302.737488
945.0 985.0 ssil -571.753906 LACHT
985.0 1070.0 l -1181.006592
1070.0 1195.0 ac -1545.037842
1195.0 1230.0 x -465.720367
1230.0 1265.0 ssil -512.564575
1265.0 1390.0 ssil -1643.701172 NADAT
1390.0 1455.0 n -860.039001
1455.0 1610.0 a -1832.263672
1610.0 1630.0 d -304.249908
1630.0 1725.0 ac -1244.652100
1725.0 1780.0 t -733.920227
1780.0 1795.0 ssil -194.148804
1795.0 1810.0 ssil -191.085220 ZE
1810.0 1835.0 z -360.279297
1835.0 1850.0 ssil -217.138733
1850.0 1865.0 ssil -200.899811 DOOR
1865.0 1905.0 d -504.452942
1905.0 1995.0 o -1039.043945
1995.0 2010.0 ssil -224.442215
2010.0 2030.0 ssil -313.512512 EEN
2030.0 2065.0 @ -471.089447
2065.0 2085.0 ssil -276.279022
2085.0 2100.0 ssil -207.427383 ONBEKENDE
2100.0 2180.0 oc -1126.259644
2180.0 2265.0 n -919.606567
2265.0 2305.0 b -549.394836
2305.0 2375.0 @ -1040.625732
2375.0 2420.0 k -700.036865
2420.0 2510.0 ec -1077.062012
2510.0 2580.0 n -893.189331
2580.0 2600.0 d -297.460114
2600.0 2655.0 @ -699.904785
2655.0 2670.0 ssil -193.295166
2670.0 2685.0 ssil -214.234695 PERSOON
2685.0 2715.0 p -423.680084
2715.0 2730.0 @ -198.605286
2730.0 2755.0 r -365.113281
2755.0 2910.0 s -1937.988281
2910.0 3000.0 o -956.449890
3000.0 3050.0 n -602.959351
3050.0 3065.0 ssil -217.013519
3065.0 3080.0 ssil -209.433273 IS
3080.0 3110.0 ic -423.457336
3110.0 3245.0 s -1837.151855
3245.0 3300.0 ssil -843.549011
3300.0 3385.0 ssil -1307.214966 GEKUST
3385.0 3405.0 x -321.021637
3405.0 3460.0 @ -744.533264
3460.0 3475.0 k -236.943817
3475.0 3495.0 u -297.794159
3495.0 3635.0 s -1775.457764
3635.0 3740.0 t -1459.950684
3740.0 4040.0 ssil -3584.833496
.
