#!MLF!#
"/net/aistaff/aki/_same-utterance/wav/03/Limburg/12292-1465233648-2259904.rec"
0.0 595.0 ssil -7465.169922 JEANNETTE
595.0 710.0 z -1590.282959
710.0 765.0 @ -667.575806
765.0 815.0 n -649.845337
815.0 910.0 ec -1206.239014
910.0 970.0 t -824.320618
970.0 985.0 ssil -196.669113
985.0 1005.0 ssil -296.667145 LACHT
1005.0 1080.0 l -863.560913
1080.0 1225.0 ac -1696.277710
1225.0 1315.0 x -1307.899292
1315.0 1340.0 t -339.564453
1340.0 1365.0 ssil -374.712585
1365.0 1395.0 ssil -411.890717 NADAT
1395.0 1445.0 n -709.407776
1445.0 1515.0 a -832.813110
1515.0 1545.0 d -404.677948
1545.0 1615.0 ac -883.255615
1615.0 1630.0 t -215.630035
1630.0 1645.0 ssil -214.363556
1645.0 1660.0 ssil -209.516968 ZE
1660.0 1705.0 s -556.194092
1705.0 1740.0 ssil -499.099701
1740.0 1765.0 ssil -322.571045 DOOR
1765.0 1830.0 d -894.866028
1830.0 1870.0 o -560.914612
1870.0 1885.0 ssil -234.543228
1885.0 1905.0 ssil -322.592682 EEN
1905.0 1925.0 @ -284.601501
1925.0 1950.0 n -366.268524
1950.0 1970.0 ssil -273.788940
1970.0 1985.0 ssil -226.582733 ONBEKENDE
1985.0 2120.0 oc -1687.587524
2120.0 2165.0 n -564.143311
2165.0 2200.0 b -508.515564
2200.0 2265.0 @ -954.156921
2265.0 2325.0 k -929.758240
2325.0 2410.0 ec -1061.776245
2410.0 2465.0 n -655.200928
2465.0 2500.0 d -490.708954
2500.0 2515.0 @ -221.827621
2515.0 2530.0 ssil -223.223862
2530.0 2545.0 ssil -202.731857 PERSOON
2545.0 2560.0 p -221.194641
2560.0 2695.0 s -1681.335449
2695.0 2800.0 o -1336.272949
2800.0 2845.0 n -582.101379
2845.0 2860.0 ssil -194.387787
2860.0 2875.0 ssil -178.721634 IS
2875.0 2905.0 ic -375.222717
2905.0 2980.0 s -1001.043640
2980.0 3065.0 ssil -1205.818481
3065.0 3145.0 ssil -1216.622681 GEKUST
3145.0 3175.0 x -490.301361
3175.0 3305.0 @ -1530.517944
3305.0 3335.0 k -434.465637
3335.0 3350.0 u -270.117615
3350.0 3445.0 s -1189.313232
3445.0 3600.0 t -2021.407959
3600.0 4085.0 ssil -5711.792969
.
