#!MLF!#
"/net/aistaff/aki/_same-utterance/wav/03/Limburg/12960-1464275086-1944302.rec"
0.0 475.0 ssil -5875.448730 JEANNETTE
475.0 555.0 sc -1133.221680
555.0 585.0 @ -388.929443
585.0 630.0 n -593.572632
630.0 725.0 ec -1083.252808
725.0 740.0 t -233.832993
740.0 790.0 ssil -837.528687
790.0 825.0 ssil -557.758301 LACHT
825.0 900.0 l -1030.180420
900.0 1010.0 ac -1462.746460
1010.0 1060.0 x -715.500488
1060.0 1120.0 t -843.700134
1120.0 1135.0 ssil -215.661591
1135.0 1150.0 ssil -238.220306 NADAT
1150.0 1195.0 n -672.809021
1195.0 1280.0 @ -925.242554
1280.0 1295.0 d -201.158722
1295.0 1370.0 ac -912.423035
1370.0 1390.0 t -304.328125
1390.0 1405.0 ssil -217.351669
1405.0 1420.0 ssil -206.180466 ZE
1420.0 1460.0 s -547.806885
1460.0 1490.0 @ -400.851288
1490.0 1505.0 ssil -234.139175
1505.0 1520.0 ssil -257.878662 DOOR
1520.0 1540.0 d -320.917694
1540.0 1645.0 o -1374.921387
1645.0 1660.0 ssil -206.018616
1660.0 1675.0 ssil -236.218765 EEN
1675.0 1695.0 n -293.582794
1695.0 1715.0 ssil -318.461792
1715.0 1730.0 ssil -251.227005 ONBEKENDE
1730.0 1825.0 oc -1211.081665
1825.0 1880.0 n -704.387390
1880.0 1940.0 b -867.099792
1940.0 1960.0 @ -359.698517
1960.0 2020.0 k -927.800232
2020.0 2095.0 ec -910.538086
2095.0 2160.0 n -904.161682
2160.0 2190.0 d -455.826538
2190.0 2210.0 @ -283.498718
2210.0 2225.0 ssil -242.733734
2225.0 2240.0 ssil -247.501617 PERSOON
2240.0 2255.0 p -216.259628
2255.0 2350.0 s -1186.848267
2350.0 2450.0 o -1114.365112
2450.0 2490.0 n -541.916870
2490.0 2505.0 ssil -220.710266
2505.0 2520.0 ssil -213.984390 IS
2520.0 2570.0 ic -622.604919
2570.0 2620.0 s -665.937073
2620.0 2640.0 ssil -300.983765
2640.0 2655.0 ssil -213.363251 GEKUST
2655.0 2685.0 gc -456.468353
2685.0 2720.0 @ -503.033905
2720.0 2820.0 k -1498.618652
2820.0 2895.0 u -1072.848511
2895.0 3015.0 s -1534.072266
3015.0 3105.0 t -1199.650024
3105.0 3460.0 ssil -4250.115723
.
