#!MLF!#
"/net/aistaff/aki/_same-utterance/wav/03/Limburg/13627-1464339836-2014546.rec"
0.0 1015.0 ssil -11686.333984 JEANNETTE
1015.0 1095.0 sc -991.642212
1095.0 1195.0 @ -1205.979248
1195.0 1250.0 n -719.455139
1250.0 1445.0 ec -2572.381104
1445.0 1485.0 t -633.155823
1485.0 1545.0 ssil -725.815735
1545.0 1660.0 ssil -1547.448364 LACHT
1660.0 1750.0 l -1201.482666
1750.0 1930.0 ac -2443.317139
1930.0 2015.0 x -1179.729858
2015.0 2095.0 t -1024.057373
2095.0 2325.0 ssil -2674.127686
2325.0 2485.0 ssil -1838.437500 NADAT
2485.0 2500.0 n -248.150528
2500.0 2565.0 ac -885.579834
2565.0 2615.0 d -702.821960
2615.0 2750.0 ac -1778.051636
2750.0 2765.0 t -225.029709
2765.0 2780.0 ssil -209.939423
2780.0 2795.0 ssil -213.031342 ZE
2795.0 2830.0 z -488.004089
2830.0 2845.0 ssil -205.053146
2845.0 2860.0 ssil -200.515594 DOOR
2860.0 2910.0 d -691.177856
2910.0 3050.0 o -1693.862671
3050.0 3065.0 ssil -198.295731
3065.0 3105.0 ssil -518.798218 EEN
3105.0 3125.0 @ -256.154297
3125.0 3140.0 ssil -211.164948
3140.0 3155.0 ssil -206.288483 ONBEKENDE
3155.0 3265.0 oc -1389.032227
3265.0 3295.0 n -332.258759
3295.0 3340.0 b -621.163513
3340.0 3375.0 @ -491.597534
3375.0 3480.0 k -1477.846191
3480.0 3540.0 ec -746.275940
3540.0 3585.0 n -561.489441
3585.0 3600.0 d -211.384186
3600.0 3670.0 @ -906.275635
3670.0 3685.0 ssil -173.922562
3685.0 3700.0 ssil -196.716736 PERSOON
3700.0 3745.0 p -618.662842
3745.0 3770.0 r -354.281647
3770.0 3895.0 s -1491.509521
3895.0 4065.0 o -1823.632080
4065.0 4130.0 n -860.956848
4130.0 4145.0 ssil -209.894394
4145.0 4160.0 ssil -203.694519 IS
4160.0 4205.0 ic -562.532959
4205.0 4330.0 s -1595.066406
4330.0 4450.0 ssil -1843.148315
4450.0 4475.0 ssil -486.634186 GEKUST
4475.0 4495.0 x -369.116058
4495.0 4630.0 @ -1652.765747
4630.0 4645.0 k -217.112839
4645.0 4660.0 u -245.902863
4660.0 4720.0 s -800.529907
4720.0 4820.0 t -1307.191650
4820.0 5200.0 ssil -4553.073730
.
