#!MLF!#
"/net/aistaff/aki/_same-utterance/wav/03/Limburg/14111-1477307638-2516832.rec"
0.0 815.0 ssil -10083.539062 JEANNETTE
815.0 950.0 sc -1782.978882
950.0 1040.0 @ -1152.875854
1040.0 1120.0 n -999.240173
1120.0 1290.0 ec -2155.874512
1290.0 1345.0 t -765.861206
1345.0 1365.0 ssil -300.221344
1365.0 1380.0 ssil -247.797867 LACHT
1380.0 1455.0 l -1083.973267
1455.0 1550.0 ac -1282.453369
1550.0 1710.0 x -2258.151123
1710.0 1790.0 t -1106.868896
1790.0 1840.0 ssil -611.904053
1840.0 1870.0 ssil -379.611969 NADAT
1870.0 1980.0 n -1310.377808
1980.0 2130.0 a -1907.679321
2130.0 2170.0 d -548.442017
2170.0 2265.0 ac -1154.407593
2265.0 2280.0 t -238.362259
2280.0 2310.0 ssil -415.854614
2310.0 2330.0 ssil -267.085968 ZE
2330.0 2450.0 s -1706.876831
2450.0 2500.0 @ -736.653870
2500.0 2515.0 ssil -194.421173
2515.0 2530.0 ssil -192.605408 DOOR
2530.0 2605.0 d -1043.410156
2605.0 2790.0 o -2299.747803
2790.0 2875.0 r -1075.126099
2875.0 2890.0 ssil -200.517990
2890.0 2905.0 ssil -207.027527 EEN
2905.0 2985.0 n -955.576111
2985.0 3005.0 ssil -294.758820
3005.0 3025.0 ssil -285.709015 ONBEKENDE
3025.0 3155.0 oc -1608.557251
3155.0 3235.0 n -877.597168
3235.0 3305.0 b -819.653015
3305.0 3415.0 @ -1609.490234
3415.0 3470.0 k -883.122131
3470.0 3550.0 ec -974.158264
3550.0 3615.0 n -656.830444
3615.0 3650.0 d -484.626190
3650.0 3740.0 @ -1118.119507
3740.0 3755.0 ssil -194.288437
3755.0 3770.0 ssil -216.349640 PERSOON
3770.0 3800.0 p -473.716583
3800.0 3885.0 r -1110.532715
3885.0 4040.0 s -2016.413696
4040.0 4140.0 o -1238.782471
4140.0 4280.0 n -1604.800903
4280.0 4325.0 ssil -537.864075
4325.0 4610.0 ssil -3315.354248 IS
4610.0 4680.0 ic -1057.699341
4680.0 4715.0 s -526.763794
4715.0 4730.0 ssil -213.312698
4730.0 4745.0 ssil -240.572418 GEKUST
4745.0 4860.0 x -1640.416382
4860.0 5020.0 @ -2167.985352
5020.0 5110.0 k -1277.235962
5110.0 5185.0 u -1018.705200
5185.0 5420.0 s -2839.214355
5420.0 5505.0 t -1154.251465
5505.0 5970.0 ssil -5273.772461
.
