#!MLF!#
"/net/aistaff/aki/_same-utterance/wav/03/Limburg/15588-1465484963-2284869.rec"
0.0 1025.0 ssil -12713.869141 JEANNETTE
1025.0 1165.0 sc -1749.864746
1165.0 1230.0 @ -875.370972
1230.0 1290.0 n -810.081482
1290.0 1410.0 ec -1536.391357
1410.0 1470.0 t -904.875366
1470.0 1485.0 ssil -232.888107
1485.0 1500.0 ssil -230.292404 LACHT
1500.0 1610.0 l -1432.688477
1610.0 1695.0 ac -1122.330444
1695.0 1850.0 x -2273.247559
1850.0 2005.0 t -2194.350342
2005.0 2020.0 ssil -229.832565
2020.0 2050.0 ssil -424.314575 NADAT
2050.0 2120.0 n -899.822754
2120.0 2265.0 a -1693.837158
2265.0 2300.0 d -529.248901
2300.0 2375.0 ac -915.533630
2375.0 2390.0 t -224.374939
2390.0 2405.0 ssil -220.377670
2405.0 2420.0 ssil -220.581329 ZE
2420.0 2505.0 s -1093.210571
2505.0 2525.0 @ -262.535095
2525.0 2540.0 ssil -196.066681
2540.0 2555.0 ssil -204.751480 DOOR
2555.0 2625.0 d -937.031799
2625.0 2685.0 o -675.062683
2685.0 2810.0 r -1561.581909
2810.0 2830.0 ssil -244.131897
2830.0 2845.0 ssil -207.862656 EEN
2845.0 2860.0 @ -230.124680
2860.0 2875.0 ssil -233.452240
2875.0 2890.0 ssil -239.637115 ONBEKENDE
2890.0 3010.0 oc -1729.683228
3010.0 3125.0 n -1305.700806
3125.0 3165.0 b -548.106689
3165.0 3240.0 @ -1136.293701
3240.0 3300.0 k -1027.827881
3300.0 3365.0 ec -794.713135
3365.0 3455.0 n -1039.991211
3455.0 3480.0 d -364.523590
3480.0 3555.0 @ -1014.899902
3555.0 3570.0 ssil -191.089447
3570.0 3585.0 ssil -206.936234 PERSOON
3585.0 3630.0 p -623.492615
3630.0 3675.0 r -681.643860
3675.0 3830.0 s -1916.775024
3830.0 3965.0 o -1595.566528
3965.0 4020.0 n -646.849304
4020.0 4035.0 ssil -226.825546
4035.0 4050.0 ssil -221.903839 IS
4050.0 4115.0 ic -896.492371
4115.0 4240.0 s -1765.034546
4240.0 4435.0 ssil -2672.827881
4435.0 4500.0 ssil -836.536865 GEKUST
4500.0 4535.0 gc -529.788513
4535.0 4600.0 @ -790.800110
4600.0 4615.0 k -229.859283
4615.0 4630.0 u -238.887238
4630.0 4805.0 s -2061.982910
4805.0 4980.0 t -2233.085205
4980.0 5620.0 ssil -8295.346680
.
