#!MLF!#
"/net/aistaff/aki/_same-utterance/wav/03/Limburg/15592-1465471147-2283234.rec"
0.0 820.0 ssil -9778.970703 JEANNETTE
820.0 905.0 sc -1015.043579
905.0 960.0 @ -668.395569
960.0 1030.0 n -822.071289
1030.0 1145.0 ec -1359.441040
1145.0 1160.0 t -219.602295
1160.0 1210.0 ssil -669.665100
1210.0 1225.0 ssil -220.160889 LACHT
1225.0 1340.0 l -1419.278564
1340.0 1460.0 ac -1615.699707
1460.0 1495.0 x -501.028351
1495.0 1530.0 ssil -491.974823
1530.0 1630.0 ssil -1305.020874 NADAT
1630.0 1665.0 n -463.624359
1665.0 1765.0 a -1174.056274
1765.0 1780.0 d -226.646759
1780.0 1905.0 ac -1582.503662
1905.0 1920.0 t -213.738037
1920.0 1935.0 ssil -212.442139
1935.0 1950.0 ssil -199.426270 ZE
1950.0 1990.0 s -513.755554
1990.0 2020.0 @ -386.000732
2020.0 2035.0 ssil -202.470810
2035.0 2050.0 ssil -220.175293 DOOR
2050.0 2085.0 d -462.221924
2085.0 2195.0 o -1231.991699
2195.0 2210.0 ssil -214.537216
2210.0 2225.0 ssil -209.224121 EEN
2225.0 2245.0 @ -248.424347
2245.0 2290.0 n -574.928467
2290.0 2305.0 ssil -225.657242
2305.0 2320.0 ssil -231.493378 ONBEKENDE
2320.0 2460.0 oc -1818.072144
2460.0 2545.0 n -1072.459473
2545.0 2575.0 b -408.431976
2575.0 2625.0 @ -728.223572
2625.0 2705.0 k -1170.549805
2705.0 2770.0 ec -809.637878
2770.0 2825.0 n -580.135986
2825.0 2840.0 d -206.687683
2840.0 2895.0 @ -656.480042
2895.0 2910.0 ssil -172.656677
2910.0 2925.0 ssil -185.669998 PERSOON
2925.0 2995.0 p -958.471375
2995.0 3085.0 r -1186.482544
3085.0 3220.0 s -1653.587280
3220.0 3340.0 o -1299.671509
3340.0 3400.0 n -677.358459
3400.0 3415.0 ssil -199.759659
3415.0 3430.0 ssil -205.122681 IS
3430.0 3510.0 ic -1033.378296
3510.0 3590.0 s -1064.039185
3590.0 3690.0 ssil -1347.896606
3690.0 3795.0 ssil -1495.226562 GEKUST
3795.0 3835.0 gc -582.261414
3835.0 3935.0 @ -1133.885742
3935.0 3950.0 k -228.115433
3950.0 3965.0 u -245.210632
3965.0 4135.0 s -2079.591797
4135.0 4215.0 t -1024.988403
4215.0 4530.0 ssil -3810.111572
.
