#!MLF!#
"/net/aistaff/aki/_same-utterance/wav/03/Limburg/15937-1466106942-2329145.rec"
0.0 320.0 ssil -2900.096191 JEANNETTE
320.0 340.0 sc -321.036469
340.0 415.0 @ -1041.242188
415.0 480.0 n -856.081482
480.0 585.0 ec -1329.643677
585.0 600.0 t -239.732605
600.0 675.0 ssil -1093.406982
675.0 730.0 ssil -811.887878 LACHT
730.0 805.0 l -979.574097
805.0 1000.0 ac -2285.448730
1000.0 1015.0 x -218.773300
1015.0 1145.0 ssil -1861.553711
1145.0 1195.0 ssil -740.357910 NADAT
1195.0 1235.0 n -510.846588
1235.0 1335.0 @ -1318.368652
1335.0 1370.0 d -597.991699
1370.0 1445.0 ac -1056.509766
1445.0 1540.0 t -1392.421509
1540.0 1555.0 ssil -207.213364
1555.0 1570.0 ssil -212.157883 ZE
1570.0 1585.0 z -237.779419
1585.0 1610.0 @ -329.311401
1610.0 1625.0 ssil -168.971085
1625.0 1645.0 ssil -268.600525 DOOR
1645.0 1695.0 d -686.243164
1695.0 1810.0 o -1290.949585
1810.0 1825.0 ssil -196.127060
1825.0 1840.0 ssil -212.735092 EEN
1840.0 1925.0 @ -1107.425781
1925.0 2035.0 n -1321.830933
2035.0 2060.0 ssil -356.121704
2060.0 2175.0 ssil -1514.952026 ONBEKENDE
2175.0 2200.0 oc -315.661194
2200.0 2270.0 n -835.379211
2270.0 2295.0 b -356.322784
2295.0 2405.0 @ -1499.089600
2405.0 2450.0 k -655.319580
2450.0 2540.0 ec -1148.024414
2540.0 2650.0 n -1310.153687
2650.0 2685.0 d -525.614929
2685.0 2725.0 @ -486.917175
2725.0 2740.0 ssil -181.727127
2740.0 2755.0 ssil -199.360748 PERSOON
2755.0 2795.0 p -578.604309
2795.0 2815.0 @ -270.255920
2815.0 2845.0 r -439.075012
2845.0 2985.0 s -1768.271729
2985.0 3085.0 o -1199.227051
3085.0 3110.0 n -302.185486
3110.0 3125.0 ssil -178.314651
3125.0 3140.0 ssil -197.673859 IS
3140.0 3155.0 ic -228.070923
3155.0 3240.0 s -1134.816040
3240.0 3255.0 ssil -207.717651
3255.0 3275.0 ssil -268.992493 GEKUST
3275.0 3300.0 gc -325.657593
3300.0 3380.0 @ -1044.514404
3380.0 3475.0 k -1305.416382
3475.0 3545.0 u -905.485718
3545.0 3695.0 s -1914.961792
3695.0 3770.0 t -1011.453491
3770.0 4275.0 ssil -5954.525879
.
