#!MLF!#
"/net/aistaff/aki/_same-utterance/wav/03/Limburg/16307-1464164534-1896103.rec"
0.0 525.0 ssil -6405.781250 JEANNETTE
525.0 645.0 sc -1613.138184
645.0 730.0 @ -1026.621216
730.0 800.0 n -916.555603
800.0 915.0 ec -1262.103149
915.0 930.0 t -290.148560
930.0 945.0 ssil -261.857147
945.0 960.0 ssil -241.383789 LACHT
960.0 1055.0 l -1201.087891
1055.0 1225.0 ac -1985.482300
1225.0 1285.0 x -818.844666
1285.0 1350.0 t -837.161011
1350.0 1365.0 ssil -229.345139
1365.0 1385.0 ssil -321.945404 NADAT
1385.0 1430.0 n -611.158447
1430.0 1450.0 d -289.540894
1450.0 1685.0 ac -2539.419189
1685.0 1710.0 t -343.001373
1710.0 1725.0 ssil -198.441544
1725.0 1740.0 ssil -198.362259 ZE
1740.0 1805.0 s -804.467224
1805.0 1850.0 @ -547.363586
1850.0 1865.0 ssil -200.218445
1865.0 1880.0 ssil -212.856705 DOOR
1880.0 1915.0 d -514.296082
1915.0 2050.0 o -1478.387451
2050.0 2065.0 ssil -191.377686
2065.0 2080.0 ssil -199.919144 EEN
2080.0 2100.0 @ -283.120209
2100.0 2150.0 n -681.193298
2150.0 2165.0 ssil -203.634903
2165.0 2185.0 ssil -280.875214 ONBEKENDE
2185.0 2295.0 oc -1367.551147
2295.0 2380.0 n -1014.167175
2380.0 2410.0 b -417.248993
2410.0 2485.0 @ -1040.617432
2485.0 2555.0 k -1007.509583
2555.0 2635.0 ec -924.214722
2635.0 2665.0 n -381.455048
2665.0 2680.0 d -209.919540
2680.0 2695.0 @ -235.806396
2695.0 2710.0 ssil -201.177338
2710.0 2725.0 ssil -227.534134 PERSOON
2725.0 2750.0 p -403.661560
2750.0 2770.0 r -307.335754
2770.0 2910.0 s -1710.251709
2910.0 3025.0 o -1246.506958
3025.0 3050.0 n -342.989990
3050.0 3065.0 ssil -212.513718
3065.0 3080.0 ssil -213.662598 IS
3080.0 3130.0 ic -652.243530
3130.0 3165.0 s -472.559326
3165.0 3180.0 ssil -196.731796
3180.0 3195.0 ssil -188.434448 GEKUST
3195.0 3250.0 x -735.983887
3250.0 3280.0 @ -392.485596
3280.0 3400.0 k -1677.505981
3400.0 3560.0 u -1903.969360
3560.0 3675.0 s -1503.057617
3675.0 3795.0 t -1613.716309
3795.0 4365.0 ssil -6933.025879
.
