#!MLF!#
"/net/aistaff/aki/_same-utterance/wav/03/Limburg/16326-1464607942-2145512.rec"
0.0 670.0 ssil -8205.968750 JEANNETTE
670.0 775.0 z -1400.213745
775.0 860.0 @ -939.833557
860.0 925.0 n -763.853882
925.0 1030.0 ec -1333.327148
1030.0 1045.0 t -230.567978
1045.0 1200.0 ssil -1973.403564
1200.0 1240.0 ssil -547.931274 LACHT
1240.0 1310.0 l -879.868530
1310.0 1445.0 ac -1718.616333
1445.0 1560.0 x -1571.546997
1560.0 1690.0 t -1756.176514
1690.0 1735.0 ssil -621.394653
1735.0 1805.0 ssil -874.722900 NADAT
1805.0 1880.0 n -851.613220
1880.0 1980.0 a -1085.436523
1980.0 2025.0 d -574.904053
2025.0 2140.0 ac -1317.235107
2140.0 2210.0 t -920.746155
2210.0 2225.0 ssil -188.020218
2225.0 2240.0 ssil -190.600555 ZE
2240.0 2260.0 z -260.820343
2260.0 2285.0 @ -325.500183
2285.0 2305.0 ssil -248.151047
2305.0 2330.0 ssil -304.261322 DOOR
2330.0 2390.0 d -747.158447
2390.0 2480.0 o -1007.309143
2480.0 2495.0 ssil -194.668839
2495.0 2510.0 ssil -200.276016 EEN
2510.0 2560.0 @ -636.247192
2560.0 2615.0 n -653.034546
2615.0 2630.0 ssil -224.254150
2630.0 2645.0 ssil -211.455765 ONBEKENDE
2645.0 2765.0 oc -1419.617920
2765.0 2835.0 n -854.936890
2835.0 2860.0 b -365.546265
2860.0 2945.0 @ -1137.470947
2945.0 2985.0 k -648.464661
2985.0 3120.0 ec -1690.080322
3120.0 3140.0 n -286.580872
3140.0 3160.0 d -273.676910
3160.0 3250.0 @ -1199.600830
3250.0 3265.0 ssil -201.755402
3265.0 3285.0 ssil -295.227997 PERSOON
3285.0 3350.0 p -1024.028687
3350.0 3510.0 s -1995.704712
3510.0 3620.0 o -1168.191162
3620.0 3700.0 n -904.265137
3700.0 3715.0 ssil -229.766586
3715.0 3730.0 ssil -209.224503 IS
3730.0 3825.0 ic -1220.207031
3825.0 3915.0 s -1168.478394
3915.0 4015.0 ssil -1336.864746
4015.0 4045.0 ssil -416.231903 GEKUST
4045.0 4155.0 x -1506.154053
4155.0 4275.0 @ -1396.165771
4275.0 4295.0 k -264.616364
4295.0 4310.0 u -276.663147
4310.0 4420.0 s -1330.871094
4420.0 4565.0 t -1719.898315
4565.0 4785.0 ssil -2487.757080
.
