#!MLF!#
"/net/aistaff/aki/_same-utterance/wav/03/Limburg/16495-1464467199-2106778.rec"
0.0 590.0 ssil -7031.491211 JEANNETTE
590.0 690.0 z -1241.873901
690.0 760.0 @ -731.660278
760.0 820.0 n -779.928101
820.0 990.0 ec -2155.493652
990.0 1035.0 t -633.256775
1035.0 1050.0 ssil -205.999496
1050.0 1065.0 ssil -204.659256 LACHT
1065.0 1125.0 l -794.647400
1125.0 1260.0 ac -1750.083252
1260.0 1320.0 x -852.255798
1320.0 1425.0 t -1359.125366
1425.0 1465.0 ssil -508.533325
1465.0 1480.0 ssil -190.124268 NADAT
1480.0 1550.0 n -876.813171
1550.0 1665.0 a -1283.875122
1665.0 1680.0 d -205.516876
1680.0 1775.0 ac -1037.190186
1775.0 1790.0 t -233.707520
1790.0 1805.0 ssil -213.888824
1805.0 1820.0 ssil -228.582611 ZE
1820.0 1905.0 s -1166.517700
1905.0 1950.0 @ -535.514343
1950.0 1965.0 ssil -190.159241
1965.0 1980.0 ssil -187.558594 DOOR
1980.0 2010.0 d -406.715729
2010.0 2170.0 o -1852.400513
2170.0 2190.0 ssil -266.581726
2190.0 2205.0 ssil -198.041809 EEN
2205.0 2235.0 n -390.240356
2235.0 2255.0 ssil -255.450424
2255.0 2270.0 ssil -218.271072 ONBEKENDE
2270.0 2355.0 oc -1218.686523
2355.0 2445.0 n -1087.620239
2445.0 2465.0 b -284.991791
2465.0 2555.0 @ -1280.867798
2555.0 2625.0 k -1069.477905
2625.0 2680.0 ec -695.291931
2680.0 2755.0 n -925.484741
2755.0 2775.0 d -286.472961
2775.0 2795.0 @ -279.361328
2795.0 2815.0 ssil -242.429886
2815.0 2860.0 ssil -530.495300 PERSOON
2860.0 2905.0 p -676.849060
2905.0 2920.0 @ -198.375336
2920.0 2960.0 r -508.977753
2960.0 3095.0 s -1730.533691
3095.0 3255.0 o -1707.424316
3255.0 3330.0 n -949.995667
3330.0 3345.0 ssil -186.277908
3345.0 3360.0 ssil -180.692032 IS
3360.0 3405.0 ic -566.423645
3405.0 3450.0 s -540.096802
3450.0 3465.0 ssil -190.566772
3465.0 3480.0 ssil -217.487762 GEKUST
3480.0 3530.0 gc -698.136475
3530.0 3600.0 @ -872.155212
3600.0 3690.0 k -1261.078125
3690.0 3765.0 u -1061.295288
3765.0 3915.0 s -2103.336426
3915.0 3985.0 t -941.067932
3985.0 5250.0 ssil -14291.629883
.
