#!MLF!#
"/net/aistaff/aki/_same-utterance/wav/03/Limburg/17126-1472377022-2454632.rec"
0.0 695.0 ssil -8239.689453 JEANNETTE
695.0 815.0 z -1508.183594
815.0 880.0 @ -754.517456
880.0 950.0 n -846.146790
950.0 1085.0 ec -1641.992798
1085.0 1100.0 t -216.869827
1100.0 1120.0 ssil -249.568802
1120.0 1195.0 ssil -1035.287354 LACHT
1195.0 1310.0 l -1320.181152
1310.0 1415.0 ac -1191.013062
1415.0 1555.0 x -1914.791504
1555.0 1690.0 t -1842.819702
1690.0 1760.0 ssil -956.657776
1760.0 1795.0 ssil -475.651703 NADAT
1795.0 1830.0 n -469.766693
1830.0 1935.0 a -1193.954590
1935.0 1960.0 d -337.818115
1960.0 2035.0 ac -866.352722
2035.0 2090.0 t -780.834290
2090.0 2105.0 ssil -212.678040
2105.0 2120.0 ssil -208.006775 ZE
2120.0 2190.0 s -894.406067
2190.0 2210.0 ssil -286.963562
2210.0 2225.0 ssil -192.743576 DOOR
2225.0 2320.0 d -1173.074707
2320.0 2515.0 o -1905.922119
2515.0 2530.0 ssil -200.667435
2530.0 2545.0 ssil -186.957321 EEN
2545.0 2560.0 n -180.331711
2560.0 2575.0 ssil -200.768448
2575.0 2590.0 ssil -197.248627 ONBEKENDE
2590.0 2700.0 oc -1242.312988
2700.0 2775.0 n -757.571899
2775.0 2800.0 b -323.807953
2800.0 2870.0 @ -865.861328
2870.0 2940.0 k -1005.188477
2940.0 2995.0 ec -655.327332
2995.0 3035.0 n -437.725098
3035.0 3050.0 d -200.021637
3050.0 3105.0 @ -661.799683
3105.0 3120.0 ssil -166.150238
3120.0 3135.0 ssil -185.384384 PERSOON
3135.0 3180.0 p -598.609436
3180.0 3235.0 r -720.067261
3235.0 3350.0 s -1525.755249
3350.0 3490.0 o -1499.129272
3490.0 3565.0 n -907.696594
3565.0 3595.0 ssil -422.291992
3595.0 3620.0 ssil -351.041962 IS
3620.0 3660.0 ic -552.738159
3660.0 3730.0 s -838.819763
3730.0 3915.0 ssil -2402.177490
3915.0 3975.0 ssil -723.724487 GEKUST
3975.0 4000.0 gc -353.803894
4000.0 4015.0 @ -234.534958
4015.0 4085.0 k -980.414246
4085.0 4165.0 u -1000.880127
4165.0 4355.0 s -2678.001221
4355.0 4430.0 t -1005.505737
4430.0 5295.0 ssil -10165.379883
.
