#!MLF!#
"/net/aistaff/aki/_same-utterance/wav/03/Limburg/2238-1449334896-298008.rec"
0.0 470.0 ssil -5522.692871 JEANNETTE
470.0 590.0 sc -1471.546509
590.0 640.0 @ -602.668884
640.0 700.0 n -738.638611
700.0 820.0 ec -1358.240112
820.0 835.0 t -206.957977
835.0 850.0 ssil -213.720108
850.0 865.0 ssil -223.618179 LACHT
865.0 955.0 l -1161.364502
955.0 1070.0 ac -1230.963501
1070.0 1140.0 x -934.360474
1140.0 1155.0 ssil -217.367722
1155.0 1200.0 ssil -590.688843 NADAT
1200.0 1250.0 n -610.537354
1250.0 1380.0 a -1189.433716
1380.0 1405.0 d -350.375732
1405.0 1480.0 ac -809.473083
1480.0 1495.0 t -239.246140
1495.0 1520.0 ssil -373.896942
1520.0 1540.0 ssil -325.636108 ZE
1540.0 1645.0 s -1363.619385
1645.0 1685.0 @ -427.633942
1685.0 1700.0 ssil -197.306595
1700.0 1715.0 ssil -191.751083 DOOR
1715.0 1740.0 d -304.374023
1740.0 1915.0 o -1937.639160
1915.0 1930.0 ssil -210.382248
1930.0 1945.0 ssil -203.531479 EEN
1945.0 1970.0 n -272.158356
1970.0 1985.0 ssil -206.979507
1985.0 2000.0 ssil -205.813751 ONBEKENDE
2000.0 2095.0 oc -1114.608521
2095.0 2165.0 n -862.521362
2165.0 2205.0 b -546.801880
2205.0 2300.0 @ -1344.137695
2300.0 2335.0 k -592.196655
2335.0 2415.0 ec -874.152954
2415.0 2480.0 n -752.038269
2480.0 2495.0 d -215.752823
2495.0 2520.0 @ -331.282898
2520.0 2570.0 ssil -601.099365
2570.0 2585.0 ssil -196.342834 PERSOON
2585.0 2630.0 p -607.472290
2630.0 2665.0 r -529.790771
2665.0 2790.0 s -1706.053101
2790.0 2860.0 o -750.130981
2860.0 2920.0 n -713.262695
2920.0 2935.0 ssil -222.813034
2935.0 2950.0 ssil -190.979324 IS
2950.0 3010.0 ic -679.714661
3010.0 3180.0 s -2250.794678
3180.0 3195.0 ssil -201.698105
3195.0 3265.0 ssil -957.010010 GEKUST
3265.0 3295.0 x -517.533875
3295.0 3375.0 @ -938.220093
3375.0 3390.0 k -232.909119
3390.0 3405.0 u -241.146851
3405.0 3505.0 s -1346.372925
3505.0 3585.0 t -1072.038574
3585.0 3810.0 ssil -2977.604004
.
