#!MLF!#
"/net/aistaff/aki/_same-utterance/wav/03/Limburg/3677-1449656912-525415.rec"
0.0 15.0 ssil -179.373383 JEANNETTE
15.0 30.0 z -240.103546
30.0 45.0 @ -191.003616
45.0 310.0 n -2720.779541
310.0 325.0 ec -262.150208
325.0 355.0 t -486.299957
355.0 1015.0 ssil -8260.957031
1015.0 1315.0 ssil -4133.682129 LACHT
1315.0 1365.0 l -673.989197
1365.0 1420.0 ac -746.146851
1420.0 1535.0 x -1636.374878
1535.0 1655.0 ssil -1522.885742
1655.0 1755.0 ssil -1349.767456 NADAT
1755.0 1815.0 n -784.456909
1815.0 1930.0 ac -1286.446167
1930.0 1945.0 d -215.177094
1945.0 2005.0 ac -776.551758
2005.0 2020.0 t -237.651154
2020.0 2035.0 ssil -201.133163
2035.0 2055.0 ssil -283.170380 ZE
2055.0 2155.0 s -1322.632812
2155.0 2185.0 @ -392.550171
2185.0 2215.0 ssil -370.136719
2215.0 2230.0 ssil -197.327347 DOOR
2230.0 2275.0 d -604.340088
2275.0 2410.0 o -1512.651367
2410.0 2425.0 ssil -222.799042
2425.0 2440.0 ssil -212.194641 EEN
2440.0 2455.0 @ -205.882233
2455.0 2525.0 n -869.356628
2525.0 2555.0 ssil -408.989868
2555.0 2570.0 ssil -200.739349 ONBEKENDE
2570.0 2660.0 oc -1210.124756
2660.0 2730.0 n -784.544983
2730.0 2755.0 b -358.425598
2755.0 2855.0 @ -1346.100342
2855.0 2895.0 k -599.451172
2895.0 2960.0 ec -822.235962
2960.0 3045.0 n -958.051941
3045.0 3070.0 d -336.070221
3070.0 3100.0 @ -402.588623
3100.0 3130.0 ssil -354.164703
3130.0 3205.0 ssil -855.887573 PERSOON
3205.0 3220.0 p -205.730499
3220.0 3255.0 @ -409.932739
3255.0 3290.0 r -456.925079
3290.0 3445.0 s -1926.103149
3445.0 3555.0 o -1268.353149
3555.0 3595.0 n -444.869293
3595.0 3610.0 ssil -180.020645
3610.0 3625.0 ssil -190.037003 IS
3625.0 3680.0 ic -683.338928
3680.0 3750.0 s -875.226807
3750.0 3765.0 ssil -202.853775
3765.0 3780.0 ssil -186.095993 GEKUST
3780.0 3850.0 gc -882.908447
3850.0 3975.0 @ -1623.963745
3975.0 4030.0 k -763.634827
4030.0 4105.0 u -1064.792358
4105.0 4430.0 s -4061.312500
4430.0 4805.0 ssil -4459.166504
.
