#!MLF!#
"/net/aistaff/aki/_same-utterance/wav/03/Limburg/4642-1450784016-761862.rec"
0.0 860.0 ssil -9131.966797 JEANNETTE
860.0 955.0 sc -1227.703125
955.0 990.0 @ -422.573761
990.0 1050.0 n -699.975647
1050.0 1195.0 ec -1858.040161
1195.0 1260.0 t -821.592957
1260.0 1275.0 ssil -186.787094
1275.0 1310.0 ssil -493.109741 LACHT
1310.0 1395.0 l -939.038818
1395.0 1490.0 ac -1138.296021
1490.0 1590.0 x -1308.776855
1590.0 1670.0 t -1013.407715
1670.0 1760.0 ssil -1107.183105
1760.0 1790.0 ssil -366.524719 NADAT
1790.0 1840.0 n -656.463745
1840.0 1910.0 a -916.307251
1910.0 1940.0 d -387.241455
1940.0 2015.0 ac -905.074158
2015.0 2030.0 t -213.979767
2030.0 2045.0 ssil -200.202377
2045.0 2060.0 ssil -205.495575 ZE
2060.0 2125.0 s -810.429688
2125.0 2170.0 ssil -580.359192
2170.0 2190.0 ssil -250.581314 DOOR
2190.0 2235.0 d -598.318970
2235.0 2365.0 o -1483.964722
2365.0 2380.0 ssil -182.067062
2380.0 2395.0 ssil -199.213623 EEN
2395.0 2485.0 @ -1082.281494
2485.0 2555.0 n -804.348206
2555.0 2570.0 ssil -190.470551
2570.0 2590.0 ssil -278.077362 ONBEKENDE
2590.0 2700.0 oc -1312.761963
2700.0 2715.0 n -181.938248
2715.0 2795.0 b -998.862427
2795.0 2840.0 @ -650.567810
2840.0 2895.0 k -784.273132
2895.0 2950.0 ec -609.363586
2950.0 2995.0 n -490.659851
2995.0 3040.0 d -591.588623
3040.0 3060.0 @ -260.155548
3060.0 3075.0 ssil -193.446014
3075.0 3110.0 ssil -400.600525 PERSOON
3110.0 3170.0 p -786.212463
3170.0 3195.0 r -334.515472
3195.0 3305.0 s -1413.604614
3305.0 3430.0 o -1389.399658
3430.0 3505.0 n -934.201721
3505.0 3520.0 ssil -229.791504
3520.0 3545.0 ssil -370.082184 IS
3545.0 3585.0 ic -530.296387
3585.0 3715.0 s -1634.433228
3715.0 3760.0 ssil -620.446838
3760.0 3830.0 ssil -843.106445 GEKUST
3830.0 3870.0 gc -575.185059
3870.0 3920.0 @ -556.341797
3920.0 3935.0 k -227.032776
3935.0 3955.0 u -289.690399
3955.0 4150.0 s -2415.848145
4150.0 4240.0 t -1185.414429
4240.0 4665.0 ssil -4730.790527
.
