#!MLF!#
"/net/aistaff/aki/_same-utterance/wav/03/Limburg/4777-1451480159-825740.rec"
0.0 650.0 ssil -8008.034668 JEANNETTE
650.0 770.0 sc -1557.154419
770.0 835.0 @ -811.406921
835.0 890.0 n -752.376221
890.0 1005.0 ec -1464.843872
1005.0 1025.0 t -299.438538
1025.0 1060.0 ssil -465.077545
1060.0 1095.0 ssil -556.074036 LACHT
1095.0 1180.0 l -1180.312744
1180.0 1310.0 ac -1601.124390
1310.0 1425.0 x -1666.364624
1425.0 1485.0 t -793.388916
1485.0 1525.0 ssil -549.110107
1525.0 1545.0 ssil -318.421936 NADAT
1545.0 1595.0 n -785.221924
1595.0 1735.0 a -1425.364380
1735.0 1760.0 d -373.231659
1760.0 1820.0 ac -756.515320
1820.0 1835.0 t -272.468170
1835.0 1850.0 ssil -239.115082
1850.0 1865.0 ssil -211.147934 ZE
1865.0 1970.0 z -1332.759888
1970.0 1990.0 ssil -286.773315
1990.0 2005.0 ssil -197.822281 DOOR
2005.0 2085.0 d -1020.996765
2085.0 2155.0 o -765.092346
2155.0 2265.0 r -1450.601440
2265.0 2280.0 ssil -232.046371
2280.0 2295.0 ssil -212.673172 EEN
2295.0 2325.0 @ -383.333435
2325.0 2345.0 ssil -303.609283
2345.0 2365.0 ssil -302.801147 ONBEKENDE
2365.0 2450.0 oc -1100.955322
2450.0 2540.0 n -997.947571
2540.0 2595.0 b -869.774963
2595.0 2645.0 @ -641.231873
2645.0 2700.0 k -850.403870
2700.0 2755.0 ec -706.614990
2755.0 2850.0 n -1204.946167
2850.0 2865.0 d -224.373001
2865.0 2915.0 @ -709.593567
2915.0 2930.0 ssil -186.760254
2930.0 2945.0 ssil -208.437958 PERSOON
2945.0 2980.0 p -510.747742
2980.0 3065.0 @ -1138.198486
3065.0 3210.0 s -1834.900635
3210.0 3310.0 o -1262.462402
3310.0 3370.0 n -854.306519
3370.0 3385.0 ssil -246.067703
3385.0 3400.0 ssil -213.267929 IS
3400.0 3455.0 ic -718.658264
3455.0 3635.0 s -2580.309326
3635.0 3655.0 ssil -301.672821
3655.0 3670.0 ssil -235.233276 GEKUST
3670.0 3685.0 gc -221.442474
3685.0 3715.0 @ -322.482483
3715.0 3795.0 k -1081.947632
3795.0 3890.0 u -1251.526367
3890.0 4115.0 s -2629.068359
4115.0 4195.0 t -1028.415405
4195.0 4715.0 ssil -6210.823242
.
