#!MLF!#
"/net/aistaff/aki/_same-utterance/wav/03/Limburg/4830-1452091735-860652.rec"
0.0 930.0 ssil -11318.411133 JEANNETTE
930.0 1025.0 z -1164.327759
1025.0 1130.0 @ -1378.097656
1130.0 1205.0 n -965.650574
1205.0 1335.0 ec -1811.210327
1335.0 1375.0 t -546.598328
1375.0 1400.0 ssil -343.065613
1400.0 1420.0 ssil -317.138062 LACHT
1420.0 1515.0 l -1166.851074
1515.0 1655.0 ac -1800.815552
1655.0 1740.0 x -1241.200928
1740.0 1810.0 t -970.132263
1810.0 1825.0 ssil -214.395752
1825.0 1910.0 ssil -1177.053345 NADAT
1910.0 1990.0 n -997.556702
1990.0 2120.0 a -1406.645996
2120.0 2135.0 d -232.323425
2135.0 2225.0 ac -1100.727173
2225.0 2240.0 t -239.227203
2240.0 2255.0 ssil -250.378021
2255.0 2270.0 ssil -227.707382 ZE
2270.0 2360.0 s -1181.081421
2360.0 2400.0 @ -461.297241
2400.0 2415.0 ssil -191.719940
2415.0 2430.0 ssil -201.148102 DOOR
2430.0 2470.0 d -509.831207
2470.0 2580.0 o -1174.711182
2580.0 2595.0 ssil -236.352966
2595.0 2610.0 ssil -235.337463 EEN
2610.0 2705.0 @ -1354.222778
2705.0 2780.0 n -814.124817
2780.0 2795.0 ssil -221.575150
2795.0 2810.0 ssil -223.785843 ONBEKENDE
2810.0 2950.0 oc -1637.294922
2950.0 3010.0 n -805.129272
3010.0 3035.0 b -392.117737
3035.0 3130.0 @ -1276.604004
3130.0 3180.0 k -771.468506
3180.0 3250.0 ec -830.664856
3250.0 3295.0 n -603.562988
3295.0 3315.0 d -288.833984
3315.0 3345.0 @ -387.068207
3345.0 3380.0 ssil -478.182617
3380.0 3400.0 ssil -242.706650 PERSOON
3400.0 3425.0 p -349.919434
3425.0 3455.0 @ -360.786560
3455.0 3525.0 r -1068.676758
3525.0 3595.0 s -1001.195557
3595.0 3690.0 o -1074.154785
3690.0 3705.0 n -197.755234
3705.0 3720.0 ssil -217.796326
3720.0 3760.0 ssil -576.654907 IS
3760.0 3805.0 ic -611.515991
3805.0 3875.0 s -991.441528
3875.0 3890.0 ssil -198.067673
3890.0 3905.0 ssil -194.948853 GEKUST
3905.0 3945.0 gc -538.268372
3945.0 3975.0 @ -411.746246
3975.0 4095.0 k -1582.856201
4095.0 4150.0 u -730.021057
4150.0 4275.0 s -1561.497559
4275.0 4390.0 t -1478.414917
4390.0 5505.0 ssil -13045.834961
.
