#!MLF!#
"/net/aistaff/aki/_same-utterance/wav/03/Limburg/4858-1451522529-830333.rec"
0.0 510.0 ssil -4672.898926 JEANNETTE
510.0 610.0 sc -1177.719849
610.0 685.0 @ -857.494446
685.0 750.0 n -688.353699
750.0 855.0 ec -1110.901978
855.0 870.0 t -214.535233
870.0 920.0 ssil -654.124390
920.0 960.0 ssil -526.033569 LACHT
960.0 1035.0 l -804.914490
1035.0 1190.0 ac -1672.798706
1190.0 1265.0 x -978.924744
1265.0 1280.0 ssil -226.778366
1280.0 1360.0 ssil -1015.440857 NADAT
1360.0 1445.0 n -968.833618
1445.0 1545.0 a -1052.513550
1545.0 1560.0 d -199.416626
1560.0 1685.0 ac -1231.758179
1685.0 1725.0 t -496.488464
1725.0 1750.0 ssil -336.911499
1750.0 1765.0 ssil -195.502075 ZE
1765.0 1815.0 z -631.777832
1815.0 1870.0 @ -669.853394
1870.0 1885.0 ssil -176.059799
1885.0 1900.0 ssil -183.947037 DOOR
1900.0 1930.0 d -393.667480
1930.0 2180.0 o -2391.501953
2180.0 2195.0 ssil -174.242035
2195.0 2210.0 ssil -175.428772 EEN
2210.0 2340.0 n -1351.066284
2340.0 2370.0 ssil -397.735626
2370.0 2405.0 ssil -423.432892 ONBEKENDE
2405.0 2430.0 oc -282.255035
2430.0 2540.0 n -1028.464844
2540.0 2570.0 b -379.912689
2570.0 2650.0 @ -1024.653564
2650.0 2710.0 k -894.012207
2710.0 2790.0 ec -884.466248
2790.0 2910.0 n -1274.248657
2910.0 2925.0 d -188.235992
2925.0 2940.0 @ -182.005432
2940.0 2975.0 ssil -393.823090
2975.0 2995.0 ssil -262.848022 PERSOON
2995.0 3035.0 p -526.145020
3035.0 3100.0 r -823.741943
3100.0 3190.0 s -1152.300781
3190.0 3325.0 o -1362.884644
3325.0 3350.0 n -308.932465
3350.0 3365.0 ssil -180.952255
3365.0 3380.0 ssil -192.102249 IS
3380.0 3455.0 ic -816.280579
3455.0 3510.0 s -803.377991
3510.0 3640.0 ssil -1617.863159
3640.0 3695.0 ssil -658.535950 GEKUST
3695.0 3735.0 gc -580.388916
3735.0 3870.0 @ -1505.842407
3870.0 3900.0 k -380.648132
3900.0 3915.0 u -238.619003
3915.0 3930.0 s -192.894714
3930.0 4085.0 ssil -1877.879395
.
