#!MLF!#
"/net/aistaff/aki/_same-utterance/wav/03/Limburg/5194-1453535358-920992.rec"
0.0 535.0 ssil -5514.411133 JEANNETTE
535.0 620.0 z -1076.979858
620.0 675.0 @ -640.040466
675.0 745.0 n -784.184814
745.0 890.0 ec -1576.094727
890.0 905.0 t -233.665985
905.0 935.0 ssil -405.843048
935.0 990.0 ssil -822.854553 LACHT
990.0 1080.0 l -1085.650513
1080.0 1260.0 ac -2128.230469
1260.0 1290.0 x -437.044922
1290.0 1425.0 t -1800.555542
1425.0 1465.0 ssil -593.483337
1465.0 1490.0 ssil -362.358154 NADAT
1490.0 1525.0 n -478.162872
1525.0 1650.0 a -1276.471558
1650.0 1665.0 d -207.283630
1665.0 1760.0 ac -1148.828613
1760.0 1775.0 t -222.350998
1775.0 1795.0 ssil -281.393127
1795.0 1810.0 ssil -209.268219 ZE
1810.0 1835.0 s -344.917938
1835.0 1860.0 ssil -337.061493
1860.0 1880.0 ssil -257.297791 DOOR
1880.0 1930.0 d -666.011902
1930.0 2070.0 o -1359.791382
2070.0 2085.0 ssil -186.552078
2085.0 2100.0 ssil -187.550980 EEN
2100.0 2205.0 n -1237.942383
2205.0 2240.0 ssil -438.917877
2240.0 2310.0 ssil -869.066345 ONBEKENDE
2310.0 2400.0 oc -1108.080688
2400.0 2485.0 n -984.412537
2485.0 2605.0 @ -1691.417725
2605.0 2630.0 k -387.318756
2630.0 2720.0 ec -968.501221
2720.0 2775.0 n -645.985229
2775.0 2805.0 d -404.375519
2805.0 2840.0 @ -402.262634
2840.0 2855.0 ssil -181.738876
2855.0 2870.0 ssil -230.309219 PERSOON
2870.0 2900.0 p -472.930084
2900.0 2935.0 @ -430.755737
2935.0 2980.0 r -641.150940
2980.0 3085.0 s -1404.270020
3085.0 3215.0 o -1331.328369
3215.0 3255.0 n -462.683838
3255.0 3270.0 ssil -185.416122
3270.0 3285.0 ssil -179.684006 IS
3285.0 3375.0 ic -1079.301514
3375.0 3480.0 s -1478.958374
3480.0 3525.0 ssil -646.218628
3525.0 3605.0 ssil -1052.171509 GEKUST
3605.0 3640.0 gc -569.065125
3640.0 3755.0 @ -1499.521729
3755.0 3775.0 k -269.632172
3775.0 3790.0 u -245.299133
3790.0 3940.0 s -1949.533569
3940.0 3975.0 t -469.529175
3975.0 4830.0 ssil -9755.618164
.
