#!MLF!#
"/net/aistaff/aki/_same-utterance/wav/03/Limburg/5486-1454073359-1089850.rec"
0.0 695.0 ssil -8041.202637 JEANNETTE
695.0 810.0 z -1428.684082
810.0 855.0 @ -554.453369
855.0 925.0 n -938.117859
925.0 1050.0 ec -1751.105591
1050.0 1080.0 t -452.482117
1080.0 1095.0 ssil -233.534821
1095.0 1110.0 ssil -227.503372 LACHT
1110.0 1230.0 l -1459.416138
1230.0 1300.0 ac -984.752136
1300.0 1420.0 x -1632.820068
1420.0 1605.0 t -2388.389648
1605.0 1700.0 ssil -1129.810669
1700.0 1730.0 ssil -398.614716 NADAT
1730.0 1765.0 n -471.773865
1765.0 1830.0 ac -860.311523
1830.0 1850.0 d -291.357727
1850.0 1945.0 ac -1260.592285
1945.0 1995.0 t -706.054199
1995.0 2010.0 ssil -222.156464
2010.0 2025.0 ssil -204.267365 ZE
2025.0 2050.0 z -348.317871
2050.0 2065.0 ssil -210.426376
2065.0 2080.0 ssil -192.059555 DOOR
2080.0 2145.0 d -786.755432
2145.0 2230.0 o -1050.769653
2230.0 2245.0 ssil -224.674362
2245.0 2260.0 ssil -237.532639 EEN
2260.0 2305.0 n -614.581665
2305.0 2320.0 ssil -230.155167
2320.0 2335.0 ssil -211.621811 ONBEKENDE
2335.0 2405.0 oc -932.844666
2405.0 2480.0 n -893.933594
2480.0 2505.0 b -364.075134
2505.0 2530.0 @ -437.526245
2530.0 2640.0 k -1815.059448
2640.0 2680.0 ec -646.767212
2680.0 2725.0 n -514.393372
2725.0 2755.0 d -408.806213
2755.0 2785.0 @ -394.049164
2785.0 2805.0 ssil -248.535446
2805.0 2835.0 ssil -387.891632 PERSOON
2835.0 2865.0 p -407.690948
2865.0 2890.0 r -332.970428
2890.0 3000.0 s -1364.756958
3000.0 3095.0 o -1179.387817
3095.0 3160.0 n -993.072754
3160.0 3230.0 ssil -931.666992
3230.0 3280.0 ssil -659.187744 IS
3280.0 3315.0 ic -444.242950
3315.0 3330.0 s -241.041809
3330.0 3360.0 ssil -349.989471
3360.0 3375.0 ssil -201.288925 GEKUST
3375.0 3425.0 gc -753.331360
3425.0 3485.0 @ -710.861694
3485.0 3500.0 k -233.779129
3500.0 3515.0 u -241.049500
3515.0 3630.0 s -1494.954346
3630.0 3715.0 t -1175.578979
3715.0 4575.0 ssil -9875.344727
.
