#!MLF!#
"/net/aistaff/aki/_same-utterance/wav/03/Limburg/5900-1455444270-1449391.rec"
0.0 505.0 ssil -5791.745117 JEANNETTE
505.0 635.0 sc -1626.840576
635.0 705.0 @ -797.006165
705.0 805.0 n -1057.626221
805.0 960.0 ec -2102.986816
960.0 995.0 t -562.715759
995.0 1035.0 ssil -618.375549
1035.0 1080.0 ssil -677.280945 LACHT
1080.0 1170.0 l -1178.683105
1170.0 1305.0 ac -1710.607178
1305.0 1335.0 x -402.170105
1335.0 1440.0 ssil -1321.081299
1440.0 1520.0 ssil -1043.852173 NADAT
1520.0 1570.0 n -668.039185
1570.0 1650.0 @ -937.572632
1650.0 1740.0 d -1215.897339
1740.0 1855.0 ac -1511.904297
1855.0 1870.0 t -250.554474
1870.0 1905.0 ssil -481.422913
1905.0 1925.0 ssil -241.325027 ZE
1925.0 1995.0 s -891.408508
1995.0 2020.0 @ -320.357727
2020.0 2035.0 ssil -231.093597
2035.0 2050.0 ssil -216.976852 DOOR
2050.0 2155.0 d -1321.403198
2155.0 2265.0 o -1187.764893
2265.0 2405.0 r -1856.250000
2405.0 2420.0 ssil -179.822845
2420.0 2435.0 ssil -196.559235 EEN
2435.0 2460.0 @ -317.304016
2460.0 2510.0 ssil -694.531738
2510.0 2535.0 ssil -414.543884 ONBEKENDE
2535.0 2650.0 oc -1523.318481
2650.0 2715.0 n -864.951599
2715.0 2730.0 b -243.390884
2730.0 2845.0 @ -1530.260864
2845.0 2880.0 k -567.432861
2880.0 2965.0 ec -1021.097595
2965.0 3050.0 n -969.090271
3050.0 3080.0 d -395.505737
3080.0 3150.0 @ -874.020752
3150.0 3165.0 ssil -189.284744
3165.0 3180.0 ssil -212.206268 PERSOON
3180.0 3230.0 p -638.781982
3230.0 3265.0 @ -482.968201
3265.0 3430.0 s -2176.601807
3430.0 3590.0 o -1629.790039
3590.0 3690.0 n -1155.608032
3690.0 3760.0 ssil -812.046204
3760.0 3780.0 ssil -282.980743 IS
3780.0 3865.0 ic -1193.339722
3865.0 4010.0 s -2115.565918
4010.0 4085.0 ssil -1015.877502
4085.0 4150.0 ssil -801.808411 GEKUST
4150.0 4175.0 x -346.164581
4175.0 4285.0 @ -1219.954468
4285.0 4385.0 k -1466.937012
4385.0 4400.0 u -249.589020
4400.0 4440.0 s -549.203613
4440.0 4495.0 t -791.831543
4495.0 4785.0 ssil -3760.788574
.
