#!MLF!#
"/net/aistaff/aki/_same-utterance/wav/03/Limburg/6178-1454051116-1060119.rec"
0.0 585.0 ssil -6825.843262 JEANNETTE
585.0 665.0 sc -1098.073364
665.0 735.0 @ -815.892639
735.0 800.0 n -729.416809
800.0 965.0 ec -2078.429688
965.0 1010.0 t -599.648254
1010.0 1025.0 ssil -191.094772
1025.0 1060.0 ssil -488.327698 LACHT
1060.0 1155.0 l -1074.276489
1155.0 1290.0 ac -1623.908325
1290.0 1395.0 x -1437.592896
1395.0 1475.0 t -1136.279541
1475.0 1510.0 ssil -470.169373
1510.0 1580.0 ssil -1023.527893 NADAT
1580.0 1635.0 n -732.357300
1635.0 1715.0 a -922.939270
1715.0 1740.0 d -332.951782
1740.0 1830.0 ac -983.091492
1830.0 1845.0 t -234.210541
1845.0 1860.0 ssil -240.285278
1860.0 1875.0 ssil -236.143112 ZE
1875.0 1935.0 s -794.842468
1935.0 1950.0 ssil -211.534470
1950.0 1965.0 ssil -184.025040 DOOR
1965.0 2010.0 d -546.986572
2010.0 2125.0 o -1387.904907
2125.0 2175.0 r -634.323792
2175.0 2190.0 ssil -224.495575
2190.0 2205.0 ssil -260.077118 EEN
2205.0 2240.0 @ -543.466125
2240.0 2255.0 ssil -182.211914
2255.0 2270.0 ssil -204.732742 ONBEKENDE
2270.0 2390.0 oc -1523.367065
2390.0 2450.0 n -675.633118
2450.0 2500.0 b -669.581116
2500.0 2560.0 @ -786.721619
2560.0 2605.0 k -676.416687
2605.0 2700.0 ec -1052.627319
2700.0 2735.0 n -402.980133
2735.0 2750.0 d -184.378677
2750.0 2765.0 @ -194.096680
2765.0 2780.0 ssil -197.607407
2780.0 2795.0 ssil -188.783264 PERSOON
2795.0 2825.0 p -396.431366
2825.0 2850.0 r -313.292969
2850.0 2985.0 s -1742.935303
2985.0 3105.0 o -1323.482300
3105.0 3170.0 n -823.171997
3170.0 3210.0 ssil -522.403809
3210.0 3250.0 ssil -553.120300 IS
3250.0 3285.0 ic -442.624908
3285.0 3310.0 s -357.527405
3310.0 3325.0 ssil -222.257828
3325.0 3340.0 ssil -236.084015 GEKUST
3340.0 3415.0 x -1005.232056
3415.0 3520.0 @ -1342.307129
3520.0 3585.0 k -946.903992
3585.0 3670.0 u -1079.312256
3670.0 3690.0 s -314.271423
3690.0 4225.0 ssil -6814.239258
.
