#!MLF!#
"/net/aistaff/aki/_same-utterance/wav/03/Limburg/6187-1454964964-1395625.rec"
0.0 850.0 ssil -9891.307617 JEANNETTE
850.0 955.0 sc -1334.229980
955.0 1025.0 @ -784.769287
1025.0 1095.0 n -783.684814
1095.0 1215.0 ec -1597.770752
1215.0 1310.0 t -1212.573975
1310.0 1325.0 ssil -223.586838
1325.0 1350.0 ssil -345.120056 LACHT
1350.0 1460.0 l -1350.926514
1460.0 1565.0 ac -1293.441040
1565.0 1665.0 x -1268.727173
1665.0 1705.0 t -510.161072
1705.0 1735.0 ssil -361.136810
1735.0 1830.0 ssil -1159.658569 NADAT
1830.0 1900.0 n -845.099365
1900.0 1990.0 a -993.354065
1990.0 2005.0 d -213.197617
2005.0 2125.0 ac -1319.929565
2125.0 2140.0 t -226.283691
2140.0 2155.0 ssil -197.691055
2155.0 2175.0 ssil -288.346649 ZE
2175.0 2265.0 s -1352.903442
2265.0 2330.0 @ -832.367920
2330.0 2580.0 ssil -2911.074707
2580.0 2700.0 ssil -1455.530518 DOOR
2700.0 2770.0 d -1004.548035
2770.0 2930.0 o -1639.161011
2930.0 2945.0 ssil -199.984695
2945.0 2960.0 ssil -199.887985 EEN
2960.0 3020.0 @ -772.908752
3020.0 3045.0 ssil -294.846283
3045.0 3070.0 ssil -342.285461 ONBEKENDE
3070.0 3145.0 oc -858.476257
3145.0 3230.0 n -942.791260
3230.0 3270.0 b -571.238159
3270.0 3350.0 @ -1064.091064
3350.0 3395.0 k -724.093994
3395.0 3470.0 ec -864.229431
3470.0 3545.0 n -795.364441
3545.0 3570.0 d -325.742310
3570.0 3610.0 @ -506.733887
3610.0 3625.0 ssil -197.238083
3625.0 3665.0 ssil -538.319458 PERSOON
3665.0 3725.0 p -762.070251
3725.0 3775.0 r -650.914185
3775.0 3925.0 s -1981.984375
3925.0 4060.0 o -1330.778320
4060.0 4115.0 n -597.093018
4115.0 4130.0 ssil -190.517334
4130.0 4145.0 ssil -192.777634 IS
4145.0 4230.0 ic -1064.235474
4230.0 4325.0 s -1337.630981
4325.0 4340.0 ssil -192.717880
4340.0 4360.0 ssil -218.860535 GEKUST
4360.0 4390.0 gc -365.832977
4390.0 4475.0 @ -1057.863159
4475.0 4595.0 k -1614.180542
4595.0 4665.0 u -953.098572
4665.0 4845.0 s -2242.962891
4845.0 4920.0 t -1057.723999
4920.0 5295.0 ssil -4297.765137
.
