#!MLF!#
"/net/aistaff/aki/_same-utterance/wav/03/Limburg/6562-1454178917-1156238.rec"
0.0 855.0 ssil -10976.904297 JEANNETTE
855.0 970.0 sc -1531.219971
970.0 1055.0 @ -1027.268433
1055.0 1120.0 n -803.799500
1120.0 1290.0 ec -2293.401855
1290.0 1305.0 t -264.799194
1305.0 1320.0 ssil -254.362442
1320.0 1335.0 ssil -225.835693 LACHT
1335.0 1385.0 l -609.179077
1385.0 1580.0 ac -2521.081543
1580.0 1605.0 x -325.902893
1605.0 1630.0 t -363.678284
1630.0 1725.0 ssil -1413.192139
1725.0 2030.0 ssil -3901.275391 NADAT
2030.0 2045.0 n -222.022919
2045.0 2130.0 a -917.771667
2130.0 2145.0 d -207.537277
2145.0 2215.0 ac -862.714783
2215.0 2245.0 t -410.030487
2245.0 2260.0 ssil -197.657242
2260.0 2275.0 ssil -188.130539 ZE
2275.0 2335.0 s -782.454163
2335.0 2375.0 @ -523.893250
2375.0 2390.0 ssil -240.292465
2390.0 2405.0 ssil -239.977921 DOOR
2405.0 2440.0 d -502.251984
2440.0 2585.0 o -1716.841064
2585.0 2600.0 ssil -219.465546
2600.0 2615.0 ssil -191.467438 EEN
2615.0 2630.0 @ -214.226837
2630.0 2645.0 ssil -250.905746
2645.0 2660.0 ssil -243.199936 ONBEKENDE
2660.0 2780.0 oc -1440.909424
2780.0 2840.0 n -696.871155
2840.0 2875.0 b -509.111969
2875.0 2935.0 @ -866.511719
2935.0 2980.0 k -651.082642
2980.0 3070.0 ec -962.911499
3070.0 3170.0 n -1016.064209
3170.0 3185.0 d -196.138031
3185.0 3300.0 @ -1431.369751
3300.0 3315.0 ssil -210.020874
3315.0 3330.0 ssil -221.854736 PERSOON
3330.0 3350.0 p -290.348694
3350.0 3405.0 r -839.135925
3405.0 3535.0 s -1644.957031
3535.0 3695.0 o -1664.818604
3695.0 3780.0 n -949.209839
3780.0 3795.0 ssil -233.245209
3795.0 3810.0 ssil -228.066330 IS
3810.0 3880.0 ic -845.733093
3880.0 3950.0 s -907.348694
3950.0 3970.0 ssil -269.632080
3970.0 3985.0 ssil -201.718384 GEKUST
3985.0 4025.0 gc -534.723694
4025.0 4100.0 @ -990.508545
4100.0 4190.0 k -1299.048340
4190.0 4235.0 u -657.879700
4235.0 4370.0 s -1670.790283
4370.0 4495.0 t -1653.531128
4495.0 5085.0 ssil -7125.386719
.
