#!MLF!#
"/net/aistaff/aki/_same-utterance/wav/03/Limburg/6705-1454270590-1198196.rec"
0.0 395.0 ssil -4146.337402 JEANNETTE
395.0 505.0 sc -1356.878174
505.0 630.0 @ -1529.974731
630.0 660.0 n -404.274567
660.0 870.0 ec -2618.914062
870.0 885.0 t -219.163132
885.0 960.0 ssil -1009.124268
960.0 1000.0 ssil -569.328552 LACHT
1000.0 1135.0 l -1695.589355
1135.0 1305.0 ac -2076.176758
1305.0 1320.0 x -205.771545
1320.0 1400.0 ssil -1134.344238
1400.0 1485.0 ssil -1078.781860 NADAT
1485.0 1555.0 n -899.493713
1555.0 1695.0 a -1622.838013
1695.0 1720.0 d -331.848938
1720.0 1840.0 ac -1426.708618
1840.0 1870.0 t -386.309387
1870.0 1895.0 ssil -300.154266
1895.0 1925.0 ssil -373.941620 ZE
1925.0 1970.0 s -572.466309
1970.0 2020.0 @ -615.155457
2020.0 2035.0 ssil -192.097260
2035.0 2050.0 ssil -180.274979 DOOR
2050.0 2135.0 d -1144.077515
2135.0 2225.0 o -963.767212
2225.0 2240.0 ssil -199.260178
2240.0 2255.0 ssil -184.793808 EEN
2255.0 2320.0 @ -782.136353
2320.0 2350.0 n -399.784546
2350.0 2370.0 ssil -233.457077
2370.0 2385.0 ssil -200.397003 ONBEKENDE
2385.0 2455.0 oc -789.027222
2455.0 2550.0 n -1125.903442
2550.0 2580.0 b -413.437012
2580.0 2645.0 @ -996.644958
2645.0 2680.0 k -554.014099
2680.0 2795.0 ec -1244.225830
2795.0 2825.0 n -386.021912
2825.0 2840.0 d -204.109421
2840.0 2945.0 @ -1336.954346
2945.0 2995.0 ssil -648.418457
2995.0 3045.0 ssil -643.584656 PERSOON
3045.0 3060.0 p -223.253799
3060.0 3190.0 s -1665.585205
3190.0 3285.0 o -1133.113403
3285.0 3365.0 n -1080.245483
3365.0 3415.0 ssil -606.319153
3415.0 3585.0 ssil -2290.521240 IS
3585.0 3650.0 ic -810.127747
3650.0 3665.0 s -232.006912
3665.0 3690.0 ssil -316.181854
3690.0 3705.0 ssil -239.026093 GEKUST
3705.0 3735.0 x -455.401611
3735.0 3825.0 @ -975.165710
3825.0 3840.0 k -227.751740
3840.0 3855.0 u -252.311859
3855.0 3875.0 s -263.674652
3875.0 4060.0 t -2379.685547
4060.0 4505.0 ssil -5023.766602
.
