#!MLF!#
"/net/aistaff/aki/_same-utterance/wav/03/Limburg/6969-1454517085-1286719.rec"
0.0 385.0 ssil -3760.781982 JEANNETTE
385.0 465.0 sc -1032.113892
465.0 515.0 @ -596.298401
515.0 540.0 n -351.091431
540.0 655.0 ec -1528.780762
655.0 700.0 t -612.684631
700.0 715.0 ssil -247.174606
715.0 735.0 ssil -330.763580 LACHT
735.0 855.0 l -1574.091797
855.0 915.0 ac -774.605896
915.0 1000.0 x -1176.487427
1000.0 1130.0 t -1620.000977
1130.0 1225.0 ssil -1113.556274
1225.0 1540.0 ssil -3691.683105 NADAT
1540.0 1565.0 n -376.870453
1565.0 1640.0 a -886.261780
1640.0 1670.0 d -434.443451
1670.0 1745.0 ac -970.449829
1745.0 1780.0 t -478.394470
1780.0 1795.0 ssil -205.572311
1795.0 1810.0 ssil -197.095581 ZE
1810.0 1855.0 s -610.927979
1855.0 1895.0 @ -478.680756
1895.0 1910.0 ssil -182.585541
1910.0 1925.0 ssil -190.844788 DOOR
1925.0 1940.0 d -190.730942
1940.0 2070.0 o -1552.816040
2070.0 2085.0 ssil -251.025284
2085.0 2100.0 ssil -215.220932 EEN
2100.0 2135.0 n -457.964447
2135.0 2150.0 ssil -220.673141
2150.0 2170.0 ssil -297.551208 ONBEKENDE
2170.0 2235.0 oc -894.678284
2235.0 2290.0 n -688.205383
2290.0 2330.0 b -580.745056
2330.0 2405.0 @ -1060.970337
2405.0 2445.0 k -602.586121
2445.0 2500.0 ec -678.733093
2500.0 2545.0 n -552.837097
2545.0 2565.0 d -296.643524
2565.0 2615.0 @ -670.987854
2615.0 2630.0 ssil -176.482574
2630.0 2645.0 ssil -197.724213 PERSOON
2645.0 2670.0 p -351.085358
2670.0 2715.0 r -661.806580
2715.0 2805.0 s -1279.837891
2805.0 2915.0 o -1228.019897
2915.0 2930.0 n -213.378143
2930.0 2945.0 ssil -217.101883
2945.0 2960.0 ssil -219.741638 IS
2960.0 2980.0 ic -284.407074
2980.0 3020.0 s -550.136108
3020.0 3035.0 ssil -205.840775
3035.0 3050.0 ssil -213.222122 GEKUST
3050.0 3085.0 x -509.704468
3085.0 3135.0 @ -637.207092
3135.0 3210.0 k -1025.884644
3210.0 3280.0 u -923.679810
3280.0 3410.0 s -1686.210449
3410.0 3480.0 t -879.187378
3480.0 4085.0 ssil -6960.797852
.
