#!MLF!#
"/net/aistaff/aki/_same-utterance/wav/03/Limburg/7017-1454591089-1324758.rec"
0.0 580.0 ssil -4956.259277 JEANNETTE
580.0 710.0 sc -1720.502197
710.0 725.0 @ -187.104446
725.0 740.0 n -192.784134
740.0 920.0 ec -2135.942871
920.0 950.0 t -453.852020
950.0 965.0 ssil -217.871292
965.0 985.0 ssil -255.910858 LACHT
985.0 1110.0 l -1621.769653
1110.0 1200.0 ac -1180.755615
1200.0 1225.0 x -393.228729
1225.0 1385.0 ssil -2165.071045
1385.0 1505.0 ssil -1499.811768 NADAT
1505.0 1540.0 n -476.122986
1540.0 1635.0 ac -1241.447510
1635.0 1660.0 d -340.417755
1660.0 1735.0 ac -849.855652
1735.0 1750.0 t -217.445465
1750.0 1765.0 ssil -191.852112
1765.0 1780.0 ssil -192.248672 ZE
1780.0 1820.0 s -560.327393
1820.0 1835.0 ssil -226.271240
1835.0 1850.0 ssil -204.210495 DOOR
1850.0 1905.0 d -702.081116
1905.0 2025.0 o -1344.770752
2025.0 2040.0 ssil -222.536484
2040.0 2055.0 ssil -233.099106 EEN
2055.0 2070.0 n -194.261292
2070.0 2085.0 ssil -211.639191
2085.0 2100.0 ssil -228.866928 ONBEKENDE
2100.0 2210.0 oc -1337.787720
2210.0 2285.0 n -973.230957
2285.0 2325.0 b -621.609680
2325.0 2405.0 @ -1126.823975
2405.0 2460.0 k -761.276978
2460.0 2520.0 ec -740.802063
2520.0 2565.0 n -570.051025
2565.0 2580.0 d -210.528549
2580.0 2605.0 @ -335.188629
2605.0 2620.0 ssil -196.301834
2620.0 2635.0 ssil -214.329407 PERSOON
2635.0 2685.0 p -689.801514
2685.0 2730.0 r -592.467285
2730.0 2855.0 s -1632.070923
2855.0 3005.0 o -1713.348633
3005.0 3060.0 n -721.557129
3060.0 3075.0 ssil -242.758759
3075.0 3090.0 ssil -210.779480 IS
3090.0 3165.0 ic -838.802917
3165.0 3225.0 s -799.920410
3225.0 3240.0 ssil -217.707672
3240.0 3260.0 ssil -271.745148 GEKUST
3260.0 3280.0 gc -275.874756
3280.0 3320.0 @ -541.098694
3320.0 3450.0 k -1667.916992
3450.0 3520.0 u -863.254700
3520.0 3670.0 s -1805.516968
3670.0 3755.0 t -1118.491211
3755.0 4275.0 ssil -6131.823730
.
