#!MLF!#
"/net/aistaff/aki/_same-utterance/wav/03/Limburg/7202-1454537763-1313273.rec"
0.0 690.0 ssil -8387.115234 JEANNETTE
690.0 790.0 z -1140.756958
790.0 825.0 @ -426.595856
825.0 875.0 n -657.871277
875.0 965.0 ec -1016.174866
965.0 980.0 t -223.870300
980.0 1055.0 ssil -1062.434204
1055.0 1070.0 ssil -207.531540 LACHT
1070.0 1210.0 l -1640.372070
1210.0 1290.0 ac -1002.215271
1290.0 1315.0 x -325.753052
1315.0 1345.0 ssil -379.151550
1345.0 1385.0 ssil -522.312012 NADAT
1385.0 1415.0 n -413.651337
1415.0 1500.0 ac -952.433228
1500.0 1530.0 d -411.358093
1530.0 1605.0 ac -906.758972
1605.0 1635.0 t -376.303741
1635.0 1655.0 ssil -287.984497
1655.0 1670.0 ssil -198.127151 ZE
1670.0 1695.0 z -328.398590
1695.0 1755.0 @ -741.660461
1755.0 1775.0 ssil -241.484421
1775.0 1790.0 ssil -201.958755 DOOR
1790.0 1815.0 d -351.679901
1815.0 1980.0 o -1875.370117
1980.0 1995.0 ssil -184.890869
1995.0 2010.0 ssil -179.038361 EEN
2010.0 2070.0 @ -640.886230
2070.0 2085.0 ssil -201.450638
2085.0 2110.0 ssil -327.753967 ONBEKENDE
2110.0 2175.0 oc -789.282410
2175.0 2240.0 n -741.371155
2240.0 2260.0 b -263.197449
2260.0 2300.0 @ -475.110626
2300.0 2375.0 k -1030.852295
2375.0 2440.0 ec -717.964783
2440.0 2465.0 n -308.301819
2465.0 2480.0 d -192.990723
2480.0 2505.0 @ -287.972076
2505.0 2590.0 ssil -1122.461304
2590.0 2615.0 ssil -353.635895 PERSOON
2615.0 2630.0 p -227.781311
2630.0 2665.0 s -617.812378
2665.0 2750.0 o -978.794556
2750.0 2785.0 n -428.221649
2785.0 2800.0 ssil -186.286453
2800.0 2815.0 ssil -194.290115 IS
2815.0 2870.0 ic -707.305786
2870.0 2890.0 s -297.115173
2890.0 2950.0 ssil -777.376526
2950.0 3025.0 ssil -925.092529 GEKUST
3025.0 3065.0 gc -519.419617
3065.0 3190.0 @ -1545.633911
3190.0 3210.0 k -279.753723
3210.0 3225.0 u -243.631424
3225.0 3240.0 s -184.528503
3240.0 3285.0 t -581.510559
3285.0 3460.0 ssil -1964.473755
.
