#!MLF!#
"/net/aistaff/aki/_same-utterance/wav/03/Limburg/7545-1455204759-1422313.rec"
0.0 1070.0001 ssil -11683.516602 JEANNETTE
1070.0001 1175.0 z -1198.398560
1175.0 1255.0 @ -888.529236
1255.0 1300.0 n -560.272034
1300.0 1405.0 ec -1318.370117
1405.0 1420.0 t -207.384109
1420.0 1545.0 ssil -1690.786987
1545.0 1655.0 ssil -1332.016846 LACHT
1655.0 1730.0 l -999.096436
1730.0 1875.0 ac -1687.667969
1875.0 1905.0 x -387.379272
1905.0 2150.0 ssil -2874.028320
2150.0 2355.0 ssil -2212.225586 NADAT
2355.0 2410.0 n -665.287598
2410.0 2565.0 a -1851.160278
2565.0 2595.0 d -439.689789
2595.0 2640.0 ac -549.445740
2640.0 2655.0 t -231.410446
2655.0 2695.0 ssil -502.962555
2695.0 2720.0 ssil -324.056732 ZE
2720.0 2785.0 z -803.564087
2785.0 2830.0 @ -584.505737
2830.0 2845.0 ssil -180.458405
2845.0 2860.0 ssil -210.974625 DOOR
2860.0 2905.0 d -565.863892
2905.0 2985.0 o -856.295105
2985.0 3040.0 r -682.728271
3040.0 3055.0 ssil -204.340897
3055.0 3070.0 ssil -209.343781 EEN
3070.0 3115.0 @ -502.625061
3115.0 3170.0 ssil -873.526428
3170.0 3225.0 ssil -612.499084 ONBEKENDE
3225.0 3335.0 oc -1456.579956
3335.0 3415.0 n -875.454041
3415.0 3455.0 b -569.917908
3455.0 3535.0 @ -1022.899963
3535.0 3570.0 k -520.416260
3570.0 3645.0 ec -898.205139
3645.0 3730.0 n -879.314087
3730.0 3745.0 d -210.795029
3745.0 3795.0 @ -602.197876
3795.0 3810.0 ssil -165.944168
3810.0 3825.0 ssil -173.080688 PERSOON
3825.0 3860.0 p -462.493622
3860.0 3920.0 r -764.672485
3920.0 4045.0 s -1664.286865
4045.0 4140.0 o -1112.441528
4140.0 4210.0 n -751.066345
4210.0 4225.0 ssil -194.600189
4225.0 4240.0 ssil -205.579163 IS
4240.0 4270.0 ic -414.922302
4270.0 4370.0 s -1203.990723
4370.0 4405.0 ssil -441.518005
4405.0 4530.0 ssil -1447.570923 GEKUST
4530.0 4570.0 gc -541.538940
4570.0 4665.0 @ -1172.912598
4665.0 4680.0 k -197.059647
4680.0 4695.0 u -236.283142
4695.0 4845.0 s -1829.945923
4845.0 4950.0 t -1291.393311
4950.0 5760.0 ssil -8382.983398
.
