#!MLF!#
"/net/aistaff/aki/_same-utterance/wav/03/Limburg/8289-1457716215-1593034.rec"
0.0 565.0 ssil -5956.071289 JEANNETTE
565.0 685.0 z -1457.402100
685.0 755.0 @ -803.253601
755.0 810.0 n -658.411743
810.0 910.0 ec -1279.133789
910.0 950.0 t -547.920532
950.0 985.0 ssil -462.523285
985.0 1010.0 ssil -398.779114 LACHT
1010.0 1080.0 l -895.959412
1080.0 1165.0 ac -1044.064941
1165.0 1245.0 x -1055.869629
1245.0 1265.0 ssil -260.443420
1265.0 1325.0 ssil -686.091553 NADAT
1325.0 1395.0 n -804.906555
1395.0 1475.0 @ -989.819824
1475.0 1525.0 d -690.186401
1525.0 1575.0 ac -655.043518
1575.0 1680.0 t -1346.093262
1680.0 1695.0 ssil -211.003967
1695.0 1710.0 ssil -195.238907 ZE
1710.0 1725.0 z -200.714584
1725.0 1740.0 ssil -191.726257
1740.0 1755.0 ssil -193.483246 DOOR
1755.0 1795.0 d -545.922363
1795.0 1820.0 o -307.501678
1820.0 1835.0 ssil -199.230774
1835.0 1850.0 ssil -186.777893 EEN
1850.0 1965.0 @ -1295.086670
1965.0 2005.0 n -458.950684
2005.0 2020.0 ssil -192.328796
2020.0 2035.0 ssil -184.542572 ONBEKENDE
2035.0 2085.0 oc -568.586853
2085.0 2195.0 n -1231.962891
2195.0 2235.0 b -550.450500
2235.0 2295.0 @ -762.433228
2295.0 2360.0 k -871.117493
2360.0 2420.0 ec -655.111023
2420.0 2510.0 n -1016.701599
2510.0 2535.0 d -329.891205
2535.0 2570.0 @ -473.652405
2570.0 2585.0 ssil -188.762497
2585.0 2635.0 ssil -593.539917 PERSOON
2635.0 2650.0 p -205.347580
2650.0 2680.0 @ -349.853577
2680.0 2720.0 r -525.736938
2720.0 2855.0 s -1662.436523
2855.0 2870.0 o -207.234573
2870.0 2960.0 n -1022.205200
2960.0 2975.0 ssil -193.891998
2975.0 2990.0 ssil -200.773544 IS
2990.0 3030.0 ic -550.267273
3030.0 3120.0 s -1137.792603
3120.0 3185.0 ssil -857.224915
3185.0 3265.0 ssil -974.032043 GEKUST
3265.0 3335.0 gc -967.609070
3335.0 3400.0 @ -680.900146
3400.0 3415.0 k -197.080978
3415.0 3430.0 u -234.944489
3430.0 3520.0 s -1200.189209
3520.0 4135.0 ssil -7308.444824
.
