#!MLF!#
"/net/aistaff/aki/_same-utterance/wav/03/Limburg/8788-1457955801-1641026.rec"
0.0 1000.0 ssil -11937.191406 JEANNETTE
1000.0 1105.0 sc -1256.905640
1105.0 1160.0 @ -683.713806
1160.0 1260.0 n -1223.770508
1260.0 1395.0 ec -1859.276123
1395.0 1425.0 t -470.181488
1425.0 1440.0 ssil -256.666779
1440.0 1455.0 ssil -219.803680 LACHT
1455.0 1505.0 l -723.041382
1505.0 1670.0 ac -2193.486084
1670.0 1730.0 x -868.869995
1730.0 1865.0 t -1791.669556
1865.0 1915.0 ssil -807.033020
1915.0 1930.0 ssil -205.583954 NADAT
1930.0 1975.0 n -607.310364
1975.0 2050.0 a -940.622192
2050.0 2115.0 d -896.978149
2115.0 2220.0 ac -1335.164673
2220.0 2260.0 t -552.164856
2260.0 2275.0 ssil -219.787155
2275.0 2290.0 ssil -205.756516 ZE
2290.0 2345.0 s -695.187866
2345.0 2380.0 @ -411.045532
2380.0 2395.0 ssil -202.857101
2395.0 2410.0 ssil -214.227448 DOOR
2410.0 2475.0 d -883.284241
2475.0 2625.0 o -1957.526733
2625.0 2640.0 ssil -207.272888
2640.0 2655.0 ssil -195.701035 EEN
2655.0 2685.0 @ -383.418335
2685.0 2700.0 ssil -204.285843
2700.0 2715.0 ssil -242.266373 ONBEKENDE
2715.0 2810.0 oc -1266.563599
2810.0 2970.0 n -2238.063477
2970.0 2985.0 @ -260.867737
2985.0 3035.0 k -800.967957
3035.0 3135.0 ec -1176.469360
3135.0 3205.0 n -994.519897
3205.0 3220.0 d -223.230240
3220.0 3275.0 @ -773.116394
3275.0 3290.0 ssil -222.187057
3290.0 3305.0 ssil -211.398605 PERSOON
3305.0 3350.0 p -604.450378
3350.0 3405.0 r -825.261963
3405.0 3520.0 s -1420.080933
3520.0 3660.0 o -1585.241699
3660.0 3710.0 n -702.958740
3710.0 3725.0 ssil -253.215683
3725.0 3745.0 ssil -321.560974 IS
3745.0 3815.0 ic -952.050110
3815.0 3895.0 s -1073.248169
3895.0 3915.0 ssil -279.132355
3915.0 3930.0 ssil -211.604874 GEKUST
3930.0 3985.0 gc -812.184204
3985.0 4060.0 @ -1061.697998
4060.0 4140.0 k -1109.810425
4140.0 4225.0 u -1090.324097
4225.0 4400.0 s -2296.535889
4400.0 4465.0 t -945.664856
4465.0 5320.0 ssil -9651.416016
.
