#!MLF!#
"/net/aistaff/aki/_same-utterance/wav/03/Limburg/8877-1463074149-1809766.rec"
0.0 660.0 ssil -7315.645020 JEANNETTE
660.0 775.0 z -1485.549561
775.0 960.0 @ -2581.853271
960.0 985.0 n -365.458313
985.0 1115.0 ec -1612.711548
1115.0 1185.0 t -1056.739258
1185.0 1200.0 ssil -282.696716
1200.0 1215.0 ssil -270.606201 LACHT
1215.0 1335.0 l -1452.273193
1335.0 1460.0 ac -1543.515869
1460.0 1635.0 x -2317.247314
1635.0 1755.0 t -1496.808594
1755.0 1820.0 ssil -808.032288
1820.0 2005.0 ssil -2129.198975 NADAT
2005.0 2060.0 n -819.213257
2060.0 2155.0 @ -1214.348267
2155.0 2225.0 d -958.928406
2225.0 2295.0 ac -826.522827
2295.0 2310.0 t -224.019852
2310.0 2325.0 ssil -214.671234
2325.0 2340.0 ssil -196.075623 ZE
2340.0 2455.0 s -1357.673706
2455.0 2470.0 ssil -206.082047
2470.0 2495.0 ssil -344.402588 DOOR
2495.0 2565.0 d -1059.057861
2565.0 2685.0 o -1293.173950
2685.0 2700.0 ssil -221.198593
2700.0 2715.0 ssil -218.264908 EEN
2715.0 2765.0 @ -614.914124
2765.0 2845.0 n -1029.115234
2845.0 2860.0 ssil -234.619186
2860.0 2875.0 ssil -259.100250 ONBEKENDE
2875.0 3020.0 oc -2215.864258
3020.0 3130.0 n -1496.420166
3130.0 3150.0 b -303.096832
3150.0 3195.0 @ -702.969482
3195.0 3305.0 k -1811.950562
3305.0 3365.0 ec -756.684692
3365.0 3380.0 n -292.110352
3380.0 3395.0 d -253.707199
3395.0 3535.0 @ -1973.472046
3535.0 3550.0 ssil -178.075562
3550.0 3565.0 ssil -187.835251 PERSOON
3565.0 3610.0 p -608.193604
3610.0 3655.0 r -684.499634
3655.0 3795.0 s -1868.866821
3795.0 3945.0 o -1773.565918
3945.0 4055.0 n -1303.448120
4055.0 4080.0 ssil -379.087433
4080.0 4125.0 ssil -606.598877 IS
4125.0 4200.0 ic -1088.915894
4200.0 4285.0 s -1132.373413
4285.0 4300.0 ssil -216.774109
4300.0 4315.0 ssil -210.482376 GEKUST
4315.0 4350.0 gc -570.487549
4350.0 4425.0 @ -1170.928955
4425.0 4530.0 k -1416.139526
4530.0 4620.0 u -1322.715332
4620.0 4840.0 s -2796.628418
4840.0 4870.0 t -443.794586
4870.0 4970.0 ssil -1316.020996
.
