#!MLF!#
"/net/aistaff/aki/_same-utterance/wav/03/Limburg/9128-1459886469-1741373.rec"
0.0 560.0 ssil -6711.471680 JEANNETTE
560.0 675.0 sc -1500.345581
675.0 720.0 @ -585.374756
720.0 790.0 n -962.190063
790.0 925.0 ec -1898.560547
925.0 985.0 t -886.168335
985.0 1000.0 ssil -241.863113
1000.0 1035.0 ssil -557.240662 LACHT
1035.0 1145.0 l -1310.781860
1145.0 1265.0 ac -1504.849487
1265.0 1345.0 x -1190.349609
1345.0 1390.0 t -687.557007
1390.0 1405.0 ssil -240.483612
1405.0 1465.0 ssil -906.051392 NADAT
1465.0 1540.0 n -1014.264099
1540.0 1685.0 a -1743.063232
1685.0 1710.0 d -374.886414
1710.0 1815.0 ac -1455.928223
1815.0 1830.0 t -209.556625
1830.0 1845.0 ssil -226.669601
1845.0 1860.0 ssil -230.184479 ZE
1860.0 1920.0 s -845.454834
1920.0 1950.0 @ -433.626770
1950.0 1965.0 ssil -217.910980
1965.0 1980.0 ssil -225.591309 DOOR
1980.0 2025.0 d -678.583191
2025.0 2075.0 o -670.408875
2075.0 2090.0 ssil -236.176224
2090.0 2105.0 ssil -237.723480 EEN
2105.0 2140.0 @ -582.832153
2140.0 2190.0 n -690.498047
2190.0 2210.0 ssil -332.150787
2210.0 2235.0 ssil -390.600616 ONBEKENDE
2235.0 2310.0 oc -1022.670776
2310.0 2395.0 n -1155.497192
2395.0 2430.0 b -553.427002
2430.0 2495.0 @ -987.155640
2495.0 2550.0 k -897.187561
2550.0 2605.0 ec -736.880615
2605.0 2635.0 n -407.383575
2635.0 2665.0 d -472.555847
2665.0 2680.0 @ -216.155075
2680.0 2695.0 ssil -198.552841
2695.0 2760.0 ssil -832.076538 PERSOON
2760.0 2815.0 p -699.005737
2815.0 2885.0 r -1053.993286
2885.0 3010.0 s -1619.123901
3010.0 3140.0 o -1558.744873
3140.0 3205.0 n -904.806580
3205.0 3220.0 ssil -233.015076
3220.0 3235.0 ssil -241.218445 IS
3235.0 3270.0 ic -520.226013
3270.0 3390.0 s -1713.928589
3390.0 3445.0 ssil -874.847107
3445.0 3530.0 ssil -1126.119141 GEKUST
3530.0 3555.0 x -404.002380
3555.0 3615.0 @ -740.073853
3615.0 3630.0 k -242.365250
3630.0 3645.0 u -243.839233
3645.0 3695.0 s -660.114441
3695.0 3900.0 t -2909.666260
3900.0 4065.0 ssil -2073.148438
.
