#!MLF!#
"/net/aistaff/aki/_same-utterance/wav/03/Limburg/9141-1463865151-1839377.rec"
0.0 510.0 ssil -6399.651367 JEANNETTE
510.0 645.0 z -1830.960938
645.0 765.0 @ -1591.739746
765.0 845.0 n -1046.350098
845.0 995.0 ec -1813.969849
995.0 1045.0 t -721.605225
1045.0 1060.0 ssil -209.999664
1060.0 1075.0 ssil -192.484848 LACHT
1075.0 1270.0 l -2474.741943
1270.0 1395.0 ac -1477.730591
1395.0 1475.0 x -1097.135986
1475.0 1550.0 ssil -1081.364868
1550.0 1805.0 ssil -3356.431641 NADAT
1805.0 1900.0 n -1179.967651
1900.0 2005.0 a -1254.329102
2005.0 2050.0 d -614.368774
2050.0 2120.0 ac -860.719482
2120.0 2235.0 t -1676.215698
2235.0 2250.0 ssil -216.045151
2250.0 2265.0 ssil -232.472031 ZE
2265.0 2285.0 z -318.332855
2285.0 2340.0 @ -856.751160
2340.0 2355.0 ssil -211.492569
2355.0 2370.0 ssil -216.501358 DOOR
2370.0 2400.0 d -449.533783
2400.0 2550.0 o -1835.696655
2550.0 2565.0 ssil -199.398376
2565.0 2580.0 ssil -183.385254 EEN
2580.0 2635.0 n -710.743896
2635.0 2670.0 ssil -575.097595
2670.0 2705.0 ssil -520.943176 ONBEKENDE
2705.0 2805.0 oc -1349.376465
2805.0 2895.0 n -1203.074341
2895.0 2960.0 b -1047.556274
2960.0 3020.0 @ -793.117493
3020.0 3070.0 k -809.221863
3070.0 3130.0 ec -773.019409
3130.0 3230.0 n -1282.864868
3230.0 3245.0 d -224.291504
3245.0 3305.0 @ -758.552856
3305.0 3320.0 ssil -224.739090
3320.0 3335.0 ssil -234.384064 PERSOON
3335.0 3365.0 p -494.568085
3365.0 3410.0 r -673.623413
3410.0 3580.0 s -2461.669189
3580.0 3735.0 o -1942.983032
3735.0 3855.0 n -1446.895386
3855.0 3870.0 ssil -207.252548
3870.0 3885.0 ssil -199.433319 IS
3885.0 4010.0 ic -1656.421509
4010.0 4110.0 s -1515.782471
4110.0 4225.0 ssil -1599.544922
4225.0 4340.0 ssil -1419.613281 GEKUST
4340.0 4395.0 x -843.299255
4395.0 4475.0 @ -947.143616
4475.0 4490.0 k -219.116501
4490.0 4505.0 u -265.104980
4505.0 4680.0 s -2489.547119
4680.0 5110.0 ssil -5736.958496
.
