#!MLF!#
"/net/aistaff/aki/_same-utterance/wav/03/Limburg/9157-1459872676-1738725.rec"
0.0 695.0 ssil -8244.341797 JEANNETTE
695.0 780.0 z -1107.129150
780.0 860.0 @ -1055.259766
860.0 940.0 n -1118.102173
940.0 1060.0 ec -1635.688354
1060.0 1090.0 t -436.235138
1090.0 1140.0 ssil -715.178101
1140.0 1190.0 ssil -661.532715 LACHT
1190.0 1320.0 l -1691.529175
1320.0 1435.0 ac -1501.354492
1435.0 1595.0 x -2220.150146
1595.0 1745.0 ssil -1895.429565
1745.0 1830.0 ssil -1282.629150 NADAT
1830.0 1945.0 n -1368.576294
1945.0 2105.0 a -1783.162231
2105.0 2135.0 d -452.224152
2135.0 2260.0 ac -1560.431519
2260.0 2295.0 t -466.085938
2295.0 2310.0 ssil -205.721756
2310.0 2325.0 ssil -197.996323 ZE
2325.0 2380.0 s -709.512390
2380.0 2400.0 @ -283.224640
2400.0 2415.0 ssil -222.932251
2415.0 2430.0 ssil -241.063538 DOOR
2430.0 2495.0 d -983.683228
2495.0 2670.0 o -2353.147461
2670.0 2685.0 ssil -276.606018
2685.0 2700.0 ssil -219.711792 EEN
2700.0 2720.0 n -263.428986
2720.0 2735.0 ssil -206.197968
2735.0 2770.0 ssil -483.801025 ONBEKENDE
2770.0 2845.0 oc -1048.067017
2845.0 3000.0 n -1909.779785
3000.0 3025.0 b -393.710480
3025.0 3050.0 @ -440.234924
3050.0 3150.0 k -1393.860107
3150.0 3240.0 ec -1109.240356
3240.0 3335.0 n -1090.983765
3335.0 3350.0 d -239.207764
3350.0 3370.0 @ -301.907440
3370.0 3385.0 ssil -210.943634
3385.0 3400.0 ssil -175.538666 PERSOON
3400.0 3480.0 p -1000.512451
3480.0 3530.0 @ -727.444336
3530.0 3610.0 r -1192.282593
3610.0 3735.0 s -1581.282227
3735.0 3880.0 o -1853.300659
3880.0 3940.0 n -727.368774
3940.0 3955.0 ssil -216.557098
3955.0 3970.0 ssil -204.037170 IS
3970.0 4045.0 ic -965.113525
4045.0 4175.0 s -1785.335938
4175.0 4270.0 ssil -1422.250244
4270.0 4350.0 ssil -1165.339355 GEKUST
4350.0 4385.0 x -525.471313
4385.0 4470.0 @ -944.626343
4470.0 4485.0 k -234.565292
4485.0 4500.0 u -247.194809
4500.0 4645.0 s -1901.456665
4645.0 4830.0 t -2421.462891
4830.0 4900.0 ssil -842.359436
.
