#!MLF!#
"/net/aistaff/aki/_same-utterance/wav/03/Limburg/9161-1459932034-1743458.rec"
0.0 705.0 ssil -9112.814453 JEANNETTE
705.0 835.0 sc -1540.496216
835.0 875.0 @ -486.741333
875.0 965.0 n -1180.670166
965.0 1030.0 ec -786.084778
1030.0 1045.0 t -238.706696
1045.0 1060.0 ssil -223.475235
1060.0 1075.0 ssil -211.047134 LACHT
1075.0 1220.0 l -1886.671753
1220.0 1365.0 ac -1840.632080
1365.0 1420.0 x -808.074463
1420.0 1505.0 t -1076.378174
1505.0 1545.0 ssil -601.125366
1545.0 1560.0 ssil -215.576706 NADAT
1560.0 1665.0 n -1427.920288
1665.0 1785.0 a -1530.857544
1785.0 1810.0 d -317.634888
1810.0 1905.0 ac -1125.767700
1905.0 1920.0 t -214.912872
1920.0 1935.0 ssil -191.264526
1935.0 1950.0 ssil -190.511902 ZE
1950.0 2015.0 z -808.338745
2015.0 2045.0 @ -366.522186
2045.0 2060.0 ssil -205.252991
2060.0 2075.0 ssil -216.213806 DOOR
2075.0 2120.0 d -596.245117
2120.0 2295.0 o -2133.810547
2295.0 2310.0 ssil -269.431305
2310.0 2325.0 ssil -242.296219 EEN
2325.0 2355.0 @ -427.140930
2355.0 2375.0 ssil -351.022583
2375.0 2395.0 ssil -321.248993 ONBEKENDE
2395.0 2490.0 oc -1148.428589
2490.0 2625.0 n -1471.023071
2625.0 2670.0 b -580.665039
2670.0 2715.0 @ -694.282349
2715.0 2790.0 k -1084.614624
2790.0 2840.0 ec -598.061462
2840.0 2905.0 n -789.845337
2905.0 2920.0 d -219.223312
2920.0 2935.0 @ -206.530060
2935.0 2985.0 ssil -620.918030
2985.0 3025.0 ssil -562.449280 PERSOON
3025.0 3040.0 p -237.044830
3040.0 3170.0 s -1601.193115
3170.0 3295.0 o -1290.174805
3295.0 3350.0 n -661.686096
3350.0 3365.0 ssil -178.248611
3365.0 3380.0 ssil -173.991455 IS
3380.0 3405.0 ic -309.909546
3405.0 3445.0 s -552.659485
3445.0 3460.0 ssil -201.380157
3460.0 3475.0 ssil -201.608704 GEKUST
3475.0 3545.0 gc -920.440613
3545.0 3625.0 @ -1077.284058
3625.0 3790.0 k -2452.930420
3790.0 3825.0 u -546.298035
3825.0 4000.0 s -2192.991699
4000.0 4065.0 t -801.079712
4065.0 4645.0 ssil -6699.011719
.
