#!MLF!#
"/net/aistaff/aki/_same-utterance/wav/03/Limburg/9531-1463926100-1842515.rec"
0.0 500.0 ssil -5937.490723 JEANNETTE
500.0 575.0 sc -931.454041
575.0 640.0 @ -869.256958
640.0 700.0 n -828.119446
700.0 850.0 ec -1812.673706
850.0 880.0 t -470.481659
880.0 905.0 ssil -345.101105
905.0 920.0 ssil -199.247574 LACHT
920.0 965.0 l -581.109253
965.0 1100.0 ac -1569.610596
1100.0 1240.0 x -1826.721191
1240.0 1325.0 t -1101.201050
1325.0 1345.0 ssil -260.060211
1345.0 1395.0 ssil -637.851990 NADAT
1395.0 1415.0 n -285.730011
1415.0 1490.0 ac -1007.542664
1490.0 1515.0 d -398.244659
1515.0 1595.0 ac -1021.993469
1595.0 1610.0 t -249.071899
1610.0 1625.0 ssil -215.912674
1625.0 1640.0 ssil -203.697067 ZE
1640.0 1655.0 s -220.922455
1655.0 1675.0 ssil -268.514709
1675.0 1725.0 ssil -697.704224 DOOR
1725.0 1755.0 d -403.195984
1755.0 1890.0 o -1571.923706
1890.0 1905.0 ssil -233.445694
1905.0 1920.0 ssil -219.330643 EEN
1920.0 1975.0 @ -758.767761
1975.0 2000.0 n -300.581421
2000.0 2030.0 ssil -377.676880
2030.0 2055.0 ssil -376.599915 ONBEKENDE
2055.0 2160.0 oc -1380.931274
2160.0 2240.0 n -1136.533325
2240.0 2265.0 b -339.922302
2265.0 2350.0 @ -1192.239258
2350.0 2400.0 k -715.447083
2400.0 2430.0 ec -398.457550
2430.0 2475.0 n -551.572327
2475.0 2490.0 d -218.766449
2490.0 2520.0 @ -437.576538
2520.0 2545.0 ssil -333.645081
2545.0 2560.0 ssil -212.728638 PERSOON
2560.0 2605.0 p -617.453674
2605.0 2655.0 r -626.412659
2655.0 2790.0 s -1728.400879
2790.0 2950.0 o -1929.547119
2950.0 3090.0 n -1686.343018
3090.0 3125.0 ssil -447.813324
3125.0 3160.0 ssil -503.911591 IS
3160.0 3175.0 ic -246.672882
3175.0 3305.0 s -1819.103149
3305.0 3395.0 ssil -1232.165771
3395.0 3415.0 ssil -352.235962 GEKUST
3415.0 3440.0 x -396.909790
3440.0 3565.0 @ -1415.562622
3565.0 3580.0 k -210.024384
3580.0 3595.0 u -234.627625
3595.0 3720.0 s -1567.604736
3720.0 3810.0 t -1216.874756
3810.0 4275.0 ssil -5365.626465
.
