#!MLF!#
"/net/aistaff/aki/_same-utterance/wav/03/Limburg/9888-1465599339-2296495.rec"
0.0 955.0 ssil -11013.319336 JEANNETTE
955.0 1080.0 z -1520.229858
1080.0 1150.0 @ -780.521667
1150.0 1240.0 n -1065.230103
1240.0 1370.0 ec -1664.269775
1370.0 1450.0 t -1179.672729
1450.0 1475.0 ssil -320.936340
1475.0 1535.0 ssil -817.461365 LACHT
1535.0 1585.0 l -603.460449
1585.0 1685.0 ac -1175.520752
1685.0 1835.0 x -1980.236206
1835.0 1940.0 t -1437.963989
1940.0 1990.0 ssil -715.088196
1990.0 2015.0 ssil -366.889374 NADAT
2015.0 2055.0 n -597.478271
2055.0 2185.0 @ -1584.918335
2185.0 2205.0 d -261.254242
2205.0 2315.0 ac -1377.207397
2315.0 2330.0 t -202.085297
2330.0 2350.0 ssil -247.158142
2350.0 2365.0 ssil -198.839325 ZE
2365.0 2435.0 s -952.382751
2435.0 2450.0 ssil -218.287277
2450.0 2475.0 ssil -344.158234 DOOR
2475.0 2535.0 d -819.113647
2535.0 2645.0 o -1180.049927
2645.0 2720.0 r -925.083069
2720.0 2735.0 ssil -193.134125
2735.0 2750.0 ssil -211.481232 EEN
2750.0 2765.0 @ -205.081467
2765.0 2780.0 ssil -202.519424
2780.0 2795.0 ssil -204.256409 ONBEKENDE
2795.0 2920.0 oc -1446.351196
2920.0 3020.0 n -1208.626831
3020.0 3145.0 @ -1665.420532
3145.0 3195.0 k -748.970276
3195.0 3265.0 ec -927.482849
3265.0 3335.0 n -917.691223
3335.0 3350.0 d -207.314804
3350.0 3440.0 @ -1124.414062
3440.0 3455.0 ssil -180.967346
3455.0 3470.0 ssil -217.261826 PERSOON
3470.0 3520.0 p -685.769592
3520.0 3585.0 r -822.793213
3585.0 3745.0 s -2079.467041
3745.0 3870.0 o -1359.832886
3870.0 3915.0 n -513.202515
3915.0 3930.0 ssil -201.794373
3930.0 3945.0 ssil -208.323425 IS
3945.0 4070.0 ic -1539.572144
4070.0 4155.0 s -1116.227295
4155.0 4170.0 ssil -210.675293
4170.0 4185.0 ssil -206.059143 GEKUST
4185.0 4240.0 x -720.114197
4240.0 4355.0 @ -1382.055054
4355.0 4425.0 k -973.707581
4425.0 4500.0 u -957.196350
4500.0 4655.0 s -2037.452515
4655.0 4785.0 t -1669.909058
4785.0 5620.0 ssil -9273.116211
.
