#!MLF!#
"/net/aistaff/aki/_same-utterance/wav/04/Limburg/10038-1465798088-2309629.rec"
0.0 265.0 ssil -2889.477539 KORT
265.0 490.0 k -3083.163330
490.0 595.0 oc -1605.327637
595.0 610.0 r -234.807938
610.0 635.0 ssil -365.643555
635.0 890.0 ssil -3938.155029 NA
890.0 945.0 n -657.035706
945.0 1100.0 a -1540.303101
1100.0 1115.0 ssil -213.610413
1115.0 1130.0 ssil -228.813217 HET
1130.0 1145.0 h -262.693542
1145.0 1160.0 ec -255.904816
1160.0 1175.0 t -235.873215
1175.0 1190.0 ssil -223.242844
1190.0 1210.0 ssil -280.999908 WIELERFESTIJN
1210.0 1275.0 w -792.200012
1275.0 1340.0 i -852.207703
1340.0 1355.0 l -220.620560
1355.0 1410.0 @ -714.802612
1410.0 1465.0 r -718.068542
1465.0 1560.0 f -1176.728760
1560.0 1600.0 ec -591.555420
1600.0 1725.0 s -1579.210327
1725.0 1765.0 t -562.221497
1765.0 2045.0 ei -3245.747559
2045.0 2085.0 n -513.462769
2085.0 2100.0 ssil -208.871201
2100.0 2120.0 ssil -246.558853 VERBRUIKTE
2120.0 2140.0 v -296.179413
2140.0 2155.0 ec -238.283157
2155.0 2170.0 r -244.565979
2170.0 2200.0 b -431.246826
2200.0 2225.0 r -315.735107
2225.0 2380.0 ui -1934.538696
2380.0 2405.0 k -360.085266
2405.0 2440.0 t -509.035675
2440.0 2550.0 @ -1287.776489
2550.0 2575.0 ssil -366.592712
2575.0 2640.0 ssil -1144.260498 DRIES
2640.0 2655.0 d -213.053604
2655.0 2670.0 r -215.044113
2670.0 2895.0 i -2768.294678
2895.0 3115.0 s -2830.064209
3115.0 3145.0 ssil -441.869812
3145.0 3200.0 ssil -744.856812 DE
3200.0 3260.0 d -896.476685
3260.0 3325.0 @ -838.983826
3325.0 3340.0 ssil -226.056412
3340.0 3370.0 ssil -388.408081 REST
3370.0 3405.0 r -461.622192
3405.0 3545.0 ec -1750.576050
3545.0 3560.0 s -244.385345
3560.0 3760.0 ssil -2992.343994
3760.0 3830.0 ssil -909.006592 VAN
3830.0 3865.0 v -485.487946
3865.0 3925.0 ac -684.944275
3925.0 3955.0 n -367.164764
3955.0 3970.0 ssil -228.619720
3970.0 3985.0 ssil -216.670319 DE
3985.0 4000.0 d -221.177734
4000.0 4085.0 @ -1103.345703
4085.0 4105.0 ssil -288.516388
4105.0 4135.0 ssil -448.453003 DEODORANT
4135.0 4155.0 d -304.526978
4155.0 4310.0 ic -1696.398193
4310.0 4325.0 oc -194.427170
4325.0 4345.0 d -237.249908
4345.0 4360.0 oc -185.903870
4360.0 4585.0 r -3201.594482
4585.0 4760.0 ac -1957.771606
4760.0 4835.0 n -880.433594
4835.0 5005.0 t -2409.906738
5005.0 5200.0 ssil -2452.376221
.
