#!MLF!#
"/net/aistaff/aki/_same-utterance/wav/04/Limburg/10267-1464460531-2101922.rec"
0.0 280.0 ssil -3245.061523 KORT
280.0 340.0 k -864.708496
340.0 435.0 oc -1223.398438
435.0 485.0 r -716.606628
485.0 500.0 ssil -238.165833
500.0 535.0 ssil -500.545135 NA
535.0 570.0 n -520.898010
570.0 695.0 a -1451.934082
695.0 710.0 ssil -197.807388
710.0 725.0 ssil -202.954544 HET
725.0 740.0 h -202.490372
740.0 755.0 ec -220.111908
755.0 800.0 t -658.825989
800.0 815.0 ssil -212.023880
815.0 835.0 ssil -312.431366 WIELERFESTIJN
835.0 855.0 w -326.223053
855.0 920.0 i -874.607666
920.0 950.0 l -439.131500
950.0 1010.0 @ -880.934448
1010.0 1025.0 r -185.648483
1025.0 1100.0 f -921.187256
1100.0 1115.0 ec -240.886047
1115.0 1250.0 s -1624.968628
1250.0 1305.0 t -795.326660
1305.0 1455.0 ei -1879.663330
1455.0 1555.0 n -1232.165894
1555.0 1590.0 ssil -449.421234
1590.0 1645.0 ssil -695.461548 VERBRUIKTE
1645.0 1730.0 v -1029.489502
1730.0 1745.0 ec -253.189835
1745.0 1760.0 r -215.621933
1760.0 1875.0 b -1478.900269
1875.0 1950.0 r -1193.225464
1950.0 2070.0 ui -1539.816895
2070.0 2095.0 k -388.817291
2095.0 2115.0 t -356.528717
2115.0 2135.0 @ -315.294342
2135.0 2245.0 ssil -1506.427002
2245.0 2340.0 ssil -1263.195312 DRIES
2340.0 2355.0 d -226.649780
2355.0 2390.0 r -509.320923
2390.0 2475.0 i -1102.419922
2475.0 2535.0 s -766.879883
2535.0 2580.0 ssil -608.853516
2580.0 2605.0 ssil -408.761475 DE
2605.0 2640.0 d -529.427002
2640.0 2665.0 @ -356.514313
2665.0 2700.0 ssil -453.251160
2700.0 2750.0 ssil -647.664978 REST
2750.0 2765.0 r -226.565079
2765.0 2850.0 ec -1089.545654
2850.0 2930.0 s -1097.986572
2930.0 2945.0 ssil -217.994705
2945.0 2965.0 ssil -270.507507 VAN
2965.0 3025.0 f -687.500122
3025.0 3070.0 ac -645.697388
3070.0 3140.0 n -829.782532
3140.0 3155.0 ssil -207.292206
3155.0 3170.0 ssil -209.610855 DE
3170.0 3190.0 d -281.855682
3190.0 3220.0 @ -384.296326
3220.0 3240.0 ssil -277.704895
3240.0 3255.0 ssil -200.297363 DEODORANT
3255.0 3305.0 d -740.162415
3305.0 3525.0 ic -2904.415771
3525.0 3600.0 oc -990.020630
3600.0 3615.0 d -208.982208
3615.0 3670.0 oc -660.843262
3670.0 3685.0 r -208.968185
3685.0 3765.0 ac -859.391235
3765.0 3885.0 n -1329.744873
3885.0 4025.0 t -1823.059204
4025.0 4250.0 ssil -2718.643311
.
