#!MLF!#
"/net/aistaff/aki/_same-utterance/wav/04/Limburg/10295-1464287081-1983784.rec"
0.0 305.0 ssil -2552.666016 KORT
305.0 600.0 k -3691.868896
600.0 670.0 oc -945.371033
670.0 730.0 r -809.179443
730.0 750.0 ssil -288.760925
750.0 795.0 ssil -620.774292 NA
795.0 845.0 n -799.677612
845.0 995.0 a -1511.825806
995.0 1010.0 ssil -236.696472
1010.0 1025.0 ssil -236.021530 HET
1025.0 1040.0 h -235.270920
1040.0 1055.0 ec -236.652695
1055.0 1080.0 t -389.720703
1080.0 1095.0 ssil -209.521484
1095.0 1120.0 ssil -352.923889 WIELERFESTIJN
1120.0 1180.0 w -729.422363
1180.0 1205.0 i -324.844086
1205.0 1220.0 l -203.082031
1220.0 1280.0 @ -728.899597
1280.0 1320.0 r -541.900146
1320.0 1405.0 f -1075.204956
1405.0 1465.0 ec -769.004822
1465.0 1595.0 s -1652.390625
1595.0 1645.0 t -696.527100
1645.0 1920.0 ei -3072.594727
1920.0 1935.0 n -202.481445
1935.0 1960.0 ssil -324.664917
1960.0 1975.0 ssil -194.861176 VERBRUIKTE
1975.0 2050.0 v -873.686096
2050.0 2080.0 ec -348.461151
2080.0 2095.0 r -190.364990
2095.0 2185.0 b -1124.566772
2185.0 2350.0 r -2028.808716
2350.0 2375.0 ui -368.848816
2375.0 2390.0 k -232.843796
2390.0 2420.0 t -435.995941
2420.0 2490.0 @ -846.613342
2490.0 2550.0 ssil -955.993713
2550.0 2585.0 ssil -491.678864 DRIES
2585.0 2610.0 d -327.124878
2610.0 2625.0 r -203.027390
2625.0 2705.0 i -922.387024
2705.0 2845.0 s -2164.220947
2845.0 2870.0 ssil -351.646606
2870.0 2935.0 ssil -819.341187 DE
2935.0 3000.0 d -945.243774
3000.0 3030.0 @ -399.364288
3030.0 3050.0 ssil -313.617126
3050.0 3065.0 ssil -190.460388 REST
3065.0 3095.0 r -392.758362
3095.0 3175.0 ec -914.167542
3175.0 3270.0 s -1237.223999
3270.0 3285.0 ssil -195.920593
3285.0 3300.0 ssil -192.864227 VAN
3300.0 3320.0 v -265.064178
3320.0 3360.0 ac -476.020752
3360.0 3380.0 n -242.400955
3380.0 3395.0 ssil -184.540726
3395.0 3410.0 ssil -203.233536 DE
3410.0 3430.0 d -254.877289
3430.0 3475.0 @ -505.766205
3475.0 3490.0 ssil -191.286682
3490.0 3505.0 ssil -211.355728 DEODORANT
3505.0 3540.0 d -483.073517
3540.0 3715.0 ic -1803.312744
3715.0 3730.0 oc -256.887085
3730.0 3755.0 d -347.908844
3755.0 3810.0 oc -679.212585
3810.0 3855.0 r -684.976990
3855.0 3980.0 ac -1691.293945
3980.0 4050.0 n -924.566040
4050.0 4090.0 t -502.213043
4090.0 4410.0 ssil -3896.320557
.
