#!MLF!#
"/net/aistaff/aki/_same-utterance/wav/04/Limburg/10873-1464181259-1912798.rec"
0.0 1000.0 ssil -12065.194336 KORT
1000.0 1045.0 k -677.651550
1045.0 1135.0 oc -1156.683716
1135.0 1150.0 r -227.475616
1150.0 1250.0 ssil -1346.297729
1250.0 1290.0 ssil -588.494812 NA
1290.0 1365.0 n -919.887817
1365.0 1530.0 a -1730.760864
1530.0 1545.0 ssil -219.241257
1545.0 1560.0 ssil -227.802231 HET
1560.0 1575.0 h -255.353760
1575.0 1590.0 ec -269.157928
1590.0 1645.0 t -797.667969
1645.0 1670.0 ssil -333.035645
1670.0 1685.0 ssil -192.809036 WIELERFESTIJN
1685.0 1740.0 w -662.515625
1740.0 1820.0 i -1072.658813
1820.0 1835.0 l -241.110001
1835.0 1880.0 @ -604.078857
1880.0 1945.0 r -924.090515
1945.0 2060.0 f -1331.022339
2060.0 2110.0 ec -679.000122
2110.0 2240.0 s -1590.223145
2240.0 2310.0 t -940.714294
2310.0 2520.0 ei -2257.168945
2520.0 2725.0 n -2527.919922
2725.0 2740.0 ssil -222.600586
2740.0 2755.0 ssil -204.335464 VERBRUIKTE
2755.0 2855.0 v -1347.787720
2855.0 2875.0 ec -286.081726
2875.0 2895.0 r -297.277130
2895.0 2965.0 b -914.728943
2965.0 3035.0 r -1031.883545
3035.0 3170.0 ui -1670.660034
3170.0 3220.0 k -738.606323
3220.0 3275.0 t -794.203186
3275.0 3305.0 @ -396.167847
3305.0 3320.0 ssil -217.293701
3320.0 3335.0 ssil -184.585876 DRIES
3335.0 3410.0 d -1038.182373
3410.0 3480.0 r -969.147400
3480.0 3575.0 i -1209.815063
3575.0 3680.0 s -1429.944336
3680.0 3750.0 ssil -953.100037
3750.0 3780.0 ssil -416.202393 DE
3780.0 3815.0 d -504.430450
3815.0 3880.0 @ -802.003967
3880.0 3895.0 ssil -194.005371
3895.0 3920.0 ssil -321.594330 REST
3920.0 3945.0 r -320.492004
3945.0 4080.0 ec -1692.798462
4080.0 4170.0 s -1250.663208
4170.0 4235.0 t -925.408081
4235.0 4250.0 ssil -204.259491
4250.0 4265.0 ssil -191.316284 VAN
4265.0 4310.0 f -548.030090
4310.0 4360.0 ac -644.802979
4360.0 4395.0 n -375.304291
4395.0 4410.0 ssil -191.408234
4410.0 4425.0 ssil -206.286041 DE
4425.0 4445.0 d -260.274536
4445.0 4500.0 @ -644.317627
4500.0 4515.0 ssil -202.184052
4515.0 4530.0 ssil -198.192612 DEODORANT
4530.0 4570.0 d -561.928101
4570.0 4685.0 e -1173.989624
4685.0 4765.0 o -999.633728
4765.0 4785.0 d -301.592560
4785.0 4875.0 oc -1153.734741
4875.0 4905.0 r -446.519196
4905.0 5060.0 ac -2023.965332
5060.0 5155.0 n -1245.646973
5155.0 5255.0 t -1375.223022
5255.0 5645.0 ssil -4771.128418
.
