#!MLF!#
"/net/aistaff/aki/_same-utterance/wav/04/Limburg/11719-1464610062-2146386.rec"
0.0 590.0 ssil -6739.168457 KORT
590.0 640.0 k -756.375671
640.0 770.0 oc -1666.804688
770.0 785.0 r -221.592041
785.0 830.0 ssil -618.595886
830.0 900.0 ssil -937.444214 NA
900.0 960.0 n -863.159302
960.0 1100.0 a -1456.198975
1100.0 1115.0 ssil -208.293167
1115.0 1130.0 ssil -207.396805 HET
1130.0 1145.0 h -173.500351
1145.0 1160.0 ec -216.772049
1160.0 1185.0 t -382.014557
1185.0 1200.0 ssil -221.335938
1200.0 1215.0 ssil -205.234024 WIELERFESTIJN
1215.0 1270.0 w -628.691895
1270.0 1310.0 i -506.582123
1310.0 1370.0 l -832.018799
1370.0 1405.0 @ -436.607513
1405.0 1425.0 r -265.465149
1425.0 1535.0 f -1291.538208
1535.0 1560.0 ec -372.479797
1560.0 1670.0 s -1533.285889
1670.0 1735.0 t -872.616821
1735.0 1900.0 ei -1762.634888
1900.0 2065.0 n -2094.657227
2065.0 2080.0 ssil -227.273392
2080.0 2095.0 ssil -200.751602 VERBRUIKTE
2095.0 2175.0 f -992.426758
2175.0 2190.0 ec -212.221420
2190.0 2210.0 r -264.159668
2210.0 2300.0 b -1117.983643
2300.0 2380.0 r -1057.780396
2380.0 2525.0 ui -1796.437378
2525.0 2540.0 k -229.065659
2540.0 2595.0 t -759.216675
2595.0 2635.0 @ -504.729004
2635.0 2650.0 ssil -185.364166
2650.0 2665.0 ssil -182.706650 DRIES
2665.0 2730.0 d -938.263916
2730.0 2785.0 r -723.813477
2785.0 2880.0 i -1088.536621
2880.0 2965.0 s -1109.706787
2965.0 2980.0 ssil -203.638855
2980.0 2995.0 ssil -211.109009 DE
2995.0 3035.0 d -558.567932
3035.0 3085.0 @ -555.695374
3085.0 3100.0 ssil -201.546463
3100.0 3115.0 ssil -204.519012 REST
3115.0 3130.0 r -190.164444
3130.0 3270.0 ec -1740.994873
3270.0 3360.0 s -1127.867310
3360.0 3390.0 t -415.801239
3390.0 3405.0 ssil -217.016357
3405.0 3420.0 ssil -201.408875 VAN
3420.0 3455.0 f -448.677032
3455.0 3535.0 ac -1050.228516
3535.0 3550.0 n -191.548904
3550.0 3565.0 ssil -174.679825
3565.0 3580.0 ssil -192.827728 DE
3580.0 3595.0 d -190.751877
3595.0 3635.0 @ -438.120422
3635.0 3650.0 ssil -178.892136
3650.0 3665.0 ssil -200.828537 DEODORANT
3665.0 3700.0 d -443.408356
3700.0 3840.0 e -1378.472290
3840.0 3905.0 o -751.018127
3905.0 3960.0 d -758.496094
3960.0 4030.0 oc -810.338379
4030.0 4050.0 r -280.717255
4050.0 4205.0 ac -1857.691040
4205.0 4260.0 n -632.932861
4260.0 4350.0 t -1082.644653
4350.0 4715.0 ssil -4149.717773
.
