#!MLF!#
"/net/aistaff/aki/_same-utterance/wav/04/Limburg/14111-1477309816-2517067.rec"
0.0 645.0 ssil -7540.850098 KORT
645.0 720.0 k -1161.357666
720.0 800.0 oc -1099.118652
800.0 875.0 r -1101.107178
875.0 890.0 ssil -215.764450
890.0 905.0 ssil -196.937454 NA
905.0 1000.0 n -1197.303955
1000.0 1135.0 a -1240.719849
1135.0 1150.0 ssil -212.537613
1150.0 1165.0 ssil -225.388077 HET
1165.0 1180.0 h -214.096954
1180.0 1195.0 ec -250.990021
1195.0 1220.0 t -375.955170
1220.0 1235.0 ssil -197.151123
1235.0 1250.0 ssil -196.433960 WIELERFESTIJN
1250.0 1325.0 w -850.374756
1325.0 1385.0 i -743.556213
1385.0 1435.0 l -632.897034
1435.0 1450.0 @ -202.448700
1450.0 1530.0 r -1086.104126
1530.0 1630.0 f -1273.378418
1630.0 1690.0 ec -735.580200
1690.0 1750.0 s -773.502075
1750.0 1895.0 t -1977.965210
1895.0 2025.0 ei -1246.667480
2025.0 2140.0 n -1468.058350
2140.0 2385.0 ssil -2913.403809
2385.0 2845.0 ssil -5533.720703 VERBRUIKTE
2845.0 2885.0 f -548.989502
2885.0 2935.0 ec -628.880554
2935.0 3010.0 r -947.084167
3010.0 3070.0 b -741.348022
3070.0 3150.0 r -1066.142578
3150.0 3255.0 ui -1245.308716
3255.0 3335.0 k -1220.715576
3335.0 3380.0 t -658.562317
3380.0 3430.0 @ -680.084534
3430.0 3450.0 ssil -321.910736
3450.0 3470.0 ssil -302.111145 DRIES
3470.0 3515.0 d -677.104492
3515.0 3575.0 r -812.817871
3575.0 3660.0 i -1022.099243
3660.0 3730.0 s -946.110840
3730.0 3785.0 ssil -638.608765
3785.0 3810.0 ssil -355.185242 DE
3810.0 3855.0 d -628.733826
3855.0 3940.0 @ -1053.050415
3940.0 3960.0 ssil -306.878510
3960.0 3975.0 ssil -204.497116 REST
3975.0 3995.0 r -274.269012
3995.0 4110.0 ec -1303.110352
4110.0 4130.0 s -304.468658
4130.0 4350.0 t -2837.492676
4350.0 4405.0 ssil -764.352661
4405.0 4445.0 ssil -557.819031 VAN
4445.0 4490.0 v -622.466309
4490.0 4540.0 ac -660.305908
4540.0 4615.0 n -848.196594
4615.0 4630.0 ssil -215.488510
4630.0 4645.0 ssil -200.422562 DE
4645.0 4670.0 d -333.054626
4670.0 4685.0 ssil -214.381973
4685.0 4700.0 ssil -203.692871 DEODORANT
4700.0 4760.0 d -797.003357
4760.0 4905.0 e -1545.464111
4905.0 4925.0 o -260.931244
4925.0 5035.0 d -1490.728516
5035.0 5155.0 oc -1415.606934
5155.0 5180.0 r -336.943420
5180.0 5320.0 ac -1565.505371
5320.0 5410.0 n -1025.184204
5410.0 5535.0 t -1669.729858
5535.0 6225.0 ssil -8374.615234
.
