#!MLF!#
"/net/aistaff/aki/_same-utterance/wav/04/Limburg/15579-1469789221-2416181.rec"
0.0 420.0 ssil -5385.122559 KORT
420.0 465.0 k -722.826782
465.0 560.0 oc -1314.599854
560.0 630.0 r -1047.319824
630.0 700.0 t -988.181763
700.0 715.0 ssil -243.205582
715.0 735.0 ssil -295.028717 NA
735.0 775.0 n -574.106262
775.0 885.0 a -1296.947388
885.0 900.0 ssil -214.232300
900.0 915.0 ssil -206.486465 HET
915.0 935.0 h -230.703339
935.0 1040.0 ec -1403.568726
1040.0 1070.0 t -475.752716
1070.0 1085.0 ssil -215.288788
1085.0 1115.0 ssil -445.120239 WIELERFESTIJN
1115.0 1130.0 w -234.134216
1130.0 1185.0 i -846.290588
1185.0 1220.0 l -464.022797
1220.0 1265.0 @ -579.447632
1265.0 1330.0 r -887.431946
1330.0 1405.0 f -974.709534
1405.0 1455.0 ec -626.966187
1455.0 1580.0 s -1628.703125
1580.0 1615.0 t -553.655518
1615.0 1795.0 ei -1891.129395
1795.0 1945.0 n -1764.094482
1945.0 1975.0 ssil -391.037811
1975.0 2025.0 ssil -695.016907 VERBRUIKTE
2025.0 2060.0 f -523.307861
2060.0 2075.0 ec -208.777267
2075.0 2110.0 r -454.781189
2110.0 2170.0 b -846.107544
2170.0 2240.0 r -1050.940186
2240.0 2410.0 ui -2224.302490
2410.0 2425.0 k -238.178909
2425.0 2470.0 t -642.700867
2470.0 2485.0 @ -205.220856
2485.0 2500.0 ssil -203.485794
2500.0 2515.0 ssil -191.987869 DRIES
2515.0 2585.0 d -923.737915
2585.0 2630.0 r -555.738281
2630.0 2720.0 i -944.128540
2720.0 2865.0 s -1861.076782
2865.0 2880.0 ssil -207.887619
2880.0 2895.0 ssil -203.448135 DE
2895.0 2945.0 d -672.983276
2945.0 3025.0 @ -946.999207
3025.0 3040.0 ssil -200.288086
3040.0 3060.0 ssil -280.085785 REST
3060.0 3075.0 r -206.710510
3075.0 3180.0 ec -1203.763306
3180.0 3285.0 s -1350.025391
3285.0 3305.0 t -292.805298
3305.0 3320.0 ssil -209.876526
3320.0 3335.0 ssil -209.918442 VAN
3335.0 3370.0 f -474.947784
3370.0 3405.0 ac -437.242645
3405.0 3430.0 n -330.729706
3430.0 3445.0 ssil -229.254639
3445.0 3460.0 ssil -241.271667 DE
3460.0 3475.0 d -201.687744
3475.0 3510.0 @ -375.141571
3510.0 3525.0 ssil -222.037979
3525.0 3540.0 ssil -208.505936 DEODORANT
3540.0 3590.0 d -652.723816
3590.0 3735.0 e -1663.927002
3735.0 3775.0 o -604.556030
3775.0 3825.0 d -773.996155
3825.0 3910.0 oc -1116.281860
3910.0 3925.0 r -242.163467
3925.0 4065.0 ac -1709.162598
4065.0 4145.0 n -949.378601
4145.0 4275.0 t -1755.108643
4275.0 4785.0 ssil -6019.565430
.
