#!MLF!#
"/net/aistaff/aki/_same-utterance/wav/04/Limburg/15592-1465472931-2283542.rec"
0.0 125.0 ssil -1349.263550 KORT
125.0 140.0 k -249.926102
140.0 155.0 oc -233.679047
155.0 170.0 r -183.310715
170.0 755.0 ssil -7632.201660
755.0 1100.0 ssil -4266.563965 NA
1100.0 1115.0 n -246.415665
1115.0 1190.0 a -897.408630
1190.0 1220.0 ssil -453.395905
1220.0 1345.0 ssil -1828.029785 HET
1345.0 1395.0 h -643.183777
1395.0 1565.0 ec -2075.815430
1565.0 1590.0 t -381.457062
1590.0 1605.0 ssil -206.491302
1605.0 1620.0 ssil -188.310226 WIELERFESTIJN
1620.0 1645.0 w -329.940826
1645.0 1750.0 i -1317.131104
1750.0 1785.0 l -454.777771
1785.0 1820.0 @ -427.157898
1820.0 1895.0 r -1043.818970
1895.0 1980.0 f -1112.331543
1980.0 2050.0 ec -804.134521
2050.0 2140.0 s -1111.242310
2140.0 2215.0 t -951.197205
2215.0 2400.0 ei -2283.848877
2400.0 2520.0 n -1471.557251
2520.0 2565.0 ssil -546.015686
2565.0 2865.0 ssil -3531.448242 VERBRUIKTE
2865.0 2935.0 f -946.329102
2935.0 2955.0 ec -295.090088
2955.0 2980.0 r -345.242340
2980.0 3040.0 b -749.871948
3040.0 3100.0 r -843.788086
3100.0 3260.0 ui -1842.276733
3260.0 3275.0 k -228.408844
3275.0 3315.0 t -572.474792
3315.0 3395.0 @ -1033.597534
3395.0 3415.0 ssil -236.386108
3415.0 3430.0 ssil -203.851700 DRIES
3430.0 3485.0 d -811.663757
3485.0 3535.0 r -725.592590
3535.0 3690.0 i -1878.912842
3690.0 3855.0 s -2152.836914
3855.0 3890.0 ssil -592.044128
3890.0 4025.0 ssil -1858.929077 DE
4025.0 4100.0 d -955.474854
4100.0 4160.0 @ -783.919250
4160.0 4180.0 ssil -311.707367
4180.0 4200.0 ssil -288.997864 REST
4200.0 4240.0 r -504.205292
4240.0 4345.0 ec -1326.494995
4345.0 4420.0 s -986.080933
4420.0 4435.0 ssil -199.302841
4435.0 4450.0 ssil -209.979034 VAN
4450.0 4550.0 f -1246.663452
4550.0 4575.0 ac -279.464569
4575.0 4635.0 n -709.058472
4635.0 4650.0 ssil -205.849976
4650.0 4670.0 ssil -287.622345 DE
4670.0 4690.0 d -271.820465
4690.0 4710.0 ssil -263.234406
4710.0 4725.0 ssil -200.459183 DEODORANT
4725.0 4750.0 d -321.244263
4750.0 4885.0 e -1349.370117
4885.0 5000.0 o -1272.061646
5000.0 5015.0 d -223.763000
5015.0 5030.0 oc -239.187393
5030.0 5200.0 r -2123.950928
5200.0 5290.0 ac -1101.134644
5290.0 5380.0 n -1095.932007
5380.0 5405.0 t -375.688293
5405.0 5850.0 ssil -5466.890137
.
