#!MLF!#
"/net/aistaff/aki/_same-utterance/wav/04/Limburg/15779-1464358385-2037705.rec"
0.0 550.0 ssil -6320.440918 KORT
550.0 600.0 k -787.541382
600.0 675.0 oc -910.058167
675.0 745.0 r -1054.921265
745.0 820.0 ssil -1044.295532
820.0 835.0 ssil -212.688248 NA
835.0 870.0 n -438.219635
870.0 970.0 a -1050.001831
970.0 985.0 ssil -226.273773
985.0 1000.0 ssil -227.295563 HET
1000.0 1015.0 h -230.474655
1015.0 1030.0 ec -233.736710
1030.0 1070.0 t -564.373840
1070.0 1085.0 ssil -186.365616
1085.0 1100.0 ssil -182.608124 WIELERFESTIJN
1100.0 1135.0 w -434.968384
1135.0 1190.0 i -754.425659
1190.0 1250.0 l -827.042786
1250.0 1300.0 @ -525.293762
1300.0 1350.0 r -639.880859
1350.0 1435.0 f -1108.606689
1435.0 1480.0 ec -607.956055
1480.0 1625.0 s -1863.274414
1625.0 1670.0 t -635.057434
1670.0 1915.0 ei -2496.974121
1915.0 1940.0 n -311.063324
1940.0 1955.0 ssil -195.734711
1955.0 1975.0 ssil -252.776718 VERBRUIKTE
1975.0 2015.0 v -515.467163
2015.0 2030.0 ec -198.611191
2030.0 2070.0 r -486.830627
2070.0 2160.0 b -1152.767212
2160.0 2185.0 r -362.573456
2185.0 2390.0 ui -2410.645020
2390.0 2415.0 k -345.089142
2415.0 2440.0 t -347.351898
2440.0 2475.0 @ -401.980072
2475.0 2495.0 ssil -234.311798
2495.0 2510.0 ssil -180.317017 DRIES
2510.0 2580.0 d -879.563721
2580.0 2640.0 r -783.963013
2640.0 2760.0 i -1572.836182
2760.0 2915.0 s -2183.598389
2915.0 2930.0 ssil -217.046143
2930.0 2945.0 ssil -191.711731 DE
2945.0 3005.0 d -852.478943
3005.0 3055.0 @ -587.071106
3055.0 3070.0 ssil -205.913528
3070.0 3085.0 ssil -212.207367 REST
3085.0 3105.0 r -253.767548
3105.0 3235.0 ec -1475.725952
3235.0 3345.0 s -1430.319214
3345.0 3400.0 ssil -636.166809
3400.0 3445.0 ssil -530.519653 VAN
3445.0 3485.0 v -522.554810
3485.0 3520.0 ac -431.116150
3520.0 3535.0 n -215.581116
3535.0 3550.0 ssil -214.830338
3550.0 3565.0 ssil -224.479080 DE
3565.0 3580.0 d -225.382217
3580.0 3645.0 @ -688.848328
3645.0 3660.0 ssil -182.944687
3660.0 3675.0 ssil -177.176987 DEODORANT
3675.0 3720.0 d -601.514160
3720.0 3965.0 e -2686.780029
3965.0 4050.0 o -956.140686
4050.0 4065.0 d -217.758896
4065.0 4095.0 oc -403.508484
4095.0 4110.0 r -223.539810
4110.0 4245.0 ac -1456.154053
4245.0 4380.0 n -1493.350342
4380.0 4460.0 t -1071.172729
4460.0 4925.0 ssil -5233.918945
.
