#!MLF!#
"/net/aistaff/aki/_same-utterance/wav/04/Limburg/15781-1465026330-2230314.rec"
0.0 675.0 ssil -8272.491211 KORT
675.0 745.0 k -960.224182
745.0 860.0 oc -1676.572021
860.0 895.0 r -503.468109
895.0 915.0 ssil -278.976349
915.0 950.0 ssil -500.179779 NA
950.0 990.0 n -661.120728
990.0 1110.0 a -1211.918945
1110.0 1125.0 ssil -193.624512
1125.0 1140.0 ssil -211.932556 HET
1140.0 1155.0 h -244.272064
1155.0 1170.0 ec -273.812042
1170.0 1190.0 t -303.366211
1190.0 1205.0 ssil -185.995926
1205.0 1220.0 ssil -187.134521 WIELERFESTIJN
1220.0 1255.0 w -427.567566
1255.0 1320.0 i -781.364014
1320.0 1355.0 l -493.994141
1355.0 1400.0 @ -592.265991
1400.0 1435.0 r -461.188110
1435.0 1530.0 f -1175.151245
1530.0 1585.0 ec -708.191162
1585.0 1720.0 s -1769.383911
1720.0 1765.0 t -666.210876
1765.0 2075.0 ei -3448.390625
2075.0 2095.0 n -265.478455
2095.0 2280.0 ssil -2068.058350
2280.0 2390.0 ssil -1327.883057 VERBRUIKTE
2390.0 2450.0 v -807.680725
2450.0 2465.0 ec -226.274399
2465.0 2495.0 r -467.452423
2495.0 2575.0 b -1006.538147
2575.0 2605.0 r -419.198730
2605.0 2760.0 ui -2022.780273
2760.0 2805.0 k -669.257446
2805.0 2835.0 t -432.760132
2835.0 2895.0 @ -722.559814
2895.0 2910.0 ssil -195.227707
2910.0 2925.0 ssil -185.629059 DRIES
2925.0 2995.0 d -1005.958374
2995.0 3070.0 r -992.806641
3070.0 3195.0 i -1485.695557
3195.0 3345.0 s -1914.989868
3345.0 3365.0 ssil -255.309677
3365.0 3600.0 ssil -2815.859375 DE
3600.0 3630.0 d -432.326233
3630.0 3705.0 @ -915.348022
3705.0 3720.0 ssil -213.809158
3720.0 3735.0 ssil -227.987183 REST
3735.0 3770.0 r -467.109436
3770.0 3860.0 ec -1082.642944
3860.0 3920.0 s -736.800598
3920.0 3975.0 t -735.076599
3975.0 3990.0 ssil -197.400940
3990.0 4005.0 ssil -176.406021 VAN
4005.0 4030.0 v -340.881378
4030.0 4090.0 ac -713.474976
4090.0 4140.0 n -627.599548
4140.0 4155.0 ssil -229.620850
4155.0 4170.0 ssil -267.696014 DE
4170.0 4185.0 d -224.866837
4185.0 4235.0 @ -599.398804
4235.0 4250.0 ssil -211.857834
4250.0 4265.0 ssil -196.260147 DEODORANT
4265.0 4320.0 d -745.374268
4320.0 4540.0 e -2491.018799
4540.0 4620.0 o -866.735718
4620.0 4650.0 d -410.509003
4650.0 4665.0 oc -192.260818
4665.0 4680.0 r -187.526062
4680.0 4815.0 ac -1488.170898
4815.0 4880.0 n -834.244324
4880.0 4975.0 t -1333.464966
4975.0 5040.0 ssil -742.799438
.
