#!MLF!#
"/net/aistaff/aki/_same-utterance/wav/04/Limburg/16307-1464263234-1901758.rec"
0.0 580.0 ssil -7678.089355 KORT
580.0 625.0 k -678.253357
625.0 740.0 oc -1399.101196
740.0 765.0 r -370.216766
765.0 820.0 t -728.113037
820.0 835.0 ssil -228.633911
835.0 850.0 ssil -246.236313 NA
850.0 900.0 n -695.093140
900.0 955.0 a -523.195007
955.0 970.0 ssil -177.269928
970.0 985.0 ssil -177.403610 HET
985.0 1000.0 h -178.066376
1000.0 1050.0 ec -594.340820
1050.0 1065.0 t -246.700623
1065.0 1080.0 ssil -224.801392
1080.0 1095.0 ssil -236.638565 WIELERFESTIJN
1095.0 1145.0 w -663.174072
1145.0 1220.0 i -896.163696
1220.0 1265.0 l -611.878784
1265.0 1295.0 @ -386.683197
1295.0 1315.0 r -300.758209
1315.0 1375.0 f -703.786255
1375.0 1390.0 ec -223.722198
1390.0 1495.0 s -1314.473022
1495.0 1560.0 t -904.597595
1560.0 1760.0 ei -2083.747803
1760.0 1860.0 n -1149.520264
1860.0 1885.0 ssil -315.646332
1885.0 1920.0 ssil -439.613953 VERBRUIKTE
1920.0 1940.0 f -242.599533
1940.0 1955.0 ec -300.199890
1955.0 1975.0 r -288.723907
1975.0 2060.0 b -1130.370361
2060.0 2245.0 r -2372.074219
2245.0 2265.0 ui -263.751495
2265.0 2285.0 k -298.707001
2285.0 2330.0 t -708.320679
2330.0 2345.0 @ -219.030945
2345.0 2360.0 ssil -185.168976
2360.0 2375.0 ssil -177.109695 DRIES
2375.0 2455.0 d -1020.200317
2455.0 2525.0 r -985.076904
2525.0 2660.0 i -1589.564819
2660.0 2850.0 s -2531.456543
2850.0 2915.0 ssil -766.938904
2915.0 2990.0 ssil -852.101379 DE
2990.0 3070.0 d -1039.080444
3070.0 3135.0 @ -808.575500
3135.0 3150.0 ssil -193.110596
3150.0 3165.0 ssil -192.396484 REST
3165.0 3180.0 r -186.016495
3180.0 3305.0 ec -1404.220581
3305.0 3365.0 s -831.576477
3365.0 3380.0 ssil -181.793564
3380.0 3400.0 ssil -241.907761 VAN
3400.0 3445.0 v -552.702637
3445.0 3495.0 ac -599.607910
3495.0 3510.0 n -237.816391
3510.0 3540.0 ssil -447.996033
3540.0 3555.0 ssil -217.981598 DE
3555.0 3580.0 d -356.787689
3580.0 3610.0 @ -368.934662
3610.0 3625.0 ssil -226.410019
3625.0 3640.0 ssil -201.141571 DEODORANT
3640.0 3735.0 d -1058.135498
3735.0 3905.0 e -1542.098755
3905.0 3925.0 o -301.113190
3925.0 3985.0 d -918.175232
3985.0 4020.0 oc -457.642181
4020.0 4040.0 r -261.242310
4040.0 4195.0 ac -1792.307617
4195.0 4310.0 n -1380.730591
4310.0 4360.0 t -672.915405
4360.0 4805.0 ssil -5308.612305
.
