#!MLF!#
"/net/aistaff/aki/_same-utterance/wav/04/Limburg/16495-1464468965-2107729.rec"
0.0 570.0 ssil -6612.252930 KORT
570.0 630.0 k -865.786865
630.0 750.0 oc -1560.696777
750.0 815.0 r -901.500488
815.0 835.0 ssil -266.554443
835.0 880.0 ssil -630.114075 NA
880.0 905.0 n -395.598724
905.0 995.0 a -1069.538818
995.0 1010.0 ssil -171.927765
1010.0 1025.0 ssil -169.822815 HET
1025.0 1045.0 h -220.728836
1045.0 1110.0 ec -798.322937
1110.0 1155.0 t -659.832947
1155.0 1180.0 ssil -327.831665
1180.0 1195.0 ssil -181.946182 WIELERFESTIJN
1195.0 1230.0 w -381.822266
1230.0 1300.0 i -837.234009
1300.0 1350.0 l -689.592041
1350.0 1410.0 @ -855.248535
1410.0 1435.0 r -333.017120
1435.0 1545.0 f -1366.193359
1545.0 1560.0 ec -232.700699
1560.0 1680.0 s -1529.272095
1680.0 1715.0 t -508.421600
1715.0 1890.0 ei -1956.751953
1890.0 2020.0 n -1414.823486
2020.0 2065.0 ssil -603.215332
2065.0 2480.0 ssil -4868.769043 VERBRUIKTE
2480.0 2555.0 f -863.739990
2555.0 2570.0 ec -225.537125
2570.0 2600.0 r -419.568451
2600.0 2695.0 b -1328.232788
2695.0 2870.0 r -2318.415039
2870.0 2885.0 ui -227.530136
2885.0 2900.0 k -251.383484
2900.0 2940.0 t -590.788574
2940.0 2960.0 @ -274.258667
2960.0 2975.0 ssil -216.865326
2975.0 2990.0 ssil -198.420212 DRIES
2990.0 3085.0 d -1229.483276
3085.0 3130.0 r -607.292419
3130.0 3235.0 i -1227.992310
3235.0 3385.0 s -1899.756104
3385.0 3420.0 ssil -473.016052
3420.0 3460.0 ssil -548.826172 DE
3460.0 3495.0 d -478.478973
3495.0 3510.0 ssil -200.329376
3510.0 3525.0 ssil -197.374786 REST
3525.0 3540.0 r -173.148880
3540.0 3750.0 ec -2375.697021
3750.0 3835.0 s -1113.135132
3835.0 3850.0 ssil -209.918991
3850.0 3865.0 ssil -196.476212 VAN
3865.0 3920.0 f -651.684875
3920.0 3950.0 ac -351.601288
3950.0 4005.0 n -559.459961
4005.0 4020.0 ssil -211.093842
4020.0 4035.0 ssil -206.003357 DE
4035.0 4050.0 d -205.772629
4050.0 4065.0 ssil -192.550980
4065.0 4080.0 ssil -184.594208 DEODORANT
4080.0 4135.0 d -720.202271
4135.0 4300.0 e -1567.898193
4300.0 4320.0 o -319.043793
4320.0 4370.0 d -735.901489
4370.0 4430.0 oc -782.530579
4430.0 4445.0 r -184.997910
4445.0 4580.0 ac -1478.300659
4580.0 4660.0 n -971.087280
4660.0 4680.0 t -316.057434
4680.0 5340.0 ssil -8204.133789
.
