#!MLF!#
"/net/aistaff/aki/_same-utterance/wav/04/Limburg/17469-1474488334-2492230.rec"
0.0 1105.0 ssil -13158.975586 KORT
1105.0 1145.0 k -577.957458
1145.0 1255.0 oc -1376.797241
1255.0 1360.0 r -1460.608643
1360.0 1425.0 t -926.179260
1425.0 1440.0 ssil -200.548523
1440.0 1465.0 ssil -343.786835 NA
1465.0 1510.0 n -614.093445
1510.0 1725.0 a -2543.258545
1725.0 1740.0 ssil -241.144531
1740.0 1755.0 ssil -218.635452 HET
1755.0 1770.0 h -221.423508
1770.0 1785.0 ec -199.403030
1785.0 1800.0 t -229.948746
1800.0 1815.0 ssil -234.942825
1815.0 1830.0 ssil -233.289734 WIELERFESTIJN
1830.0 1855.0 w -325.063507
1855.0 1875.0 i -307.083099
1875.0 1935.0 l -831.478088
1935.0 1975.0 @ -468.373016
1975.0 2045.0 r -888.002197
2045.0 2115.0 f -880.933228
2115.0 2145.0 ec -391.410675
2145.0 2255.0 s -1384.360596
2255.0 2315.0 t -854.358765
2315.0 2480.0 ei -1853.140381
2480.0 2670.0 n -2319.015381
2670.0 2875.0 ssil -2310.181152
2875.0 2960.0 ssil -1154.320435 VERBRUIKTE
2960.0 3035.0 f -952.544678
3035.0 3050.0 ec -207.025223
3050.0 3085.0 r -491.254425
3085.0 3160.0 b -975.429260
3160.0 3220.0 r -830.149902
3220.0 3315.0 ui -1045.670044
3315.0 3330.0 k -259.715973
3330.0 3345.0 t -252.066086
3345.0 3375.0 @ -414.127563
3375.0 3390.0 ssil -211.026962
3390.0 3435.0 ssil -683.842529 DRIES
3435.0 3570.0 d -1766.958862
3570.0 3640.0 r -991.482178
3640.0 3730.0 i -1207.114746
3730.0 3850.0 s -1461.778442
3850.0 3865.0 ssil -187.624802
3865.0 3885.0 ssil -239.208374 DE
3885.0 3905.0 d -290.961823
3905.0 4000.0 ssil -1206.860596
4000.0 4015.0 ssil -189.941284 REST
4015.0 4140.0 r -1597.086182
4140.0 4240.0 ec -1291.117798
4240.0 4330.0 s -1154.091187
4330.0 4400.0 t -970.219849
4400.0 4415.0 ssil -202.148071
4415.0 4430.0 ssil -200.023819 VAN
4430.0 4550.0 f -1509.515137
4550.0 4615.0 ac -750.034241
4615.0 4635.0 n -267.269684
4635.0 4650.0 ssil -228.881226
4650.0 4665.0 ssil -211.563950 DE
4665.0 4710.0 d -539.761108
4710.0 4725.0 ssil -192.633652
4725.0 4740.0 ssil -193.774063 DEODORANT
4740.0 4805.0 d -874.431824
4805.0 4925.0 e -1228.143677
4925.0 5010.0 o -973.064087
5010.0 5070.0 d -848.407166
5070.0 5085.0 oc -197.275009
5085.0 5150.0 r -845.395203
5150.0 5270.0 ac -1450.442627
5270.0 5345.0 n -953.883240
5345.0 5365.0 t -278.987396
5365.0 5410.0 ssil -603.320801
.
