#!MLF!#
"/net/aistaff/aki/_same-utterance/wav/04/Limburg/1987-1450049375-662966.rec"
0.0 1290.0 ssil -15047.263672 KORT
1290.0 1345.0 k -784.825623
1345.0 1475.0 oc -1711.549683
1475.0 1490.0 r -220.831436
1490.0 1530.0 ssil -540.531738
1530.0 1635.0 ssil -1430.024048 NA
1635.0 1665.0 n -452.181824
1665.0 1855.0 a -1851.476074
1855.0 1870.0 ssil -202.045578
1870.0 1885.0 ssil -198.197144 HET
1885.0 1900.0 h -205.414597
1900.0 1920.0 ec -270.273895
1920.0 1950.0 t -435.123413
1950.0 1965.0 ssil -208.802002
1965.0 1985.0 ssil -258.706665 WIELERFESTIJN
1985.0 2050.0 w -797.762146
2050.0 2170.0 i -1496.138184
2170.0 2205.0 l -471.946136
2205.0 2245.0 @ -540.058350
2245.0 2290.0 r -595.868835
2290.0 2385.0 f -1243.012329
2385.0 2445.0 ec -727.082458
2445.0 2590.0 s -1915.515381
2590.0 2635.0 t -636.282043
2635.0 2870.0 ei -2547.583740
2870.0 2895.0 n -336.073273
2895.0 2910.0 ssil -214.721329
2910.0 2925.0 ssil -224.129883 VERBRUIKTE
2925.0 2960.0 v -448.106812
2960.0 2975.0 ec -176.581940
2975.0 3075.0 r -1185.417847
3075.0 3115.0 b -534.575073
3115.0 3175.0 r -751.126160
3175.0 3380.0 ui -2354.969971
3380.0 3400.0 k -306.637421
3400.0 3455.0 t -794.930054
3455.0 3535.0 @ -1060.128540
3535.0 3550.0 ssil -203.580902
3550.0 3565.0 ssil -226.933716 DRIES
3565.0 3625.0 d -852.636719
3625.0 3670.0 r -603.414307
3670.0 3860.0 i -2350.027832
3860.0 3960.0 s -1365.296265
3960.0 3985.0 ssil -357.093475
3985.0 4010.0 ssil -330.729858 DE
4010.0 4040.0 d -419.961426
4040.0 4135.0 @ -1171.874268
4135.0 4150.0 ssil -199.783432
4150.0 4165.0 ssil -191.431473 REST
4165.0 4180.0 r -199.494400
4180.0 4345.0 ec -1960.284424
4345.0 4470.0 s -1599.769531
4470.0 4570.0 ssil -1483.388916
4570.0 4630.0 ssil -709.393250 VAN
4630.0 4730.0 f -1187.701294
4730.0 4815.0 ac -954.229004
4815.0 4840.0 n -333.120422
4840.0 4855.0 ssil -218.262650
4855.0 4870.0 ssil -253.001221 DE
4870.0 4890.0 d -292.790680
4890.0 4955.0 @ -771.304626
4955.0 4970.0 ssil -198.535370
4970.0 5005.0 ssil -517.634033 DEODORANT
5005.0 5045.0 d -621.831421
5045.0 5295.0 e -2478.321533
5295.0 5310.0 o -195.643723
5310.0 5400.0 d -1235.835815
5400.0 5455.0 oc -654.579590
5455.0 5525.0 r -828.429077
5525.0 5710.0 ac -2148.181885
5710.0 5820.0 n -1323.869385
5820.0 5965.0 t -1972.186523
5965.0 6340.0 ssil -4472.158203
.
