#!MLF!#
"/net/aistaff/aki/_same-utterance/wav/04/Limburg/2720-1449364980-328148.rec"
0.0 570.0 ssil -6705.454590 KORT
570.0 655.0 k -1116.576538
655.0 750.0 oc -1258.809204
750.0 765.0 r -243.954041
765.0 830.0 t -899.461365
830.0 845.0 ssil -237.851227
845.0 860.0 ssil -241.397644 NA
860.0 920.0 n -844.575439
920.0 1055.0 a -1455.541138
1055.0 1070.0 ssil -216.286331
1070.0 1085.0 ssil -214.120972 HET
1085.0 1100.0 h -229.275711
1100.0 1120.0 ec -305.710602
1120.0 1150.0 t -420.768921
1150.0 1165.0 ssil -199.841690
1165.0 1195.0 ssil -363.206726 WIELERFESTIJN
1195.0 1210.0 w -243.112564
1210.0 1290.0 i -1075.943359
1290.0 1355.0 l -825.281799
1355.0 1415.0 @ -634.643311
1415.0 1450.0 r -459.451385
1450.0 1540.0 f -1113.639404
1540.0 1555.0 ec -244.867661
1555.0 1670.0 s -1355.028198
1670.0 1715.0 t -620.863403
1715.0 1855.0 ei -1509.239502
1855.0 1975.0 n -1376.208496
1975.0 2005.0 ssil -389.997864
2005.0 2020.0 ssil -206.217834 VERBRUIKTE
2020.0 2135.0 f -1457.514282
2135.0 2150.0 ec -225.392838
2150.0 2165.0 r -210.549484
2165.0 2240.0 b -934.630066
2240.0 2275.0 r -480.315063
2275.0 2435.0 ui -1931.251709
2435.0 2450.0 k -231.490463
2450.0 2505.0 t -804.810547
2505.0 2545.0 @ -532.084290
2545.0 2560.0 ssil -188.837952
2560.0 2575.0 ssil -195.354095 DRIES
2575.0 2650.0 d -1097.048218
2650.0 2670.0 r -276.378052
2670.0 2785.0 i -1438.332642
2785.0 2900.0 s -1389.052856
2900.0 2915.0 ssil -196.847076
2915.0 2930.0 ssil -215.139816 DE
2930.0 2955.0 d -376.419861
2955.0 2980.0 @ -311.784851
2980.0 2995.0 ssil -191.073761
2995.0 3010.0 ssil -193.287476 REST
3010.0 3025.0 r -183.068558
3025.0 3135.0 ec -1348.419556
3135.0 3200.0 s -832.836426
3200.0 3215.0 ssil -225.442642
3215.0 3230.0 ssil -223.865829 VAN
3230.0 3320.0 f -1122.810181
3320.0 3340.0 ac -258.073639
3340.0 3390.0 n -593.635193
3390.0 3405.0 ssil -227.646469
3405.0 3420.0 ssil -213.016434 DE
3420.0 3435.0 d -205.492249
3435.0 3500.0 @ -710.527588
3500.0 3515.0 ssil -202.942184
3515.0 3530.0 ssil -231.748932 DEODORANT
3530.0 3565.0 d -473.886932
3565.0 3690.0 e -1179.502686
3690.0 3715.0 o -287.489166
3715.0 3730.0 d -200.807053
3730.0 3745.0 oc -201.640213
3745.0 3920.0 r -2018.757446
3920.0 4070.0 ac -1676.688110
4070.0 4150.0 n -884.428284
4150.0 4300.0 t -1919.146362
4300.0 4715.0 ssil -4595.461914
.
