#!MLF!#
"/net/aistaff/aki/_same-utterance/wav/04/Limburg/2981-1449948720-622973.rec"
0.0 15.0 ssil -169.407806 KORT
15.0 30.0 k -215.458328
30.0 45.0 oc -188.170532
45.0 345.0 r -3040.585938
345.0 890.0 ssil -6917.651855
890.0 1165.0 ssil -4142.939453 NA
1165.0 1225.0 n -820.262085
1225.0 1380.0 a -1505.589600
1380.0 1395.0 ssil -234.734543
1395.0 1410.0 ssil -240.265305 HET
1410.0 1425.0 h -242.059341
1425.0 1440.0 ec -239.342941
1440.0 1480.0 t -569.407288
1480.0 1495.0 ssil -196.292068
1495.0 1545.0 ssil -622.605286 WIELERFESTIJN
1545.0 1590.0 w -510.826355
1590.0 1640.0 i -648.335571
1640.0 1705.0 l -801.481140
1705.0 1785.0 @ -1004.239624
1785.0 1835.0 r -679.155945
1835.0 1940.0 f -1231.570801
1940.0 2025.0 ec -1165.567261
2025.0 2160.0 s -1613.065308
2160.0 2215.0 t -735.536926
2215.0 2365.0 ei -1591.125366
2365.0 2525.0 n -1876.841675
2525.0 2545.0 ssil -261.975372
2545.0 2595.0 ssil -735.494202 VERBRUIKTE
2595.0 2695.0 v -1197.482910
2695.0 2710.0 ec -194.754791
2710.0 2750.0 r -497.166473
2750.0 2850.0 b -1297.024048
2850.0 2880.0 r -393.745026
2880.0 3065.0 ui -2190.888672
3065.0 3100.0 k -522.520020
3100.0 3180.0 t -1123.362061
3180.0 3255.0 @ -920.652527
3255.0 3270.0 ssil -217.953354
3270.0 3295.0 ssil -371.577881 DRIES
3295.0 3350.0 d -827.935120
3350.0 3410.0 r -885.856445
3410.0 3520.0 i -1296.943848
3520.0 3645.0 s -1754.282349
3645.0 3660.0 ssil -234.567856
3660.0 3675.0 ssil -194.050186 DE
3675.0 3755.0 d -981.407288
3755.0 3815.0 @ -659.502625
3815.0 3830.0 ssil -199.385803
3830.0 3845.0 ssil -202.087234 REST
3845.0 3880.0 r -445.362885
3880.0 3995.0 ec -1365.446411
3995.0 4110.0 s -1581.860840
4110.0 4140.0 t -441.096893
4140.0 4155.0 ssil -222.544418
4155.0 4175.0 ssil -251.635025 VAN
4175.0 4240.0 f -759.090393
4240.0 4315.0 ac -794.588501
4315.0 4345.0 n -430.811462
4345.0 4375.0 ssil -423.347900
4375.0 4390.0 ssil -218.032639 DE
4390.0 4425.0 d -510.510162
4425.0 4475.0 @ -631.429626
4475.0 4490.0 ssil -202.562424
4490.0 4505.0 ssil -216.893814 DEODORANT
4505.0 4565.0 d -855.695923
4565.0 4750.0 e -1632.357910
4750.0 4790.0 o -552.805237
4790.0 4840.0 d -743.735291
4840.0 4855.0 oc -218.401810
4855.0 4870.0 r -189.767273
4870.0 5075.0 ac -2307.657471
5075.0 5170.0 n -1229.683472
5170.0 5235.0 t -902.569275
5235.0 5595.0 ssil -3991.591064
.
