#!MLF!#
"/net/aistaff/aki/_same-utterance/wav/04/Limburg/4642-1450789031-762766.rec"
0.0 520.0 ssil -5286.266113 KORT
520.0 655.0 k -1940.161377
655.0 740.0 oc -1109.006592
740.0 755.0 r -207.842926
755.0 795.0 t -543.069153
795.0 835.0 ssil -536.833618
835.0 860.0 ssil -309.113708 NA
860.0 900.0 n -551.471191
900.0 930.0 a -409.680725
930.0 945.0 ssil -194.957458
945.0 960.0 ssil -207.526230 HET
960.0 1060.0 h -1116.477905
1060.0 1120.0 ec -697.357788
1120.0 1185.0 t -933.828125
1185.0 1200.0 ssil -217.977539
1200.0 1215.0 ssil -219.855255 WIELERFESTIJN
1215.0 1250.0 w -456.413055
1250.0 1370.0 i -1683.451172
1370.0 1440.0 l -863.834656
1440.0 1455.0 @ -203.525375
1455.0 1470.0 r -191.957352
1470.0 1495.0 f -336.911072
1495.0 1525.0 ec -435.103516
1525.0 1620.0 s -1191.417725
1620.0 1685.0 t -834.423218
1685.0 1835.0 ei -1728.562500
1835.0 1960.0 n -1518.023071
1960.0 1980.0 ssil -274.351440
1980.0 2005.0 ssil -340.585876 VERBRUIKTE
2005.0 2090.0 f -1067.105103
2090.0 2105.0 ec -181.767181
2105.0 2145.0 r -455.877228
2145.0 2240.0 b -1205.260376
2240.0 2470.0 r -3038.133789
2470.0 2490.0 ui -271.659271
2490.0 2505.0 k -235.021072
2505.0 2530.0 t -353.732178
2530.0 2565.0 @ -398.775940
2565.0 2580.0 ssil -195.248886
2580.0 2595.0 ssil -198.046631 DRIES
2595.0 2690.0 d -1187.069214
2690.0 2750.0 r -728.781433
2750.0 2850.0 i -1297.184448
2850.0 3005.0 s -1983.965576
3005.0 3025.0 ssil -281.258240
3025.0 3200.0 ssil -2062.144287 DE
3200.0 3260.0 d -782.456421
3260.0 3340.0 @ -957.511841
3340.0 3355.0 ssil -199.712967
3355.0 3370.0 ssil -197.878357 REST
3370.0 3390.0 r -250.410568
3390.0 3500.0 ec -1209.139893
3500.0 3555.0 s -741.333191
3555.0 3695.0 ssil -1807.425903
3695.0 3720.0 ssil -347.238342 VAN
3720.0 3815.0 f -1222.513550
3815.0 3865.0 ac -594.667969
3865.0 3910.0 n -522.582397
3910.0 3925.0 ssil -224.131027
3925.0 3940.0 ssil -213.172638 DE
3940.0 3955.0 d -193.697067
3955.0 3985.0 @ -359.486725
3985.0 4015.0 ssil -379.037231
4015.0 4030.0 ssil -194.095337 DEODORANT
4030.0 4080.0 d -646.274658
4080.0 4230.0 e -1609.107788
4230.0 4280.0 o -685.564270
4280.0 4325.0 d -647.826965
4325.0 4370.0 oc -581.970703
4370.0 4420.0 r -667.009827
4420.0 4515.0 ac -1124.911011
4515.0 4645.0 n -1552.569946
4645.0 4805.0 t -2181.928467
4805.0 5110.0 ssil -3489.910156
.
