#!MLF!#
"/net/aistaff/aki/_same-utterance/wav/04/Limburg/5900-1455446164-1449979.rec"
0.0 325.0 ssil -2877.683838 KORT
325.0 475.0 k -2116.247070
475.0 570.0 oc -1346.246460
570.0 610.0 r -597.368591
610.0 650.0 ssil -548.439026
650.0 710.0 ssil -839.510071 NA
710.0 740.0 n -443.833435
740.0 900.0 a -1668.495605
900.0 915.0 ssil -177.857483
915.0 930.0 ssil -191.021088 HET
930.0 945.0 h -194.684311
945.0 970.0 ec -374.472015
970.0 1025.0 t -756.412598
1025.0 1050.0 ssil -331.273438
1050.0 1065.0 ssil -225.262222 WIELERFESTIJN
1065.0 1080.0 w -226.276031
1080.0 1135.0 i -646.135437
1135.0 1195.0 l -780.861938
1195.0 1240.0 @ -533.990112
1240.0 1255.0 r -209.312485
1255.0 1370.0 f -1501.050659
1370.0 1405.0 ec -478.987030
1405.0 1530.0 s -1631.076660
1530.0 1575.0 t -743.615295
1575.0 1740.0 ei -1718.067627
1740.0 1810.0 n -801.685059
1810.0 1880.0 ssil -954.712524
1880.0 2090.0 ssil -2424.093994 VERBRUIKTE
2090.0 2170.0 v -962.953857
2170.0 2185.0 ec -225.052841
2185.0 2220.0 r -492.626617
2220.0 2315.0 b -1458.674805
2315.0 2340.0 r -356.481689
2340.0 2500.0 ui -2073.422363
2500.0 2540.0 k -700.306519
2540.0 2585.0 t -704.122620
2585.0 2620.0 @ -458.351532
2620.0 2635.0 ssil -198.067841
2635.0 2650.0 ssil -194.208267 DRIES
2650.0 2715.0 d -966.111389
2715.0 2750.0 r -498.980164
2750.0 2875.0 i -1531.722412
2875.0 2945.0 s -1037.830933
2945.0 2990.0 ssil -609.585938
2990.0 3055.0 ssil -885.573669 DE
3055.0 3090.0 d -534.142334
3090.0 3155.0 @ -771.524109
3155.0 3170.0 ssil -196.388123
3170.0 3210.0 ssil -581.999817 REST
3210.0 3225.0 r -212.509888
3225.0 3310.0 ec -920.484497
3310.0 3365.0 s -701.802856
3365.0 3410.0 ssil -591.893616
3410.0 3450.0 ssil -613.640442 VAN
3450.0 3505.0 v -723.329224
3505.0 3560.0 ac -673.376587
3560.0 3575.0 n -185.422714
3575.0 3590.0 ssil -201.139359
3590.0 3605.0 ssil -215.564682 DE
3605.0 3620.0 d -196.447281
3620.0 3655.0 @ -425.470276
3655.0 3670.0 ssil -253.715302
3670.0 3685.0 ssil -217.118683 DEODORANT
3685.0 3730.0 d -686.369629
3730.0 3855.0 e -1274.617432
3855.0 3905.0 o -659.786865
3905.0 3940.0 d -537.733093
3940.0 3955.0 oc -208.367813
3955.0 4045.0 r -1122.509399
4045.0 4175.0 ac -1666.008911
4175.0 4265.0 n -1114.972046
4265.0 4305.0 t -519.544312
4305.0 4600.0 ssil -3319.731201
.
