#!MLF!#
"/net/aistaff/aki/_same-utterance/wav/04/Limburg/8490-1460315260-1756098.rec"
0.0 995.0 ssil -11637.438477 KORT
995.0 1090.0 k -1309.055908
1090.0 1140.0 oc -643.133484
1140.0 1300.0 r -2033.528931
1300.0 1325.0 ssil -307.216705
1325.0 1365.0 ssil -514.956482 NA
1365.0 1400.0 n -545.377502
1400.0 1540.0 a -1421.466431
1540.0 1555.0 ssil -215.472366
1555.0 1570.0 ssil -205.164017 HET
1570.0 1585.0 h -180.351883
1585.0 1600.0 ec -211.915253
1600.0 1630.0 t -492.602203
1630.0 1645.0 ssil -200.459427
1645.0 1695.0 ssil -685.200562 WIELERFESTIJN
1695.0 1710.0 w -206.119431
1710.0 1760.0 i -652.091187
1760.0 1820.0 l -837.041321
1820.0 1865.0 @ -517.369995
1865.0 1905.0 r -496.098999
1905.0 2000.0 f -1089.991699
2000.0 2055.0 ec -694.911865
2055.0 2175.0 s -1624.150757
2175.0 2250.0 t -1028.490723
2250.0 2400.0 ei -1593.047485
2400.0 2505.0 n -1228.727661
2505.0 2520.0 ssil -190.020889
2520.0 2540.0 ssil -268.718964 VERBRUIKTE
2540.0 2660.0 f -1372.394531
2660.0 2675.0 ec -203.838562
2675.0 2725.0 r -651.455994
2725.0 2800.0 b -1030.594116
2800.0 2835.0 r -443.345795
2835.0 3005.0 ui -2069.207275
3005.0 3020.0 k -248.419891
3020.0 3065.0 t -681.470886
3065.0 3130.0 @ -771.997253
3130.0 3145.0 ssil -201.660385
3145.0 3160.0 ssil -225.136581 DRIES
3160.0 3200.0 d -561.570679
3200.0 3265.0 r -794.629639
3265.0 3415.0 i -1856.842163
3415.0 3505.0 s -1141.543213
3505.0 3520.0 ssil -211.025040
3520.0 3535.0 ssil -220.463150 DE
3535.0 3560.0 d -393.590210
3560.0 3620.0 @ -661.823364
3620.0 3635.0 ssil -187.692307
3635.0 3650.0 ssil -175.589096 REST
3650.0 3680.0 r -334.577118
3680.0 3775.0 ec -1031.220459
3775.0 3945.0 s -2097.589111
3945.0 3960.0 ssil -187.692261
3960.0 3980.0 ssil -222.747421 VAN
3980.0 4055.0 f -927.294495
4055.0 4075.0 ac -271.629089
4075.0 4105.0 n -344.718445
4105.0 4120.0 ssil -190.898926
4120.0 4135.0 ssil -206.183136 DE
4135.0 4155.0 d -254.339706
4155.0 4230.0 @ -866.716003
4230.0 4245.0 ssil -181.792542
4245.0 4260.0 ssil -219.201279 DEODORANT
4260.0 4290.0 d -416.874451
4290.0 4515.0 e -2520.818848
4515.0 4640.0 o -1380.674927
4640.0 4655.0 d -208.607986
4655.0 4670.0 oc -238.898148
4670.0 4685.0 r -236.149734
4685.0 4750.0 ac -739.185181
4750.0 4790.0 n -536.823486
4790.0 5735.0 ssil -11418.434570
.
