#!MLF!#
"/net/aistaff/aki/_same-utterance/wav/04/Limburg/8708-1457954081-1636713.rec"
0.0 465.0 ssil -4759.721680 KORT
465.0 530.0 k -886.490051
530.0 590.0 oc -774.674072
590.0 635.0 r -635.056580
635.0 655.0 ssil -269.977020
655.0 690.0 ssil -500.388275 NA
690.0 765.0 n -923.042480
765.0 905.0 a -1443.328369
905.0 920.0 ssil -180.908096
920.0 935.0 ssil -187.045929 HET
935.0 980.0 h -490.291290
980.0 1065.0 ec -974.245728
1065.0 1090.0 t -342.397827
1090.0 1105.0 ssil -205.457901
1105.0 1120.0 ssil -187.304123 WIELERFESTIJN
1120.0 1165.0 w -477.399567
1165.0 1245.0 i -957.227173
1245.0 1305.0 l -753.558716
1305.0 1360.0 @ -711.664307
1360.0 1455.0 r -1199.430298
1455.0 1475.0 f -267.319092
1475.0 1555.0 ec -895.065002
1555.0 1680.0 s -1579.775391
1680.0 1735.0 t -735.042419
1735.0 1905.0 ei -1680.844971
1905.0 1935.0 n -444.631561
1935.0 2030.0 ssil -1290.968262
2030.0 2060.0 ssil -369.169067 VERBRUIKTE
2060.0 2095.0 v -414.803467
2095.0 2110.0 ec -185.298553
2110.0 2165.0 r -624.555420
2165.0 2195.0 b -409.887115
2195.0 2220.0 r -361.251068
2220.0 2400.0 ui -1993.968140
2400.0 2420.0 k -302.477539
2420.0 2450.0 t -408.229065
2450.0 2495.0 @ -512.081055
2495.0 2510.0 ssil -177.668015
2510.0 2535.0 ssil -348.384430 DRIES
2535.0 2575.0 d -566.383972
2575.0 2620.0 r -663.297729
2620.0 2725.0 i -1187.447754
2725.0 2845.0 s -1564.091797
2845.0 2865.0 ssil -256.854156
2865.0 2885.0 ssil -246.990356 DE
2885.0 2930.0 d -646.112305
2930.0 2980.0 @ -671.221252
2980.0 3000.0 ssil -265.677551
3000.0 3020.0 ssil -244.846252 REST
3020.0 3035.0 r -222.901596
3035.0 3120.0 ec -930.645142
3120.0 3205.0 s -1091.530762
3205.0 3250.0 t -581.050964
3250.0 3265.0 ssil -205.955307
3265.0 3280.0 ssil -179.819992 VAN
3280.0 3310.0 v -355.264984
3310.0 3365.0 ac -626.034485
3365.0 3450.0 n -976.753784
3450.0 3485.0 ssil -437.392639
3485.0 3500.0 ssil -180.993713 DE
3500.0 3525.0 d -291.126099
3525.0 3540.0 ssil -190.173752
3540.0 3555.0 ssil -226.012955 DEODORANT
3555.0 3590.0 d -507.769440
3590.0 3710.0 e -1262.769165
3710.0 3825.0 o -1318.718018
3825.0 3840.0 d -188.019989
3840.0 3905.0 oc -780.205627
3905.0 3950.0 r -621.963013
3950.0 4060.0 ac -1433.195312
4060.0 4160.0 n -1207.217041
4160.0 5040.0 ssil -10961.343750
.
