#!MLF!#
"/net/aistaff/aki/_same-utterance/wav/04/Limburg/9111-1460036658-1748590.rec"
0.0 15.0 ssil -174.762787 KORT
15.0 30.0 k -226.003769
30.0 45.0 oc -196.132935
45.0 60.0 r -182.073029
60.0 75.0 ssil -174.762787
75.0 90.0 ssil -174.762787 NA
90.0 350.0 n -2754.269775
350.0 365.0 a -211.760605
365.0 590.0 ssil -3155.265625
590.0 1380.0 ssil -9903.095703 HET
1380.0 1575.0 h -2309.844727
1575.0 1660.0 ec -1083.620239
1660.0 1675.0 t -215.695587
1675.0 1705.0 ssil -367.358185
1705.0 1725.0 ssil -255.266586 WIELERFESTIJN
1725.0 1775.0 w -605.511536
1775.0 1810.0 i -433.972382
1810.0 1860.0 l -684.450073
1860.0 1915.0 @ -694.626831
1915.0 1950.0 r -506.766479
1950.0 2045.0 f -1136.769897
2045.0 2075.0 ec -375.168610
2075.0 2155.0 s -1091.435059
2155.0 2200.0 t -639.193665
2200.0 2350.0 ei -1656.383911
2350.0 2460.0 n -1256.746704
2460.0 2630.0 ssil -2059.127686
2630.0 2660.0 ssil -387.288422 VERBRUIKTE
2660.0 2735.0 f -879.774231
2735.0 2750.0 ec -207.848236
2750.0 2765.0 r -190.108154
2765.0 2795.0 b -343.889587
2795.0 3055.0 r -3355.145508
3055.0 3075.0 ui -312.422516
3075.0 3090.0 k -244.775360
3090.0 3110.0 t -290.882629
3110.0 3175.0 @ -805.366760
3175.0 3195.0 ssil -284.630371
3195.0 3210.0 ssil -210.338120 DRIES
3210.0 3240.0 d -413.689941
3240.0 3260.0 r -257.956085
3260.0 3405.0 i -1632.481323
3405.0 3500.0 s -1206.526245
3500.0 3515.0 ssil -199.527756
3515.0 3530.0 ssil -193.391586 DE
3530.0 3565.0 d -523.444092
3565.0 3600.0 @ -444.173004
3600.0 3615.0 ssil -195.408386
3615.0 3630.0 ssil -180.615494 REST
3630.0 3645.0 r -163.724075
3645.0 3770.0 ec -1325.376587
3770.0 3820.0 s -635.846558
3820.0 3900.0 t -972.754883
3900.0 3915.0 ssil -200.140091
3915.0 3930.0 ssil -180.084610 VAN
3930.0 3970.0 v -476.788818
3970.0 4010.0 ac -487.483582
4010.0 4025.0 n -180.392960
4025.0 4040.0 ssil -184.153305
4040.0 4055.0 ssil -184.176483 DE
4055.0 4095.0 d -505.148956
4095.0 4150.0 @ -601.685303
4150.0 4165.0 ssil -181.291748
4165.0 4180.0 ssil -206.263809 DEODORANT
4180.0 4215.0 d -444.571259
4215.0 4340.0 e -1496.878784
4340.0 4410.0 o -805.093689
4410.0 4425.0 d -215.489212
4425.0 4440.0 oc -208.341217
4440.0 4500.0 r -817.112976
4500.0 4655.0 ac -1929.016113
4655.0 4735.0 n -1046.506348
4735.0 4790.0 t -743.643494
4790.0 5040.0 ssil -3223.087402
.
