#!MLF!#
"/net/aistaff/aki/_same-utterance/wav/04/Limburg/9136-1459859539-1735181.rec"
0.0 470.0 ssil -4484.437012 KORT
470.0 535.0 k -918.797607
535.0 660.0 oc -1537.023560
660.0 705.0 r -637.801453
705.0 720.0 ssil -209.295731
720.0 735.0 ssil -196.813171 NA
735.0 795.0 n -757.502441
795.0 910.0 a -1337.385986
910.0 925.0 ssil -199.569855
925.0 940.0 ssil -187.853455 HET
940.0 955.0 h -180.106491
955.0 970.0 ec -216.003204
970.0 1015.0 t -649.404541
1015.0 1030.0 ssil -225.266785
1030.0 1045.0 ssil -197.085159 WIELERFESTIJN
1045.0 1075.0 w -344.722565
1075.0 1115.0 i -570.936951
1115.0 1185.0 l -992.850281
1185.0 1245.0 @ -716.589844
1245.0 1285.0 r -542.541260
1285.0 1365.0 f -967.836792
1365.0 1405.0 ec -573.207214
1405.0 1510.0 s -1315.856201
1510.0 1565.0 t -725.243042
1565.0 1725.0 ei -1772.870483
1725.0 1815.0 n -1179.693970
1815.0 1835.0 ssil -246.083008
1835.0 2015.0 ssil -2093.857178 VERBRUIKTE
2015.0 2115.0 v -1169.916626
2115.0 2130.0 ec -188.713440
2130.0 2150.0 r -259.760986
2150.0 2230.0 b -1041.192383
2230.0 2270.0 r -492.165497
2270.0 2375.0 ui -1237.979370
2375.0 2440.0 k -862.018799
2440.0 2480.0 t -586.344727
2480.0 2580.0 @ -1186.195190
2580.0 2610.0 ssil -340.541260
2610.0 2635.0 ssil -301.773254 DRIES
2635.0 2675.0 d -528.129272
2675.0 2745.0 r -756.367310
2745.0 2850.0 i -1195.234009
2850.0 3005.0 s -2108.072021
3005.0 3030.0 ssil -343.709167
3030.0 3170.0 ssil -1616.211182 DE
3170.0 3200.0 d -379.791962
3200.0 3340.0 @ -1546.716553
3340.0 3355.0 ssil -213.056992
3355.0 3370.0 ssil -212.576248 REST
3370.0 3475.0 r -1399.294800
3475.0 3490.0 ec -235.029739
3490.0 3510.0 s -298.140015
3510.0 3525.0 ssil -217.028839
3525.0 3560.0 ssil -509.811951 VAN
3560.0 3590.0 v -401.710388
3590.0 3605.0 ac -172.814102
3605.0 3640.0 n -443.104492
3640.0 3655.0 ssil -199.798569
3655.0 3675.0 ssil -275.061920 DE
3675.0 3720.0 d -630.283508
3720.0 3760.0 @ -436.122498
3760.0 3775.0 ssil -180.821243
3775.0 3790.0 ssil -175.557327 DEODORANT
3790.0 3890.0 d -1167.507446
3890.0 4155.0 @ -3041.949707
4155.0 4445.0 o -2912.118896
4445.0 4470.0 d -340.635986
4470.0 4485.0 @ -205.164124
4485.0 4510.0 r -354.024261
4510.0 4525.0 ac -285.706696
4525.0 4540.0 n -247.193024
4540.0 4575.0 t -490.892273
4575.0 4805.0 ssil -2959.629395
.
