#!MLF!#
"/net/aistaff/aki/_same-utterance/wav/04/Limburg/9140-1459860474-1735647.rec"
0.0 580.0 ssil -6740.006836 KORT
580.0 630.0 k -753.922791
630.0 710.0 oc -1062.192139
710.0 730.0 r -364.097504
730.0 790.0 ssil -1014.328064
790.0 850.0 ssil -895.516663 NA
850.0 880.0 n -458.428955
880.0 965.0 a -980.395813
965.0 980.0 ssil -197.852081
980.0 995.0 ssil -209.572556 HET
995.0 1010.0 h -200.614609
1010.0 1050.0 ec -630.804382
1050.0 1095.0 t -637.338806
1095.0 1110.0 ssil -203.257202
1110.0 1125.0 ssil -196.051193 WIELERFESTIJN
1125.0 1140.0 w -182.922562
1140.0 1245.0 i -1305.809570
1245.0 1275.0 l -426.980286
1275.0 1320.0 @ -582.133423
1320.0 1375.0 r -775.389160
1375.0 1445.0 f -838.166992
1445.0 1485.0 ec -603.538696
1485.0 1585.0 s -1309.901611
1585.0 1630.0 t -636.895203
1630.0 1795.0 ei -1972.507812
1795.0 1860.0 n -848.075623
1860.0 1875.0 ssil -213.084137
1875.0 1890.0 ssil -183.242233 VERBRUIKTE
1890.0 1965.0 v -924.941101
1965.0 1995.0 ec -386.215912
1995.0 2010.0 r -205.619064
2010.0 2100.0 b -1127.507324
2100.0 2115.0 r -201.040802
2115.0 2270.0 ui -1916.123413
2270.0 2300.0 k -471.043610
2300.0 2375.0 t -1092.161865
2375.0 2390.0 @ -208.303040
2390.0 2405.0 ssil -196.780273
2405.0 2420.0 ssil -195.218323 DRIES
2420.0 2490.0 d -978.240173
2490.0 2570.0 r -1123.382568
2570.0 2675.0 i -1184.307739
2675.0 2755.0 s -988.626465
2755.0 2770.0 ssil -214.178055
2770.0 2785.0 ssil -224.436340 DE
2785.0 2835.0 d -718.233887
2835.0 2885.0 @ -590.294312
2885.0 2900.0 ssil -193.252213
2900.0 2915.0 ssil -167.521057 REST
2915.0 2950.0 r -385.109680
2950.0 3045.0 ec -1045.143799
3045.0 3185.0 s -1917.867920
3185.0 3210.0 ssil -323.118530
3210.0 3245.0 ssil -472.856445 VAN
3245.0 3260.0 v -228.305145
3260.0 3275.0 ac -219.287216
3275.0 3340.0 n -723.258789
3340.0 3355.0 ssil -210.744171
3355.0 3370.0 ssil -199.108627 DE
3370.0 3385.0 d -203.984161
3385.0 3400.0 ssil -211.385147
3400.0 3415.0 ssil -224.472305 DEODORANT
3415.0 3465.0 d -667.895813
3465.0 3595.0 e -1331.252930
3595.0 3620.0 o -343.801697
3620.0 3675.0 d -790.220093
3675.0 3690.0 oc -233.901398
3690.0 3730.0 r -608.970154
3730.0 3840.0 ac -1629.307739
3840.0 3860.0 n -293.483185
3860.0 4000.0 t -1854.535400
4000.0 4135.0 ssil -1590.024658
.
