#!MLF!#
"/net/aistaff/aki/_same-utterance/wav/04/Limburg/9145-1459870632-1737243.rec"
0.0 15.0 ssil -171.186569 KORT
15.0 30.0 k -212.441162
30.0 45.0 oc -192.864655
45.0 340.0 r -2965.934814
340.0 1260.0 ssil -12001.078125
1260.0 1400.0 ssil -1728.868408 NA
1400.0 1445.0 n -688.004089
1445.0 1645.0 a -2262.720215
1645.0 1660.0 ssil -262.438690
1660.0 1675.0 ssil -241.968781 HET
1675.0 1690.0 h -190.024323
1690.0 1710.0 ec -277.327118
1710.0 1735.0 t -378.094330
1735.0 1750.0 ssil -221.027344
1750.0 1765.0 ssil -195.407898 WIELERFESTIJN
1765.0 1800.0 w -480.900513
1800.0 1825.0 i -382.393524
1825.0 1915.0 l -1272.097900
1915.0 1965.0 @ -680.904724
1965.0 1995.0 r -423.210907
1995.0 2090.0 f -1158.524048
2090.0 2145.0 ec -721.974304
2145.0 2255.0 s -1534.602783
2255.0 2295.0 t -580.333984
2295.0 2450.0 ei -1863.448486
2450.0 2535.0 n -1102.499390
2535.0 2550.0 ssil -225.127197
2550.0 2565.0 ssil -228.373016 VERBRUIKTE
2565.0 2605.0 f -601.285950
2605.0 2620.0 ec -231.508698
2620.0 2665.0 r -586.036560
2665.0 2750.0 b -1167.023682
2750.0 2815.0 r -1022.597961
2815.0 2970.0 ui -2111.972656
2970.0 2990.0 k -302.993591
2990.0 3020.0 t -508.603394
3020.0 3145.0 @ -1754.195435
3145.0 3160.0 ssil -199.484207
3160.0 3190.0 ssil -501.254303 DRIES
3190.0 3225.0 d -577.714294
3225.0 3300.0 r -1155.745850
3300.0 3415.0 i -1588.843384
3415.0 3645.0 s -2897.509766
3645.0 3660.0 ssil -279.864685
3660.0 3675.0 ssil -252.614594 DE
3675.0 3730.0 d -818.548584
3730.0 3785.0 @ -750.686462
3785.0 3800.0 ssil -256.127472
3800.0 3860.0 ssil -1012.816223 REST
3860.0 3930.0 r -1053.023560
3930.0 3955.0 ec -374.099060
3955.0 4090.0 s -1638.292725
4090.0 4130.0 t -541.627441
4130.0 4145.0 ssil -215.990967
4145.0 4160.0 ssil -220.677368 VAN
4160.0 4235.0 f -1047.296875
4235.0 4315.0 ac -1025.890625
4315.0 4385.0 n -883.909668
4385.0 4400.0 ssil -233.031296
4400.0 4415.0 ssil -239.622208 DE
4415.0 4445.0 d -505.347565
4445.0 4465.0 @ -288.439667
4465.0 4480.0 ssil -238.981537
4480.0 4495.0 ssil -215.805542 DEODORANT
4495.0 4590.0 d -1325.236206
4590.0 4745.0 e -1481.884277
4745.0 4875.0 o -1744.934448
4875.0 4900.0 d -424.207123
4900.0 5205.0 oc -4002.671387
5205.0 5285.0 r -1350.862183
5285.0 5415.0 ac -1711.816284
5415.0 5435.0 n -278.980194
5435.0 5920.0 ssil -6659.849121
.
