#!MLF!#
"/net/aistaff/aki/_same-utterance/wav/04/Limburg/9157-1459874082-1739059.rec"
0.0 455.0 ssil -5271.520020 KORT
455.0 505.0 k -745.660767
505.0 635.0 oc -1606.597656
635.0 650.0 r -270.156281
650.0 680.0 t -449.938263
680.0 725.0 ssil -676.522095
725.0 750.0 ssil -389.357056 NA
750.0 810.0 n -968.515015
810.0 885.0 a -818.087891
885.0 900.0 ssil -201.704330
900.0 915.0 ssil -226.720276 HET
915.0 930.0 h -233.199768
930.0 945.0 ec -255.853516
945.0 975.0 t -482.009674
975.0 995.0 ssil -329.376068
995.0 1010.0 ssil -210.551956 WIELERFESTIJN
1010.0 1025.0 w -189.390198
1025.0 1150.0 i -1390.770752
1150.0 1210.0 l -829.239258
1210.0 1280.0 @ -856.940796
1280.0 1305.0 r -372.446564
1305.0 1405.0 f -1265.697021
1405.0 1505.0 ec -1325.216675
1505.0 1595.0 s -1231.153931
1595.0 1665.0 t -976.882324
1665.0 1865.0 ei -2366.423096
1865.0 1980.0 n -1494.999146
1980.0 2015.0 ssil -418.431122
2015.0 2235.0 ssil -2600.696533 VERBRUIKTE
2235.0 2310.0 v -931.684387
2310.0 2330.0 ec -261.830414
2330.0 2350.0 r -272.001221
2350.0 2475.0 b -1717.829102
2475.0 2490.0 r -196.950104
2490.0 2655.0 ui -2182.854980
2655.0 2725.0 k -935.135376
2725.0 2760.0 t -496.408264
2760.0 2810.0 @ -632.536987
2810.0 2825.0 ssil -213.979858
2825.0 2840.0 ssil -195.747513 DRIES
2840.0 2945.0 d -1462.822388
2945.0 3010.0 r -824.522949
3010.0 3130.0 i -1598.806152
3130.0 3235.0 s -1362.756226
3235.0 3250.0 ssil -222.382843
3250.0 3265.0 ssil -227.923126 DE
3265.0 3295.0 d -456.185547
3295.0 3310.0 ssil -228.136810
3310.0 3325.0 ssil -201.055893 REST
3325.0 3340.0 r -184.072464
3340.0 3545.0 ec -2523.530029
3545.0 3630.0 s -1128.227539
3630.0 3680.0 t -758.709656
3680.0 3695.0 ssil -205.277008
3695.0 3710.0 ssil -182.350143 VAN
3710.0 3740.0 v -379.943298
3740.0 3800.0 ac -684.228088
3800.0 3855.0 n -670.328735
3855.0 3870.0 ssil -231.408340
3870.0 3885.0 ssil -211.764694 DE
3885.0 3900.0 d -192.490967
3900.0 3915.0 ssil -194.319733
3915.0 3930.0 ssil -218.164627 DEODORANT
3930.0 3975.0 d -629.195068
3975.0 4135.0 e -1469.113892
4135.0 4155.0 o -349.015350
4155.0 4210.0 d -844.773682
4210.0 4235.0 oc -304.118378
4235.0 4250.0 r -189.215744
4250.0 4425.0 ac -1890.807495
4425.0 4540.0 n -1450.042358
4540.0 4605.0 t -936.921204
4605.0 4620.0 ssil -182.480438
.
