#!MLF!#
"/net/aistaff/aki/_same-utterance/wav/04/Limburg/9161-1459956165-1745700.rec"
0.0 740.0 ssil -9209.527344 KORT
740.0 795.0 k -833.173218
795.0 925.0 oc -1856.296143
925.0 940.0 r -223.588806
940.0 1020.0 t -1248.406860
1020.0 1035.0 ssil -213.319321
1035.0 1050.0 ssil -204.241165 NA
1050.0 1095.0 n -562.042908
1095.0 1170.0 a -875.813049
1170.0 1185.0 ssil -203.661621
1185.0 1200.0 ssil -202.289841 HET
1200.0 1215.0 h -182.078430
1215.0 1255.0 ec -612.041992
1255.0 1315.0 t -882.011597
1315.0 1335.0 ssil -279.963501
1335.0 1350.0 ssil -205.866211 WIELERFESTIJN
1350.0 1390.0 w -448.469238
1390.0 1455.0 i -776.903564
1455.0 1510.0 l -705.806213
1510.0 1535.0 @ -330.350739
1535.0 1560.0 r -365.754669
1560.0 1680.0 f -1474.820557
1680.0 1710.0 ec -447.973175
1710.0 1860.0 s -1926.029419
1860.0 1895.0 t -483.883240
1895.0 2050.0 ei -1575.483398
2050.0 2205.0 n -1766.293335
2205.0 2280.0 ssil -1115.169434
2280.0 2580.0 ssil -4435.387695 VERBRUIKTE
2580.0 2660.0 f -1018.866577
2660.0 2675.0 ec -223.234528
2675.0 2690.0 r -210.810806
2690.0 2765.0 b -953.175537
2765.0 2805.0 r -607.189392
2805.0 2960.0 ui -1931.032959
2960.0 3005.0 k -769.411926
3005.0 3045.0 t -574.035095
3045.0 3060.0 @ -200.395920
3060.0 3075.0 ssil -212.531357
3075.0 3090.0 ssil -214.037399 DRIES
3090.0 3190.0 d -1366.866455
3190.0 3230.0 r -518.878357
3230.0 3330.0 i -1187.349731
3330.0 3520.0 s -2427.631104
3520.0 3555.0 ssil -476.668945
3555.0 3570.0 ssil -208.874130 DE
3570.0 3615.0 d -666.592285
3615.0 3750.0 @ -1478.637207
3750.0 3765.0 ssil -210.759262
3765.0 3780.0 ssil -214.644867 REST
3780.0 3815.0 r -460.515778
3815.0 3965.0 ec -1716.092285
3965.0 4115.0 s -2057.220459
4115.0 4180.0 t -943.372742
4180.0 4195.0 ssil -205.970581
4195.0 4220.0 ssil -337.931366 VAN
4220.0 4315.0 f -1119.992310
4315.0 4355.0 ac -483.660797
4355.0 4385.0 n -380.695953
4385.0 4400.0 ssil -220.756699
4400.0 4415.0 ssil -239.335556 DE
4415.0 4435.0 d -295.008392
4435.0 4535.0 @ -1160.403564
4535.0 4550.0 ssil -212.108185
4550.0 4565.0 ssil -203.594254 DEODORANT
4565.0 4685.0 d -1583.978638
4685.0 4770.0 e -839.928833
4770.0 4870.0 o -1149.565063
4870.0 4940.0 d -1011.756531
4940.0 4960.0 oc -268.339020
4960.0 4990.0 r -392.921295
4990.0 5155.0 ac -1962.864624
5155.0 5240.0 n -1004.840149
5240.0 5330.0 t -1253.247559
5330.0 5760.0 ssil -5214.719238
.
