#!MLF!#
"/net/aistaff/aki/_same-utterance/wav/04/Limburg/9179-1460139608-1752004.rec"
0.0 865.0 ssil -9421.534180 KORT
865.0 925.0 k -891.606506
925.0 1055.0 oc -1775.536743
1055.0 1080.0 r -361.182251
1080.0 1105.0 ssil -428.661865
1105.0 1160.0 ssil -743.633118 NA
1160.0 1210.0 n -665.151611
1210.0 1405.0 a -2093.413818
1405.0 1420.0 ssil -195.596863
1420.0 1435.0 ssil -174.649338 HET
1435.0 1450.0 h -229.676910
1450.0 1480.0 ec -463.135468
1480.0 1500.0 t -327.358307
1500.0 1515.0 ssil -217.380554
1515.0 1530.0 ssil -192.274033 WIELERFESTIJN
1530.0 1580.0 w -639.185486
1580.0 1645.0 i -900.249512
1645.0 1685.0 l -505.102905
1685.0 1730.0 @ -539.138489
1730.0 1840.0 r -1382.622559
1840.0 1930.0 f -1123.247070
1930.0 1980.0 ec -682.728333
1980.0 2125.0 s -2335.895508
2125.0 2165.0 t -615.248291
2165.0 2360.0 ei -2058.250000
2360.0 2470.0 n -1309.522461
2470.0 2525.0 ssil -808.243286
2525.0 2620.0 ssil -1108.426392 VERBRUIKTE
2620.0 2670.0 f -635.549683
2670.0 2685.0 ec -231.340607
2685.0 2710.0 r -351.251862
2710.0 2780.0 b -961.098877
2780.0 2835.0 r -870.312500
2835.0 2965.0 ui -1610.548950
2965.0 3015.0 k -614.494019
3015.0 3080.0 t -892.206665
3080.0 3100.0 @ -248.352798
3100.0 3115.0 ssil -204.495560
3115.0 3130.0 ssil -190.546997 DRIES
3130.0 3210.0 d -1040.444824
3210.0 3315.0 r -1535.462402
3315.0 3430.0 i -1432.921387
3430.0 3565.0 s -1948.505127
3565.0 3630.0 ssil -799.456421
3630.0 3660.0 ssil -405.944122 DE
3660.0 3685.0 d -402.532867
3685.0 3795.0 @ -1307.777954
3795.0 3810.0 ssil -202.132523
3810.0 3825.0 ssil -225.875305 REST
3825.0 3840.0 r -197.981461
3840.0 3965.0 ec -1534.863647
3965.0 4055.0 s -1080.007446
4055.0 4070.0 ssil -205.078751
4070.0 4095.0 ssil -345.837341 VAN
4095.0 4155.0 f -724.069580
4155.0 4220.0 ac -678.542847
4220.0 4315.0 n -1045.472412
4315.0 4335.0 ssil -253.647858
4335.0 4350.0 ssil -184.876923 DE
4350.0 4400.0 d -652.597412
4400.0 4415.0 ssil -242.650055
4415.0 4430.0 ssil -216.830246 DEODORANT
4430.0 4445.0 d -199.095963
4445.0 4565.0 e -1246.387817
4565.0 4595.0 o -345.778687
4595.0 4685.0 d -1137.833252
4685.0 4810.0 oc -1327.825684
4810.0 4825.0 r -203.342499
4825.0 4945.0 ac -1511.812256
4945.0 5010.0 n -913.672607
5010.0 5095.0 t -1150.753662
5095.0 5760.0 ssil -8088.353516
.
