#!MLF!#
"/net/aistaff/aki/_same-utterance/wav/04/Limburg/9240-1460554895-1761424.rec"
0.0 700.0 ssil -7000.294922 KORT
700.0 845.0 k -1995.752930
845.0 880.0 oc -504.325470
880.0 930.0 r -717.010071
930.0 960.0 t -451.445465
960.0 1035.0 ssil -1100.502686
1035.0 1075.0 ssil -568.234741 NA
1075.0 1130.0 n -703.072998
1130.0 1255.0 a -1216.055664
1255.0 1270.0 ssil -185.811050
1270.0 1285.0 ssil -185.357300 HET
1285.0 1300.0 h -196.640274
1300.0 1315.0 ec -264.524323
1315.0 1330.0 t -268.927856
1330.0 1345.0 ssil -246.378235
1345.0 1360.0 ssil -209.351807 WIELERFESTIJN
1360.0 1390.0 w -371.783539
1390.0 1455.0 i -726.493286
1455.0 1495.0 l -504.527130
1495.0 1525.0 @ -363.105164
1525.0 1555.0 r -406.065094
1555.0 1655.0 f -1230.573975
1655.0 1695.0 ec -500.208557
1695.0 1845.0 s -1924.533691
1845.0 1885.0 t -547.795105
1885.0 2080.0 ei -1846.440796
2080.0 2160.0 n -889.887634
2160.0 2195.0 ssil -502.659485
2195.0 2215.0 ssil -252.241180 VERBRUIKTE
2215.0 2275.0 f -740.463928
2275.0 2290.0 ec -206.474609
2290.0 2315.0 r -334.436584
2315.0 2395.0 b -980.801270
2395.0 2465.0 r -982.660095
2465.0 2610.0 ui -1457.301758
2610.0 2675.0 k -952.121399
2675.0 2720.0 t -622.560181
2720.0 2735.0 @ -213.800186
2735.0 2750.0 ssil -207.118683
2750.0 2765.0 ssil -209.683426 DRIES
2765.0 2885.0 d -1619.332031
2885.0 2960.0 r -989.490967
2960.0 3115.0 i -1872.226807
3115.0 3235.0 s -1527.091553
3235.0 3250.0 ssil -198.184875
3250.0 3265.0 ssil -188.936874 DE
3265.0 3300.0 d -492.618500
3300.0 3360.0 @ -675.309937
3360.0 3375.0 ssil -203.353500
3375.0 3390.0 ssil -191.765991 REST
3390.0 3440.0 r -675.789368
3440.0 3625.0 ec -1986.969604
3625.0 3770.0 s -1789.072510
3770.0 3840.0 t -896.162659
3840.0 3855.0 ssil -206.924133
3855.0 3870.0 ssil -193.717148 VAN
3870.0 4005.0 f -1709.487671
4005.0 4085.0 ac -980.591553
4085.0 4120.0 n -420.964417
4120.0 4135.0 ssil -186.315491
4135.0 4150.0 ssil -215.962494 DE
4150.0 4165.0 d -202.643265
4165.0 4180.0 @ -188.827316
4180.0 4195.0 ssil -222.545685
4195.0 4210.0 ssil -218.190994 DEODORANT
4210.0 4265.0 d -717.900879
4265.0 4380.0 e -1181.850830
4380.0 4415.0 o -456.316315
4415.0 4455.0 d -508.035217
4455.0 4495.0 oc -507.556244
4495.0 4525.0 r -383.172974
4525.0 4730.0 ac -2372.478760
4730.0 4845.0 n -1326.091187
4845.0 4905.0 t -792.034302
4905.0 4945.0 ssil -467.785583
.
