#!MLF!#
"/net/aistaff/aki/_same-utterance/wav/08/Groningen_and_Drenthe/10185-1464086217-1855270.rec"
0.0 1080.0 ssil -12287.770508 PISTOOL
1080.0 1095.0 p -178.955566
1095.0 1125.0 @ -359.609802
1125.0 1140.0 s -220.216248
1140.0 1180.0 t -594.474854
1180.0 1215.0 @ -478.764801
1215.0 1355.0 l -1974.124634
1355.0 1395.0 ssil -549.751160
1395.0 1420.0 ssil -331.979553 GERAAPT
1420.0 1440.0 gc -284.879364
1440.0 1760.0 @ -4341.366211
1760.0 1890.0 r -1634.014771
1890.0 1915.0 a -295.882965
1915.0 1930.0 p -204.365219
1930.0 3035.0 ssil -13471.444336
3035.0 3075.0 ssil -570.177002 TOVEREN
3075.0 3145.0 t -1002.087891
3145.0 3430.0 o -3453.904541
3430.0 3445.0 f -250.913406
3445.0 3500.0 @ -720.015137
3500.0 3520.0 r -232.006653
3520.0 3570.0 @ -584.117188
3570.0 3610.0 ssil -482.395782
3610.0 4805.0001 ssil -13549.182617 IJS
4805.0001 5000.0 ei -2482.444824
5000.0 5290.0 s -3486.156738
5290.0 7200.0 ssil -24036.193359
7200.0 8785.0 ssil -18213.500000 VERKEERD
8785.0 8800.0 v -239.133835
8800.0 8960.0 @ -1942.680176
8960.0 9120.0 r -1959.726196
9120.0 9135.0 k -239.771057
9135.0 9150.0 e -216.767426
9150.0 9210.0 r -852.322083
9210.0 9360.0 t -2128.096680
9360.0 10055.0 ssil -7448.145996
.
