#!MLF!#
"/net/aistaff/aki/_same-utterance/wav/08/Groningen_and_Drenthe/11438-1464216308-1950684.rec"
0.0 15.0 ssil -143.288681 PISTOOL
15.0 30.0 p -178.826691
30.0 330.0 @ -2451.173828
330.0 345.0 s -214.805984
345.0 360.0 t -203.361572
360.0 375.0 @ -211.023148
375.0 390.0 l -235.077866
390.0 405.0 ssil -212.666901
405.0 900.0 ssil -5562.979004 GERAAPT
900.0 1030.0 x -1758.207886
1030.0 1155.0 @ -1478.514404
1155.0 1205.0 r -649.163879
1205.0 1605.0 a -4647.922852
1605.0 1620.0 p -203.497269
1620.0 1775.0 t -1897.750244
1775.0 2450.0 ssil -7610.274902
2450.0 2715.0 ssil -3169.701172 TOVEREN
2715.0 2745.0 t -398.390839
2745.0 2770.0 f -363.381134
2770.0 2860.0 @ -1091.304077
2860.0 3055.0 r -2878.910156
3055.0 3095.0 @ -635.844360
3095.0 3310.0 n -2745.444580
3310.0 3350.0 ssil -612.519409
3350.0 4615.0 ssil -14682.327148 IJS
4615.0 4830.0 ei -2649.457275
4830.0 5075.0 s -3149.581299
5075.0 7225.0001 ssil -26654.056641
7225.0 8875.0 ssil -19737.503906 VERKEERD
8875.0 8895.0 f -346.992035
8895.0 9045.0 @ -2241.053467
9045.0 9115.0 r -1029.730713
9115.0 9265.0 k -2220.255371
9265.0 9575.0 e -3958.426025
9575.0 9590.0 r -224.510056
9590.0 9890.0 ssil -4133.780762
.
