#!MLF!#
"/net/aistaff/aki/_same-utterance/wav/08/Groningen_and_Drenthe/11437-1464118002-1882038.rec"
0.0 365.0 ssil -3662.545654 PISTOOL
365.0 740.0 p -4786.668945
740.0 895.0 i -2226.856689
895.0 985.0 s -1286.673340
985.0 1035.0 t -708.577026
1035.0 1290.0 o -2993.376709
1290.0 1320.0 l -381.368683
1320.0 3215.0 ssil -22809.320312
3215.0 4610.0 ssil -15820.977539 GERAAPT
4610.0 4690.0 x -980.599304
4690.0 4815.0 @ -1504.744629
4815.0 4840.0 r -324.808319
4840.0 5080.0 a -3080.495361
5080.0 5095.0 p -232.227631
5095.0 5250.0 t -2032.668457
5250.0 6260.0 ssil -11202.079102
6260.0 6570.0 ssil -3336.183594 TOVEREN
6570.0 6585.0 t -210.068985
6585.0 6700.0 f -1383.527710
6700.0 6835.0 @ -1742.114746
6835.0 6915.0 r -1216.897217
6915.0 7160.0 @ -3444.996826
7160.0 7210.0 ssil -668.476562
7210.0 8745.0 ssil -17133.369141 IJS
8745.0 8950.0 ei -2572.142822
8950.0 9190.0 s -2948.652588
9190.0 9300.0 ssil -1290.708984
9300.0 9325.0 ssil -290.748749 VERKEERD
9325.0 9340.0 v -179.713577
9340.0 9355.0 @ -180.217438
9355.0 9370.0 k -207.888489
9370.0 9385.0 e -205.135178
9385.0 9400.0 r -171.909592
9400.0 9890.0 ssil -5306.442383
.
