#!MLF!#
"/net/aistaff/aki/_same-utterance/wav/08/Groningen_and_Drenthe/12233-1464368314-2051575.rec"
0.0 820.0 ssil -9131.308594 PISTOOL
820.0 870.0 p -720.927368
870.0 960.0 i -1178.101807
960.0 1110.0 s -2170.128906
1110.0 1170.0 t -933.945923
1170.0 1455.0 o -3213.625732
1455.0 1590.0 l -1709.159546
1590.0 2605.0 ssil -11173.994141
2605.0 2655.0 ssil -692.381409 GERAAPT
2655.0 2850.0 x -2645.856689
2850.0 2975.0 @ -1445.117310
2975.0 3050.0 r -1002.783447
3050.0 3320.0 a -3317.206055
3320.0 3355.0 p -539.823853
3355.0 3505.0 t -2106.790283
3505.0 3610.0 ssil -1319.743652
3610.0 4650.0 ssil -11320.519531 TOVEREN
4650.0 4670.0 t -267.393524
4670.0 4785.0 f -1441.576294
4785.0 4855.0 @ -844.308960
4855.0 5085.0 r -3409.618408
5085.0 5115.0 @ -396.130585
5115.0 5325.0 n -2666.080078
5325.0 5495.0 ssil -2569.253418
5495.0 6960.0 ssil -17594.822266 IJS
6960.0 7175.0 ei -2741.678955
7175.0 7455.0 s -3620.367188
7455.0 8555.0001 ssil -12026.207031
8555.0 8725.0 ssil -2250.581543 VERKEERD
8725.0 8740.0 v -237.689865
8740.0 8915.0 @ -2499.818359
8915.0 9205.0 r -3848.919922
9205.0 9220.0 k -219.125061
9220.0 9235.0 e -207.074051
9235.0 9385.0 r -1846.465820
9385.0 10030.0 ssil -7357.448730
.
