#!MLF!#
"/net/aistaff/aki/_same-utterance/wav/08/Groningen_and_Drenthe/12923-1464633583-2157878.rec"
0.0 785.0 ssil -8982.054688 PISTOOL
785.0 815.0 p -414.300629
815.0 910.0 i -1296.857178
910.0 970.0 s -866.593201
970.0 1095.0 t -1750.091553
1095.0 1305.0 o -2447.934814
1305.0 1405.0 l -1420.688232
1405.0 3345.0001 ssil -23936.300781
3345.0 4660.0001 ssil -14767.671875 GERAAPT
4660.0001 4820.0001 x -2153.180420
4820.0001 5005.0001 @ -2274.337402
5005.0001 5020.0001 r -204.948059
5020.0001 5350.0001 a -4027.352051
5350.0001 5375.0001 p -394.551788
5375.0001 5630.0001 t -3354.272461
5630.0001 6055.0001 ssil -4672.422363
6055.0 6675.0 ssil -7067.824707 TOVEREN
6675.0 6735.0 t -944.901306
6735.0 6945.0 o -2678.694824
6945.0 7055.0 f -1323.098389
7055.0 7080.0 @ -316.027832
7080.0 7205.0 r -1521.126953
7205.0 7250.0 @ -539.258972
7250.0 7480.0 n -2553.282715
7480.0 8280.0 ssil -8781.837891
8280.0 8405.0 ssil -1379.260254 IJS
8405.0 8595.0 ei -2209.019775
8595.0 8620.0 s -333.959595
8620.0 8650.0 ssil -348.562958
8650.0 8725.0 ssil -847.552734 VERKEERD
8725.0 8745.0 v -289.228821
8745.0 8970.0 @ -2968.329590
8970.0 9045.0 r -1038.186279
9045.0 9080.0 k -527.470032
9080.0 9325.0 e -2585.982666
9325.0 9465.0 r -2025.633179
9465.0 9705.0 t -2886.018555
9705.0 10030.0 ssil -3602.870117
.
