#!MLF!#
"/net/aistaff/aki/_same-utterance/wav/08/Groningen_and_Drenthe/16681-1465974334-2317686.rec"
0.0 855.0 ssil -9954.430664 PISTOOL
855.0 890.0 p -513.518799
890.0 1095.0 @ -2812.188477
1095.0 1285.0 s -2519.748535
1285.0 1335.0 t -710.855713
1335.0 1350.0 @ -217.254486
1350.0 1365.0 l -222.065186
1365.0 2460.0 ssil -12571.370117
2460.0 2520.0 ssil -709.492920 GERAAPT
2520.0 2630.0 gc -1482.521851
2630.0 2785.0 r -2245.130371
2785.0 3075.0 a -3547.951172
3075.0 3125.0 p -729.951416
3125.0 3250.0 t -1704.935059
3250.0 5210.0 ssil -23849.613281
5210.0 6735.0 ssil -17823.619141 TOVEREN
6735.0 6905.0 t -2370.732910
6905.0 7270.0 o -4334.922852
7270.0 7285.0 f -213.417267
7285.0 7340.0 @ -631.649902
7340.0 7360.0 r -247.789246
7360.0 7385.0 @ -266.317108
7385.0 7990.0 ssil -6587.847168
7990.0 8470.0 ssil -5131.333008 IJS
8470.0 8485.0 ei -207.201981
8485.0 8500.0 s -245.690491
8500.0 8565.0 ssil -796.675110
8565.0 8620.0 ssil -709.738098 VERKEERD
8620.0 8660.0 f -677.627747
8660.0 8895.0 @ -3203.609619
8895.0 9130.0 r -3162.659668
9130.0 9155.0 k -386.237946
9155.0 9170.0 e -203.578186
9170.0 9245.0 r -864.779846
9245.0 10030.0 ssil -8539.070312
.
