#!MLF!#
"/net/aistaff/aki/_same-utterance/wav/08/Groningen_and_Drenthe/214-1452504705-700251.rec"
0.0 15.0 ssil -153.104614 PISTOOL
15.0 30.0 p -189.743942
30.0 315.0 @ -2511.039795
315.0 340.0 s -350.260498
340.0 365.0 t -335.466156
365.0 380.0 @ -205.443085
380.0 395.0 l -213.019089
395.0 990.0 ssil -7436.165527
990.0 1330.0 ssil -3973.221680 GERAAPT
1330.0 1355.0 x -419.169281
1355.0 1565.0 @ -2898.793701
1565.0 2020.0 r -5956.267578
2020.0 2035.0 a -195.785889
2035.0 2340.0 p -3667.629883
2340.0 3550.0001 ssil -16222.540039
3550.0 5185.0 ssil -20574.611328 TOVEREN
5185.0 5235.0 t -741.966003
5235.0 5630.0 o -4793.984375
5630.0 5645.0 f -231.623642
5645.0 5685.0 @ -466.708893
5685.0 5700.0 r -187.684479
5700.0 5725.0 @ -287.300568
5725.0 5955.0 ssil -2566.875488
5955.0 7335.0 ssil -17573.871094 IJS
7335.0 7500.0 ei -2128.745605
7500.0 7515.0 s -299.075012
7515.0 7590.0 ssil -1189.982422
7590.0 8990.0 ssil -16851.970703 VERKEERD
8990.0 9060.0 f -916.463501
9060.0 9240.0 r -2386.392090
9240.0 9305.0 k -849.375610
9305.0 9455.0 e -1554.715454
9455.0 9645.0 r -2546.622803
9645.0 9685.0 t -556.099243
9685.0 10030.0 ssil -4495.332031
.
