#!MLF!#
"/net/aistaff/aki/_same-utterance/wav/08/Groningen_and_Drenthe/3054-1449510114-440180.rec"
0.0 915.0 ssil -10787.272461 PISTOOL
915.0 960.0 p -698.603577
960.0 1095.0 i -1628.191162
1095.0 1120.0 s -329.478638
1120.0 1260.0 t -1877.199951
1260.0 1570.0 o -3345.590088
1570.0 1700.0 l -1610.672363
1700.0 3145.0001 ssil -16433.691406
3145.0 4704.9999 ssil -17881.759766 GERAAPT
4704.9999 4754.9999 gc -628.542114
4754.9999 4829.9999 @ -1043.623657
4829.9999 5225.0 r -5123.886230
5225.0 5245.0 a -279.728455
5245.0 5270.0 p -341.288513
5270.0 6574.9999 ssil -15000.408203
6575.0 6695.0 ssil -1336.935181 TOVEREN
6695.0 6735.0 t -617.987427
6735.0 6975.0 o -2777.616211
6975.0 6990.0 f -249.551254
6990.0 7045.0 @ -646.800781
7045.0 7140.0 r -1172.326782
7140.0 7155.0 @ -196.277023
7155.0 7245.0 n -1006.182983
7245.0 7260.0 ssil -213.298798
7260.0 7275.0 ssil -196.486450 IJS
7275.0 7315.0 ei -500.994080
7315.0 7330.0 s -227.854233
7330.0 8180.0 ssil -9192.395508
8180.0 8630.0 ssil -5322.026367 VERKEERD
8630.0 8665.0 f -485.728394
8665.0 8800.0 @ -1828.040527
8800.0 8820.0 k -321.615021
8820.0 9180.0 e -4209.107422
9180.0 9195.0 r -209.246887
9195.0 10030.0 ssil -9176.802734
.
