#!MLF!#
"/net/aistaff/aki/_same-utterance/wav/08/Groningen_and_Drenthe/3282-1449506308-435811.rec"
0.0 755.0 ssil -8560.601562 PISTOOL
755.0 800.0 p -487.444733
800.0 815.0 s -231.609100
815.0 855.0 t -554.133728
855.0 1420.0 @ -7407.559082
1420.0 1435.0 l -209.084808
1435.0 2994.9999 ssil -18447.558594
2995.0 4500.0 ssil -16946.005859 GERAAPT
4500.0 4615.0 gc -1530.524048
4615.0 4690.0 @ -962.111755
4690.0 4740.0 r -702.470398
4740.0 5085.0 a -4249.278809
5085.0 5100.0 p -220.650330
5100.0 6440.0 ssil -15090.432617
6440.0 6630.0 ssil -2219.034180 TOVEREN
6630.0 6670.0 t -527.767578
6670.0 6710.0 f -608.118530
6710.0 6735.0 r -383.436859
6735.0 6810.0 n -1137.798706
6810.0 6830.0 ssil -308.105591
6830.0 6850.0 ssil -311.987183 IJS
6850.0 7130.0 ei -3730.759766
7130.0 7145.0 s -238.257034
7145.0 7300.0 ssil -1927.998169
7300.0 8650.0 ssil -14984.400391 VERKEERD
8650.0 8665.0 v -199.572632
8665.0 8680.0 r -251.122025
8680.0 8705.0 k -457.772980
8705.0 8905.0 e -3000.422852
8905.0 9345.0 r -5710.070801
9345.0 10030.0 ssil -7655.480469
.
