#!MLF!#
"/net/aistaff/aki/_same-utterance/wav/08/Groningen_and_Drenthe/333-1449267548-241772.rec"
0.0 2675.0 ssil -32723.271484 PISTOOL
2675.0 2739.9999 p -901.633484
2739.9999 2799.9999 i -880.892883
2799.9999 2915.0 s -1684.672729
2915.0 2994.9999 t -1266.166870
2994.9999 3270.0 o -3362.441162
3270.0 3345.0 l -955.663757
3345.0 5404.9999 ssil -25277.726562
5405.0 6645.0 ssil -13945.459961 GERAAPT
6645.0 6785.0 x -1990.367310
6785.0 6820.0 @ -454.000671
6820.0 6930.0 r -1471.430786
6930.0 7215.0 a -3298.993896
7215.0 7235.0 p -236.026123
7235.0 7285.0 ssil -733.930237
7285.0 7360.0 ssil -964.484619 TOVEREN
7360.0 7445.0 t -1161.196045
7445.0 7460.0 f -220.007538
7460.0 7475.0 r -215.288788
7475.0 7785.0 ssil -3390.107178
7785.0 8750.0 ssil -10814.882812 IJS
8750.0 8950.0 ei -2350.241211
8950.0 9225.0 s -3700.310303
9225.0 9670.0 ssil -4919.593750
9670.0 9860.0 ssil -2201.905762 VERKEERD
9860.0 9880.0 v -235.641205
9880.0 9895.0 k -214.953400
9895.0 9910.0 e -191.167877
9910.0 9925.0 r -173.175079
9925.0 10055.0 ssil -1378.484497
.
