#!MLF!#
"/net/aistaff/aki/_same-utterance/wav/08/Groningen_and_Drenthe/3385-1450452925-717136.rec"
0.0 910.0 ssil -10749.843750 PISTOOL
910.0 975.0 p -866.700745
975.0 1065.0 i -1350.229004
1065.0 1085.0 s -310.110809
1085.0 1190.0 t -1489.170166
1190.0 1390.0 o -2428.827393
1390.0 1430.0 l -485.349884
1430.0 1455.0 ssil -303.639832
1455.0 2855.0 ssil -16432.386719 GERAAPT
2855.0 2990.0 x -1767.938843
2990.0 3015.0 @ -341.197479
3015.0 3055.0 r -560.564087
3055.0 3270.0 a -2555.066406
3270.0 3285.0 p -250.783096
3285.0 5070.0 ssil -21592.898438
5070.0 6765.0001 ssil -20292.365234 TOVEREN
6765.0001 6855.0001 t -1268.593628
6855.0001 7005.0001 o -1855.554932
7005.0001 7020.0001 f -233.010361
7020.0001 7035.0001 @ -205.248138
7035.0001 7085.0001 r -684.583252
7085.0001 7190.0001 @ -1368.309692
7190.0001 7405.0001 n -2710.504150
7405.0001 7545.0001 ssil -1764.019165
7545.0 7615.0 ssil -871.139526 IJS
7615.0 7635.0 ei -260.128937
7635.0 7650.0 s -216.605804
7650.0 8085.0 ssil -4865.566406
8085.0 8905.0 ssil -9278.631836 VERKEERD
8905.0 8925.0 v -284.343903
8925.0 9020.0 @ -1255.923462
9020.0 9080.0 k -951.224304
9080.0 9150.0 e -839.614624
9150.0 9315.0 r -2136.803467
9315.0 9360.0 t -586.506348
9360.0 10010.0 ssil -7630.641602
.
