#!MLF!#
"/net/aistaff/aki/_same-utterance/wav/08/Groningen_and_Drenthe/3966-1452613395-888388.rec"
0.0 460.0 ssil -4703.137695 PISTOOL
460.0 600.0 p -1875.771484
600.0 665.0 i -994.233826
665.0 820.0 s -2277.476807
820.0 865.0 t -729.280029
865.0 1105.0 o -2860.562988
1105.0 1170.0 l -805.882568
1170.0 1685.0 ssil -5936.523926
1685.0 2655.0 ssil -11740.832031 GERAAPT
2655.0 2690.0 x -584.432007
2690.0 2840.0 @ -2226.017578
2840.0 2955.0 r -1623.434570
2955.0 2975.0 a -327.372681
2975.0 2990.0 p -249.296371
2990.0 3105.0 t -1572.798462
3105.0 4470.0 ssil -15935.133789
4470.0 4495.0 ssil -275.566071 TOVEREN
4495.0 4550.0 t -789.595398
4550.0 4700.0 o -1875.925659
4700.0 4810.0 f -1398.173096
4810.0 4875.0 @ -773.836182
4875.0 5005.0 r -1386.090942
5005.0 5020.0 @ -176.516342
5020.0 5150.0 n -1440.381104
5150.0 5705.0 ssil -6552.666504
5705.0 6490.0 ssil -9030.953125 IJS
6490.0 6705.0 ei -2688.552490
6705.0 6985.0 s -3749.846924
6985.0 7985.0 ssil -11728.235352
7985.0 8570.0 ssil -6813.011719 VERKEERD
8570.0 8600.0 v -439.826477
8600.0 8625.0 @ -368.589935
8625.0 8710.0 r -1156.472534
8710.0 8730.0 k -333.321533
8730.0 8745.0 e -280.409058
8745.0 9145.0 r -5044.572754
9145.0 9320.0 t -2257.113770
9320.0 9800.0 ssil -5391.085938
.
