#!MLF!#
"/net/aistaff/aki/_same-utterance/wav/08/Groningen_and_Drenthe/3984-1450772937-760594.rec"
0.0 25.0 ssil -302.850800 PISTOOL
25.0 155.0 p -1738.340088
155.0 175.0 s -265.996246
175.0 195.0 t -317.400391
195.0 215.0 @ -340.353088
215.0 230.0 l -241.730438
230.0 265.0 ssil -524.857788
265.0 650.0 ssil -4765.253418 GERAAPT
650.0 715.0 gc -891.717285
715.0 730.0 @ -218.374741
730.0 905.0 r -2223.190186
905.0 1045.0 a -1770.738892
1045.0 1080.0 p -497.722168
1080.0 1165.0 t -1119.886475
1165.0 2820.0 ssil -20272.132812
2820.0 4405.0 ssil -18313.039062 TOVEREN
4405.0 4485.0 t -1139.117676
4485.0 4660.0 o -2235.790527
4660.0 4710.0 f -677.534119
4710.0 4765.0 @ -788.829712
4765.0 4870.0 r -1386.913940
4870.0 4970.0 @ -1466.152466
4970.0 5135.0 ssil -1826.707153
5135.0 5845.0 ssil -7939.936523 IJS
5845.0 5860.0 ei -203.215149
5860.0 5875.0 s -201.410324
5875.0 6380.0 ssil -5902.979980
6380.0 6460.0 ssil -1179.024048 VERKEERD
6460.0 6520.0 f -853.189819
6520.0 6770.0 r -3290.775635
6770.0 6810.0 k -646.060608
6810.0 6935.0 e -1342.967163
6935.0 7035.0 r -1314.164795
7035.0 7155.0 t -1605.274048
7155.0 9889.9999 ssil -33099.785156
.
