#!MLF!#
"/net/aistaff/aki/_same-utterance/wav/08/Groningen_and_Drenthe/4406-1453646174-926445.rec"
0.0 565.0 ssil -7009.056152 PISTOOL
565.0 630.0 p -1036.332520
630.0 655.0 i -413.134338
655.0 675.0 s -274.668579
675.0 740.0 t -896.544006
740.0 900.0 oc -2142.634521
900.0 915.0 l -222.668396
915.0 1365.0 ssil -6300.423828
1365.0 2615.0 ssil -14710.827148 GERAAPT
2615.0 2755.0 x -1988.773071
2755.0 3040.0 r -3551.259033
3040.0 3235.0 a -2312.317627
3235.0 3270.0 p -524.712891
3270.0 3435.0 t -2066.002441
3435.0 3585.0 ssil -1977.895752
3585.0 4690.0 ssil -12953.752930 TOVEREN
4690.0 4920.0 t -3030.981445
4920.0 5205.0 oc -3463.208008
5205.0 5220.0 f -224.700729
5220.0 5270.0 @ -583.478394
5270.0 5285.0 r -193.249268
5285.0 5305.0 @ -249.632599
5305.0 6735.0 ssil -17295.033203
6735.0 6955.0 ssil -3130.745361 IJS
6955.0 7270.0 ei -4169.411621
7270.0 7415.0 s -1960.734985
7415.0 8495.0 ssil -12588.916016
8495.0 8640.0 ssil -1774.048340 VERKEERD
8640.0 8665.0 f -381.116943
8665.0 8765.0 r -1233.373413
8765.0 8780.0 k -228.549011
8780.0 8905.0 e -1469.745361
8905.0 8920.0 r -211.696442
8920.0 9140.0 t -2783.313477
9140.0 10030.0 ssil -9763.721680
.
