#!MLF!#
"/net/aistaff/aki/_same-utterance/wav/08/Groningen_and_Drenthe/4616-1450898290-770688.rec"
0.0 15.0 ssil -153.750000 PISTOOL
15.0 30.0 p -189.142899
30.0 760.0 @ -6160.101562
760.0 790.0 s -398.449646
790.0 1445.0 t -9029.616211
1445.0 1760.0 o -3812.031250
1760.0 1800.0 l -467.652191
1800.0 2100.0 ssil -3388.370361
2100.0 2400.0 ssil -3338.282959 GERAAPT
2400.0 2450.0 x -722.477844
2450.0 2465.0 r -196.382889
2465.0 2480.0 a -221.132019
2480.0 2495.0 p -219.376602
2495.0 2555.0 ssil -606.322205
2555.0 2755.0 ssil -2253.678955 TOVEREN
2755.0 2835.0 t -1265.972046
2835.0 3005.0 o -1998.702515
3005.0 3020.0 f -237.186996
3020.0 3040.0 @ -269.992004
3040.0 3200.0 r -2199.107666
3200.0 3300.0 @ -1251.535767
3300.0 3440.0 n -1647.949219
3440.0 4090.0 ssil -7723.968262
4090.0 4665.0 ssil -6573.210449 IJS
4665.0 4865.0 ei -2469.295166
4865.0 4970.0 s -1529.422241
4970.0 6380.0 ssil -16272.044922
6380.0 6550.0 ssil -1969.725342 VERKEERD
6550.0 6640.0 f -1229.053223
6640.0 6725.0 r -1137.898193
6725.0 6830.0 k -1593.796021
6830.0 7005.0 e -1792.923706
7005.0 7120.0 r -1548.498047
7120.0 7145.0 t -401.413757
7145.0 9889.9999 ssil -33973.105469
.
