#!MLF!#
"/net/aistaff/aki/_same-utterance/wav/08/Groningen_and_Drenthe/4895-1476473663-832228.rec"
0.0 1005.0 ssil -11120.373047 PISTOOL
1005.0 1020.0 p -189.029846
1020.0 1040.0 s -276.713379
1040.0 1100.0 t -781.539673
1100.0 1545.0 @ -5641.221680
1545.0 1605.0 l -684.339844
1605.0 2810.0 ssil -13924.198242
2810.0 2875.0 ssil -744.331665 GERAAPT
2875.0 2970.0 gc -1249.240845
2970.0 3040.0 @ -826.166138
3040.0 3285.0 r -2799.345215
3285.0 3420.0 a -1656.517090
3420.0 3445.0 p -354.718384
3445.0 3780.0 ssil -3956.791260
3780.0 4905.0 ssil -12994.429688 TOVEREN
4905.0 4940.0 t -521.754089
4940.0 5200.0 o -2679.401367
5200.0 5215.0 f -226.154694
5215.0 5265.0 @ -614.191345
5265.0 5280.0 r -202.851776
5280.0 5305.0 @ -288.562531
5305.0 6555.0 ssil -13978.216797
6555.0 6620.0 ssil -976.030701 IJS
6620.0 6880.0 ei -3119.792725
6880.0 6900.0 s -298.169128
6900.0 8574.9999 ssil -18873.435547
8575.0 8610.0 ssil -484.192657 VERKEERD
8610.0 8655.0 f -634.693359
8655.0 8775.0 r -1721.128540
8775.0 8815.0 k -613.339417
8815.0 8900.0 e -989.164795
8900.0 9090.0 r -2501.770020
9090.0 9125.0 t -484.269348
9125.0 10055.0 ssil -10449.426758
.
