#!MLF!#
"/net/aistaff/aki/_same-utterance/wav/08/Groningen_and_Drenthe/4923-1455304287-1435751.rec"
0.0 760.0 ssil -8544.182617 PISTOOL
760.0 785.0 p -357.375580
785.0 1005.0 @ -2844.019775
1005.0 1205.0 s -2486.805420
1205.0 1265.0 t -891.298462
1265.0 1285.0 @ -253.779114
1285.0 1305.0 l -244.429703
1305.0 2979.9999 ssil -18798.056641
2980.0 3175.0 ssil -2655.056885 GERAAPT
3175.0 3190.0 gc -229.914169
3190.0 3275.0 @ -1108.076538
3275.0 3315.0 r -544.636169
3315.0 3330.0 a -218.005905
3330.0 3345.0 p -270.886902
3345.0 3405.0 t -861.630066
3405.0 3480.0 ssil -985.897095
3480.0 4930.0 ssil -15795.495117 TOVEREN
4930.0 4995.0 t -959.074158
4995.0 5160.0001 o -2024.418701
5160.0001 5175.0001 f -231.645172
5175.0001 5200.0001 @ -303.904327
5200.0001 5415.0001 r -2508.146973
5415.0001 5430.0001 @ -218.136414
5430.0001 5640.0 n -2285.483643
5640.0 5680.0 ssil -408.056183
5680.0 6920.0 ssil -13569.046875 IJS
6920.0 6970.0 ei -672.254211
6970.0 7080.0 s -1539.851929
7080.0 7480.0 ssil -5730.654785
7480.0 8760.0 ssil -13895.178711 VERKEERD
8760.0 8785.0 v -345.653809
8785.0 8845.0 k -839.466370
8845.0 8860.0 e -279.362732
8860.0 9320.0 r -5964.936035
9320.0 9390.0 t -956.234802
9390.0 10030.0 ssil -7054.083496
.
