#!MLF!#
"/net/aistaff/aki/_same-utterance/wav/08/Groningen_and_Drenthe/5383-1454063415-1073532.rec"
0.0 645.0 ssil -7617.410645 PISTOOL
645.0 690.0 p -627.014648
690.0 715.0 s -337.059509
715.0 750.0 t -505.318512
750.0 925.0 @ -2497.296387
925.0 1090.0 l -2401.716797
1090.0 1200.0 ssil -1558.631714
1200.0 2585.0 ssil -17329.996094 GERAAPT
2585.0 2710.0 x -1660.142944
2710.0 2775.0 @ -761.679138
2775.0 2830.0 r -789.838928
2830.0 3175.0 a -3893.405273
3175.0 3205.0 p -428.692047
3205.0 3355.0 t -1928.406738
3355.0 5305.0 ssil -25293.755859
5305.0 6710.0 ssil -16767.804688 TOVEREN
6710.0 6860.0 t -2076.156738
6860.0 7175.0 oc -3534.087158
7175.0 7190.0 f -221.217560
7190.0 7205.0 @ -186.722656
7205.0 7220.0 r -189.563919
7220.0 7240.0 @ -233.802704
7240.0 7460.0 n -2794.678711
7460.0 8030.0 ssil -6677.670410
8030.0 8610.0 ssil -6952.397949 IJS
8610.0 8630.0 ei -295.550323
8630.0 8680.0 s -844.420166
8680.0 8800.0 ssil -1680.783081
8800.0 8845.0 ssil -666.163696 VERKEERD
8845.0 8960.0 f -1492.555420
8960.0 9505.0 @ -6869.710938
9505.0 9535.0 k -393.991821
9535.0 9550.0 e -194.984619
9550.0 9605.0 r -691.795166
9605.0 9635.0 t -421.973877
9635.0 10030.0 ssil -4481.695801
.
