#!MLF!#
"/net/aistaff/aki/_same-utterance/wav/08/Groningen_and_Drenthe/5669-1454600419-1328916.rec"
0.0 385.0 ssil -3244.648193 PISTOOL
385.0 685.0 p -3673.520508
685.0 745.0 i -935.933105
745.0 825.0 s -1261.614014
825.0 880.0 t -823.890930
880.0 1250.0 oc -4808.714844
1250.0 1290.0 l -470.159821
1290.0 1785.0 ssil -5575.883301
1785.0 2385.0 ssil -7193.464844 GERAAPT
2385.0 2465.0 gc -1252.865845
2465.0 2510.0 @ -589.884644
2510.0 2640.0 r -1792.558472
2640.0 2915.0 a -3696.236816
2915.0 2945.0 p -455.185669
2945.0 5050.0 ssil -26717.640625
5050.0 6450.0 ssil -16497.916016 TOVEREN
6450.0 6560.0 t -1498.276733
6560.0 6750.0 o -2562.879883
6750.0 6765.0 f -236.987350
6765.0 6795.0 @ -411.203186
6795.0 7075.0 r -4208.343750
7075.0 7225.0 @ -1821.352295
7225.0 8135.0 ssil -10287.202148
8135.0 8410.0 ssil -3513.020752 IJS
8410.0 8615.0 ei -2613.876465
8615.0 8900.0 s -4140.225098
8900.0 9190.0 ssil -3586.260986
9190.0 9470.0 ssil -3366.442871 VERKEERD
9470.0 9485.0 v -170.852356
9485.0 9500.0 @ -172.128433
9500.0 9520.0 k -275.115845
9520.0 9540.0 e -261.219604
9540.0 9565.0 r -317.333496
9565.0 9635.0 ssil -830.118835
.
