#!MLF!#
"/net/aistaff/aki/_same-utterance/wav/08/Groningen_and_Drenthe/7140-1454521823-1298413.rec"
0.0 155.0 ssil -1599.679321 PISTOOL
155.0 185.0 p -427.236633
185.0 210.0 @ -315.701874
210.0 225.0 s -218.834045
225.0 250.0 t -306.776031
250.0 265.0 @ -187.900009
265.0 280.0 l -189.101166
280.0 820.0 ssil -6541.480469
820.0 1060.0 ssil -2832.575928 GERAAPT
1060.0 1205.0 x -2081.238770
1205.0 1310.0 r -1356.435669
1310.0 1620.0 a -3885.230957
1620.0 1635.0 p -231.301483
1635.0 1820.0 t -2370.623779
1820.0 2570.0 ssil -8528.339844
2570.0 2935.0 ssil -4569.616699 TOVEREN
2935.0 2990.0 t -834.553345
2990.0 3175.0 o -2067.295654
3175.0 3255.0 f -1085.311157
3255.0 3295.0 @ -546.174133
3295.0 3420.0 r -1777.220093
3420.0 3730.0 @ -3852.709961
3730.0 5340.0 ssil -19733.755859
5340.0 6740.0 ssil -16973.791016 IJS
6740.0 6975.0 ei -2623.226074
6975.0 7220.0 s -3253.085693
7220.0 7265.0 ssil -587.093872
7265.0 9080.0001 ssil -21212.525391 VERKEERD
9080.0001 9095.0001 v -266.135529
9095.0001 9395.0001 @ -3817.610840
9395.0001 9500.0001 r -1332.803833
9500.0001 9515.0001 k -219.529709
9515.0001 9530.0001 e -197.739334
9530.0001 9545.0001 r -176.417145
9545.0001 10030.0001 ssil -5267.539551
.
