#!MLF!#
"/net/aistaff/aki/_same-utterance/wav/08/Groningen_and_Drenthe/7470-1455107673-1402853.rec"
0.0 635.0 ssil -7918.712891 PISTOOL
635.0 670.0 p -517.246643
670.0 890.0 i -2784.168457
890.0 1160.0 s -3516.593750
1160.0 1175.0 t -219.455276
1175.0 1190.0 oc -229.276550
1190.0 1205.0 l -207.585480
1205.0 1445.0 ssil -2809.168213
1445.0 2685.0 ssil -14829.651367 GERAAPT
2685.0 2775.0 gc -1184.365967
2775.0 2860.0 @ -1057.878540
2860.0 3015.0 r -2405.511719
3015.0 3235.0 a -2455.343262
3235.0 3410.0 p -2664.063965
3410.0 3525.0 t -1529.165405
3525.0 3790.0 ssil -3500.401855
3790.0 4695.0 ssil -10658.853516 TOVEREN
4695.0 4755.0 t -918.920654
4755.0 4960.0 oc -2403.875244
4960.0 5030.0 f -986.905518
5030.0 5060.0 @ -433.112610
5060.0 5120.0 r -929.176147
5120.0 5250.0 @ -1640.389771
5250.0 5390.0 n -1813.740967
5390.0 6775.0 ssil -16462.224609
6775.0 6920.0 ssil -1988.785889 IJS
6920.0 7265.0 ei -4451.598145
7265.0 7395.0 s -1730.390625
7395.0 8840.0 ssil -17595.994141
8840.0 8915.0 ssil -1111.049438 VERKEERD
8915.0 8945.0 f -534.617493
8945.0 9140.0 @ -2451.446777
9140.0 9295.0 r -1945.444214
9295.0 9315.0 k -276.254639
9315.0 9330.0 e -224.646286
9330.0 9370.0 r -477.527863
9370.0 10030.0 ssil -7989.179199
.
