#!MLF!#
"/net/aistaff/aki/_same-utterance/wav/08/Groningen_and_Drenthe/7790-1456080238-1492047.rec"
0.0 15.0 ssil -156.644241 PISTOOL
15.0 30.0 p -195.973541
30.0 515.0 @ -4015.580566
515.0 530.0 s -239.156738
530.0 545.0 t -214.833862
545.0 570.0 @ -311.909576
570.0 585.0 l -197.929504
585.0 705.0 ssil -1406.170288
705.0 910.0 ssil -2465.964355 GERAAPT
910.0 1015.0 x -1517.935181
1015.0 1105.0 @ -1169.224976
1105.0 1205.0 r -1259.418213
1205.0 1475.0 a -3319.951416
1475.0 1495.0 p -303.886230
1495.0 1630.0 t -1736.533325
1630.0 2630.0 ssil -12041.847656
2630.0 2795.0 ssil -2255.275635 TOVEREN
2795.0 2840.0 t -680.976562
2840.0 3080.0 o -2552.492432
3080.0 3095.0 f -246.697632
3095.0 3110.0 @ -189.967529
3110.0 3125.0 r -188.336029
3125.0 3140.0 @ -194.476639
3140.0 3160.0 n -259.862610
3160.0 3185.0 ssil -407.234772
3185.0 4610.0 ssil -16795.744141 IJS
4610.0 4815.0 ei -2568.223145
4815.0 5155.0 s -4452.684570
5155.0 6959.9999 ssil -21661.689453
6960.0 8519.9999 ssil -18258.824219 VERKEERD
8519.9999 8629.9999 f -1249.730957
8629.9999 8664.9999 @ -467.953186
8664.9999 8779.9999 r -1546.471069
8779.9999 8844.9999 k -929.259521
8844.9999 9019.9999 e -2006.239868
9019.9999 9109.9999 r -1197.058105
9109.9999 9224.9999 t -1430.018799
9224.9999 9820.0 ssil -7250.444824
.
