#!MLF!#
"/net/aistaff/aki/_same-utterance/wav/08/Groningen_and_Drenthe/7955-1463166163-1813013.rec"
0.0 745.0 ssil -8518.145508 PISTOOL
745.0 765.0 p -238.663971
765.0 785.0 @ -250.081589
785.0 800.0 s -215.832977
800.0 865.0 t -920.738220
865.0 1065.0 o -2401.229492
1065.0 1540.0 l -5823.959473
1540.0 1590.0 ssil -561.940247
1590.0 2495.0 ssil -9860.661133 GERAAPT
2495.0 2520.0 gc -306.536041
2520.0 2545.0 r -324.814514
2545.0 2560.0 a -209.661163
2560.0 2575.0 p -202.349121
2575.0 2815.0 ssil -3049.446777
2815.0 2965.0 ssil -2176.222656 TOVEREN
2965.0 3040.0 t -1052.123291
3040.0 3320.0 o -3006.990967
3320.0 3335.0 f -225.963013
3335.0 3350.0 @ -184.492447
3350.0 3365.0 r -184.903748
3365.0 3380.0 @ -187.222321
3380.0 4965.0 ssil -18619.458984
4965.0 6720.0 ssil -20349.925781 IJS
6720.0 7275.0 ei -6929.796387
7275.0 7290.0 s -226.991028
7290.0 8349.9999 ssil -11917.096680
8350.0 8815.0 ssil -5396.609863 VERKEERD
8815.0 8850.0 f -492.278564
8850.0 8980.0 r -1695.601196
8980.0 8995.0 k -236.570374
8995.0 9010.0 e -237.722565
9010.0 9465.0 r -5529.078125
9465.0 10030.0 ssil -6313.187500
.
