#!MLF!#
"/net/aistaff/aki/_same-utterance/wav/08/Groningen_and_Drenthe/8404-1458302316-1677901.rec"
0.0 770.0 ssil -8769.629883 PISTOOL
770.0 790.0 p -274.776611
790.0 805.0 s -204.423691
805.0 855.0 t -682.920654
855.0 960.0 @ -1493.491333
960.0 975.0 l -238.531342
975.0 995.0 ssil -322.102600
995.0 1010.0 ssil -234.708694 GERAAPT
1010.0 1040.0 x -488.328522
1040.0 1140.0 @ -1291.130249
1140.0 1320.0 r -2563.680908
1320.0 1335.0 a -234.065170
1335.0 1350.0 p -256.560394
1350.0 1440.0 t -1206.721558
1440.0 2050.0 ssil -6922.475586
2050.0 2700.0 ssil -7713.643555 TOVEREN
2700.0 2865.0 t -2492.125244
2865.0 3220.0 oc -4379.710449
3220.0 3235.0 f -234.302490
3235.0 3255.0 @ -252.679138
3255.0 3280.0 r -308.525391
3280.0 3320.0 @ -476.078735
3320.0 4555.0 ssil -13807.784180
4555.0 4670.0 ssil -1654.234131 IJS
4670.0 4835.0 ei -2181.618652
4835.0 5020.0 s -2657.976318
5020.0 7089.9999 ssil -25054.408203
7090.0 8930.0 ssil -20980.750000 VERKEERD
8930.0 8955.0 f -419.307098
8955.0 9095.0 @ -1925.747070
9095.0 9535.0 r -5803.806152
9535.0 9550.0 k -223.666733
9550.0 9585.0 e -428.963806
9585.0 9635.0 r -601.951843
9635.0 10055.0 ssil -4777.365234
.
