#!MLF!#
"/net/aistaff/aki/_same-utterance/wav/08/Groningen_and_Drenthe/8674-1457955375-1638927.rec"
0.0 15.0 ssil -149.798218 PISTOOL
15.0 30.0 p -187.137222
30.0 45.0 @ -152.681458
45.0 60.0 s -229.363251
60.0 75.0 t -201.601837
75.0 540.0 o -3936.405762
540.0 555.0 l -212.955261
555.0 950.0 ssil -4606.311523
950.0 1190.0 ssil -3507.773438 GERAAPT
1190.0 1485.0 gc -3845.803955
1485.0 1505.0 r -263.326416
1505.0 1520.0 a -207.338287
1520.0 1540.0 p -259.002716
1540.0 2895.0 ssil -15343.153320
2895.0 2915.0 ssil -318.280212 TOVEREN
2915.0 3090.0 t -2451.619629
3090.0 3345.0 oc -3073.895996
3345.0 3360.0 f -247.998322
3360.0 3375.0 @ -218.378204
3375.0 3390.0 r -199.671249
3390.0 3440.0 @ -568.319580
3440.0 4900.0 ssil -16576.437500
4900.0 5065.0 ssil -2529.849854 IJS
5065.0 5260.0 ei -2858.660156
5260.0 5275.0 s -278.012451
5275.0 7209.9999 ssil -23638.658203
7210.0 8905.0001 ssil -20094.853516 VERKEERD
8905.0001 8930.0001 f -439.079041
8930.0001 9000.0001 @ -1052.593750
9000.0001 9165.0001 r -2340.051758
9165.0001 9200.0001 k -478.845978
9200.0001 9215.0001 e -207.532913
9215.0001 9400.0001 r -2340.374023
9400.0001 9530.0001 t -1574.674072
9530.0001 10055.0 ssil -5885.338379
.
