#!MLF!#
"/net/aistaff/aki/_same-utterance/wav/08/Groningen_and_Drenthe/8937-1460648729-1762454.rec"
0.0 720.0 ssil -8001.241211 PISTOOL
720.0 735.0 p -192.868378
735.0 780.0 @ -504.620697
780.0 795.0 s -212.195877
795.0 855.0 t -952.341248
855.0 1145.0 o -3544.316162
1145.0 1220.0 l -933.186340
1220.0 2325.0 ssil -12421.923828
2325.0 2675.0 ssil -3966.583496 GERAAPT
2675.0 2705.0 gc -452.566711
2705.0 2905.0 r -2740.394287
2905.0 2925.0 a -293.128143
2925.0 2945.0 p -311.399902
2945.0 4440.0 ssil -17454.832031
4440.0 4790.0 ssil -4419.530273 TOVEREN
4790.0 4955.0 t -2233.850586
4955.0 5170.0 o -2506.853027
5170.0 5185.0 f -213.085129
5185.0 5215.0 @ -340.074646
5215.0 5235.0 r -231.572906
5235.0 5310.0 @ -844.665100
5310.0 6210.0 ssil -10266.550781
6210.0 6920.0 ssil -8737.294922 IJS
6920.0 7130.0 ei -2587.830322
7130.0 7145.0 s -220.947006
7145.0 7770.0 ssil -7003.535645
7770.0 8710.0 ssil -10478.811523 VERKEERD
8710.0 8740.0 f -413.767395
8740.0 9100.0 r -4461.945312
9100.0 9115.0 k -217.943832
9115.0 9130.0 e -221.420181
9130.0 9165.0 r -429.300232
9165.0 10055.0 ssil -9761.705078
.
