#!MLF!#
"/net/aistaff/aki/_same-utterance/wav/08/Groningen_and_Drenthe/8963-1458485803-1689682.rec"
0.0 2599.9999 ssil -29858.285156 PISTOOL
2599.9999 2644.9999 p -664.237305
2644.9999 2774.9999 i -1787.322144
2774.9999 2794.9999 s -286.073730
2794.9999 2869.9999 t -1062.134888
2869.9999 3244.9999 o -4313.314941
3244.9999 3369.9999 l -1468.113403
3369.9999 3874.9999 ssil -5619.571777
3875.0 4520.0 ssil -6942.487305 GERAAPT
4520.0 4570.0 gc -662.201538
4570.0 4600.0 @ -391.009216
4600.0 4830.0 r -2815.238525
4830.0 5155.0 a -4161.886230
5155.0 5170.0 p -218.932968
5170.0 5855.0 ssil -7711.099609
5855.0 6550.0 ssil -7658.887207 TOVEREN
6550.0 6585.0 t -513.361877
6585.0 6805.0 o -2651.809814
6805.0 6820.0 f -227.709030
6820.0 6835.0 @ -183.311172
6835.0 6855.0 r -276.656738
6855.0 6870.0 @ -204.702408
6870.0 7315.0 n -5005.300781
7315.0 8619.9999 ssil -14263.348633
8620.0 8635.0 ssil -261.650970 IJS
8635.0 8885.0 ei -3235.523438
8885.0 9170.0 s -3728.083008
9170.0 9310.0 ssil -1578.870239
9310.0 9625.0 ssil -3377.760254 VERKEERD
9625.0 9650.0 v -273.950043
9650.0 9670.0 k -250.242996
9670.0 9685.0 e -206.526001
9685.0 9700.0 r -186.308746
9700.0 9820.0 ssil -1237.379517
.
