#!MLF!#
"/net/aistaff/aki/_same-utterance/wav/08/Groningen_and_Drenthe/9935-1464219361-1952044.rec"
0.0 1195.0001 ssil -14480.203125 PISTOOL
1195.0001 1225.0001 p -402.628693
1225.0001 1350.0001 i -1639.444702
1350.0001 1420.0001 s -904.278992
1420.0001 1475.0001 t -837.882935
1475.0001 1850.0001 o -4632.569336
1850.0001 1900.0001 l -608.368164
1900.0001 2080.0001 ssil -2105.745605
2080.0 2985.0 ssil -9940.812500 GERAAPT
2985.0 3030.0 x -699.671387
3030.0 3190.0 r -2222.369385
3190.0 3205.0 a -204.661041
3205.0 3220.0 p -213.922729
3220.0 3245.0 ssil -297.799469
3245.0 3260.0 ssil -227.280991 TOVEREN
3260.0 3280.0 t -329.370056
3280.0 3310.0 f -487.471344
3310.0 3510.0 @ -2421.705322
3510.0 3600.0 r -1233.174316
3600.0 3675.0 @ -946.332642
3675.0 3760.0 ssil -1201.130249
3760.0 5060.0 ssil -15132.865234 IJS
5060.0 5260.0 ei -2391.127686
5260.0 5570.0 s -3704.741211
5570.0 5670.0 ssil -1276.379150
5670.0 6690.0 ssil -10939.396484 VERKEERD
6690.0 6720.0 v -413.591064
6720.0 6755.0 k -540.808289
6755.0 6770.0 e -274.009033
6770.0 7305.0 r -7096.359375
7305.0 7360.0 t -817.292664
7360.0 9870.0 ssil -29600.705078
.
