#!MLF!#
"/net/aistaff/aki/_same-utterance/wav/01/Limburg/10198-1465816194-2310204.rec"
0.0 100.0 ssil -950.329285 DE
100.0 115.0 d -214.199539
115.0 145.0 ssil -469.108002
145.0 835.0 ssil -8023.228516 SPREI
835.0 1025.0 s -2373.147217
1025.0 1040.0 p -248.470642
1040.0 1135.0 r -1417.177734
1135.0 1345.0 ei -2196.423096
1345.0 1375.0 ssil -429.265106
1375.0 1390.0 ssil -229.274033 DIE
1390.0 1415.0 d -372.968781
1415.0 1505.0 i -992.868530
1505.0 1520.0 ssil -198.638672
1520.0 1535.0 ssil -206.664093 JIJ
1535.0 1595.0 j -661.528748
1595.0 1790.0 ei -2243.551514
1790.0 1825.0 ssil -580.014954
1825.0 1840.0 ssil -228.701797 BRACHT
1840.0 1855.0 b -230.171753
1855.0 1885.0 r -481.884308
1885.0 2065.0 ac -2096.305908
2065.0 2165.0 x -1438.682007
2165.0 2265.0 t -1413.514282
2265.0 2320.0 ssil -704.148315
2320.0 2605.0 ssil -3364.141113 HEEFT
2605.0 2625.0 h -247.128555
2625.0 2730.0 e -1141.708618
2730.0 2755.0 f -333.077637
2755.0 2780.0 ssil -359.006805
2780.0 2825.0 ssil -547.620605 SUZAN
2825.0 2950.0 z -1610.207397
2950.0 3050.0 y -1174.077026
3050.0 3125.0 s -1069.993164
3125.0 3265.0 ac -1655.927856
3265.0 3320.0 n -774.557983
3320.0 3360.0 ssil -550.454041
3360.0 3410.0 ssil -643.952087 ALTIJD
3410.0 3605.0 ac -2505.558594
3605.0 3645.0 l -569.914856
3645.0 3695.0 t -780.580872
3695.0 3830.0 ei -1484.623413
3830.0 3845.0 t -238.954636
3845.0 3860.0 ssil -219.675735
3860.0 3885.0 ssil -408.034393 AL
3885.0 4055.0 ac -2020.066162
4055.0 4085.0 l -394.370148
4085.0 4100.0 ssil -201.557053
4100.0 4115.0 ssil -206.537552 GEWILD
4115.0 4130.0 gc -225.341171
4130.0 4220.0 @ -1029.578125
4220.0 4260.0 w -441.613464
4260.0 4340.0 ic -819.340088
4340.0 4445.0 l -1144.634644
4445.0 4565.0 t -1675.186157
4565.0 4675.0 ssil -1502.893677
4675.0 4740.0 ssil -756.685242 OMDAT
4740.0 4870.0 oc -1697.538696
4870.0 4920.0 m -721.944946
4920.0 4940.0 d -304.776917
4940.0 5040.0 ac -1205.271118
5040.0 5055.0 t -231.645340
5055.0 5075.0 ssil -262.152893
5075.0 5090.0 ssil -217.112030 DIE
5090.0 5120.0 d -469.371521
5120.0 5210.0 i -977.910400
5210.0 5225.0 ssil -211.968704
5225.0 5240.0 ssil -218.524338 ZO
5240.0 5310.0 z -958.441711
5310.0 5325.0 o -204.687546
5325.0 5340.0 ssil -188.406433
5340.0 5355.0 ssil -192.850815 LEUK
5355.0 5465.0 l -1388.261963
5465.0 5640.0 eu -2292.013184
5640.0 5680.0 k -639.977356
5680.0 5695.0 ssil -222.047424
5695.0 5710.0 ssil -222.139908 STAAT
5710.0 5740.0 s -453.127777
5740.0 5820.0 t -1186.153076
5820.0 6000.0 a -2018.518921
6000.0 6065.0 t -920.331360
6065.0 6105.0 ssil -493.827026
6105.0 6125.0 ssil -263.825378 BIJ
6125.0 6145.0 b -281.893555
6145.0 6245.0 ei -975.305542
6245.0 6260.0 ssil -219.328217
6260.0 6275.0 ssil -212.486526 HET
6275.0 6290.0 h -210.681137
6290.0 6380.0 ec -1172.056396
6380.0 6470.0 t -1323.299683
6470.0 6485.0 ssil -206.759048
6485.0 6505.0 ssil -271.616577 GELE
6505.0 6550.0 x -717.287598
6550.0 6670.0 e -1430.609741
6670.0 6690.0 l -286.649475
6690.0 6875.0 @ -1906.337769
6875.0 6890.0 ssil -211.881226
6890.0 6905.0 ssil -208.533066 LAKEN
6905.0 6920.0 l -218.567154
6920.0 7110.0 a -2214.590820
7110.0 7195.0 k -1197.919556
7195.0 7295.0 @ -1320.728516
7295.0 7325.0 n -340.466644
7325.0 7570.0 ssil -3126.865234
.
