#!MLF!#
"/net/aistaff/aki/_same-utterance/wav/01/Limburg/11196-1465782862-2309511.rec"
0.0 25.0 ssil -272.951721 DE
25.0 45.0 d -279.838501
45.0 500.0 ssil -5124.710449
500.0 975.0 ssil -5795.025879 SPREI
975.0 990.0 z -234.948883
990.0 1075.0 p -1265.499146
1075.0 1300.0 r -3422.886963
1300.0 1315.0 ei -237.974762
1315.0 1335.0 ssil -340.099121
1335.0 1370.0 ssil -483.034851 DIE
1370.0 1390.0 d -264.014435
1390.0 1465.0 i -877.389526
1465.0 1490.0 ssil -309.409058
1490.0 1515.0 ssil -311.421509 JIJ
1515.0 1830.0 j -4133.826660
1830.0 2045.0 ei -2924.185303
2045.0 2150.0 ssil -1628.572388
2150.0 2195.0 ssil -685.269104 BRACHT
2195.0 2280.0 b -1053.443848
2280.0 2590.0 r -4395.091309
2590.0 2775.0 ac -2462.246582
2775.0 2790.0 x -237.365067
2790.0 2860.0 ssil -1093.130493
2860.0 2940.0 ssil -1100.014771 HEEFT
2940.0 3075.0 e -1828.841431
3075.0 3090.0 f -260.124481
3090.0 3245.0 t -2180.096191
3245.0 3830.0 ssil -7086.993652
3830.0 3850.0 ssil -307.451263 SUZAN
3850.0 3945.0 s -1309.631348
3945.0 4020.0 @ -997.414673
4020.0 4135.0 n -1801.952026
4135.0 4235.0 ssil -1445.641602
4235.0 4275.0 ssil -696.125671 ALTIJD
4275.0 4295.0 ac -309.061188
4295.0 4620.0 l -4772.644043
4620.0 4700.0 t -1209.878784
4700.0 4715.0 ei -256.048370
4715.0 4755.0 t -569.034180
4755.0 4770.0 ssil -235.910049
4770.0 4785.0 ssil -205.979156 AL
4785.0 5035.0 l -3337.128174
5035.0 5090.0 ssil -913.488037
5090.0 5125.0 ssil -678.797363 GEWILD
5125.0 5145.0 gc -307.057770
5145.0 5160.0 w -248.360275
5160.0 5175.0 ic -284.707336
5175.0 5420.0 l -3468.535156
5420.0 5535.0 ssil -1499.036499
5535.0 5910.0 ssil -4517.000000 OMDAT
5910.0 6050.0 oc -2091.575928
6050.0 6080.0 m -517.627808
6080.0 6115.0 d -545.770691
6115.0 6170.0 ac -825.711914
6170.0 6270.0 t -1317.760376
6270.0 6285.0 ssil -232.490463
6285.0 6300.0 ssil -226.118378 DIE
6300.0 6320.0 d -296.505157
6320.0 6355.0 i -483.635071
6355.0 6370.0 ssil -217.959930
6370.0 6385.0 ssil -198.080566 ZO
6385.0 6490.0 z -1251.816040
6490.0 6630.0 o -1801.578125
6630.0 6705.0 ssil -991.552612
6705.0 7245.0 ssil -6611.350098 LEUK
7245.0 7260.0 l -226.161469
7260.0 7360.0 eu -1217.632812
7360.0 7385.0 k -396.006012
7385.0 7400.0 ssil -242.356934
7400.0 7430.0 ssil -475.330933 STAAT
7430.0 7480.0 s -717.575378
7480.0 7680.0 t -2766.104004
7680.0 7845.0 a -2582.585938
7845.0 7965.0 t -1629.976318
7965.0 7985.0 ssil -282.668793
7985.0 8000.0 ssil -209.463791 BIJ
8000.0 8025.0 b -366.210236
8025.0 8210.0 ei -2317.760498
8210.0 8225.0 ssil -214.808670
8225.0 8240.0 ssil -229.937775 HET
8240.0 8255.0 h -211.862350
8255.0 8270.0 ec -229.721115
8270.0 8305.0 t -520.434692
8305.0 8320.0 ssil -205.997040
8320.0 8335.0 ssil -205.536682 GELE
8335.0 8350.0 gc -243.304932
8350.0 8495.0 e -2020.128540
8495.0 8525.0 l -472.581238
8525.0 8540.0 @ -190.947403
8540.0 8755.0 ssil -2596.206543
8755.0 8855.0 ssil -1391.767700 LAKEN
8855.0 8915.0 l -1042.651855
8915.0 9100.0 a -2525.004883
9100.0 9155.0 k -859.778381
9155.0 9325.0 @ -2229.696533
9325.0 9755.0 ssil -4992.828613
.
