#!MLF!#
"/net/aistaff/aki/_same-utterance/wav/01/Limburg/11326-1464177777-1910686.rec"
0.0 15.0 ssil -179.763046 DE
15.0 30.0 d -213.098984
30.0 305.0 @ -2879.261963
305.0 340.0 ssil -529.953491
340.0 670.0 ssil -4151.239258 SPREI
670.0 820.0 s -1815.719482
820.0 900.0 p -1130.956909
900.0 935.0 r -469.392273
935.0 1195.0 ei -2756.174805
1195.0 1210.0 ssil -253.701462
1210.0 1225.0 ssil -248.116638 DIE
1225.0 1245.0 d -289.273682
1245.0 1305.0 i -637.662903
1305.0 1320.0 ssil -200.110580
1320.0 1335.0 ssil -218.263351 JIJ
1335.0 1395.0 j -666.072815
1395.0 1510.0 ei -1317.914673
1510.0 1535.0 ssil -302.467712
1535.0 1560.0 ssil -334.289093 BRACHT
1560.0 1590.0 b -466.268524
1590.0 1650.0 r -861.275818
1650.0 1765.0 ac -1422.559448
1765.0 1895.0 x -1787.421875
1895.0 1925.0 t -447.027222
1925.0 1945.0 ssil -312.915253
1945.0 1960.0 ssil -230.231033 HEEFT
1960.0 2045.0 e -957.286560
2045.0 2060.0 f -225.962097
2060.0 2075.0 ssil -208.954514
2075.0 2090.0 ssil -202.026398 SUZAN
2090.0 2150.0 s -773.126160
2150.0 2225.0 y -902.800964
2225.0 2305.0 s -1175.829834
2305.0 2400.0 ac -1016.067932
2400.0 2430.0 n -348.587891
2430.0 2445.0 ssil -185.236465
2445.0 2460.0 ssil -208.509781 ALTIJD
2460.0 2550.0 ac -1121.290161
2550.0 2620.0 l -966.893433
2620.0 2680.0 t -783.493591
2680.0 2845.0 ei -1873.356201
2845.0 2860.0 t -230.029907
2860.0 2875.0 ssil -207.398468
2875.0 2890.0 ssil -200.524948 AL
2890.0 3010.0 l -1325.567261
3010.0 3025.0 ssil -192.700790
3025.0 3040.0 ssil -183.912445 GEWILD
3040.0 3085.0 gc -588.309448
3085.0 3215.0 w -1550.036743
3215.0 3275.0 ic -595.119202
3275.0 3385.0 l -1272.801880
3385.0 3525.0 t -1929.157715
3525.0 3560.0 ssil -618.115295
3560.0 3575.0 ssil -260.466522 OMDAT
3575.0 3625.0 oc -618.679565
3625.0 3710.0 m -979.372375
3710.0 3725.0 d -200.088867
3725.0 3770.0 ac -520.933655
3770.0 3785.0 t -242.387833
3785.0 3800.0 ssil -207.795517
3800.0 3815.0 ssil -220.732651 DIE
3815.0 3835.0 d -303.308228
3835.0 3905.0 i -891.306702
3905.0 3920.0 ssil -214.427444
3920.0 3935.0 ssil -237.261154 ZO
3935.0 3985.0 z -655.936401
3985.0 4090.0 o -1163.663940
4090.0 4105.0 ssil -207.228836
4105.0 4120.0 ssil -210.474365 LEUK
4120.0 4150.0 l -374.033752
4150.0 4270.0 eu -1323.413330
4270.0 4315.0 k -665.259644
4315.0 4330.0 ssil -210.628098
4330.0 4345.0 ssil -212.481262 STAAT
4345.0 4395.0 s -638.453186
4395.0 4465.0 t -965.643555
4465.0 4635.0 a -2023.802002
4635.0 4650.0 t -229.985397
4650.0 4665.0 ssil -192.535507
4665.0 4695.0 ssil -484.492981 BIJ
4695.0 4720.0 b -415.943787
4720.0 4870.0 ei -1700.618530
4870.0 4885.0 ssil -248.094666
4885.0 4900.0 ssil -236.764130 HET
4900.0 4915.0 h -204.569473
4915.0 4930.0 ec -216.621857
4930.0 4945.0 t -221.698471
4945.0 4970.0 ssil -358.280701
4970.0 5005.0 ssil -473.467590 GELE
5005.0 5055.0 gc -676.030212
5055.0 5295.0 e -2431.029785
5295.0 5310.0 l -180.134842
5310.0 5335.0 @ -254.312531
5335.0 5350.0 ssil -187.923294
5350.0 5365.0 ssil -206.167038 LAKEN
5365.0 5390.0 l -322.562592
5390.0 5540.0 a -1424.011353
5540.0 5695.0 k -2083.491699
5695.0 5740.0 @ -579.169067
5740.0 5800.0 n -723.546021
5800.0 6480.0 ssil -7874.438965
.
