#!MLF!#
"/net/aistaff/aki/_same-utterance/wav/01/Limburg/11440-1464718386-2176765.rec"
0.0 120.0 ssil -1292.997559 DE
120.0 140.0 d -299.997284
140.0 330.0 @ -2493.340820
330.0 345.0 ssil -192.163635
345.0 360.0 ssil -197.784897 SPREI
360.0 455.0 s -1287.322021
455.0 510.0 p -816.648193
510.0 610.0 r -1167.639038
610.0 715.0 ei -1195.026123
715.0 730.0 ssil -197.283218
730.0 745.0 ssil -186.682816 DIE
745.0 790.0 d -592.082642
790.0 875.0 i -1167.156372
875.0 960.0 ssil -1239.984375
960.0 990.0 ssil -468.553680 JIJ
990.0 1005.0 j -224.149979
1005.0 1085.0 ei -1021.735901
1085.0 1145.0 ssil -823.926392
1145.0 1215.0 ssil -1047.382812 BRACHT
1215.0 1295.0 b -1022.326477
1295.0 1320.0 r -325.882599
1320.0 1535.0 ac -2351.423828
1535.0 1610.0 x -959.752625
1610.0 1625.0 ssil -199.180923
1625.0 1640.0 ssil -218.669952 HEEFT
1640.0 1825.0 h -2122.061035
1825.0 1845.0 e -250.185425
1845.0 1865.0 f -323.690460
1865.0 2035.0 t -2418.837891
2035.0 2325.0 ssil -3472.474365
2325.0 2405.0 ssil -1033.750610 SUZAN
2405.0 2510.0 s -1448.830444
2510.0 2555.0 yc -545.604370
2555.0 2625.0 s -979.241089
2625.0 2745.0 ac -1265.082642
2745.0 2760.0 n -226.472107
2760.0 2775.0 ssil -217.085175
2775.0 2790.0 ssil -227.305542 ALTIJD
2790.0 2870.0 ac -1011.508728
2870.0 2950.0 l -876.612793
2950.0 2965.0 t -238.870331
2965.0 2990.0 ei -402.713623
2990.0 3015.0 t -361.769867
3015.0 3030.0 ssil -222.273926
3030.0 3045.0 ssil -192.036240 AL
3045.0 3220.0 l -2075.545898
3220.0 3235.0 ssil -217.810486
3235.0 3250.0 ssil -235.172577 GEWILD
3250.0 3275.0 gc -341.188293
3275.0 3290.0 @ -196.597305
3290.0 3405.0 w -1133.332397
3405.0 3420.0 ic -163.482697
3420.0 3610.0 l -1955.891113
3610.0 3650.0 ssil -575.111084
3650.0 3955.0 ssil -3789.662354 OMDAT
3955.0 3975.0 @ -264.663452
3975.0 4030.0 m -686.171265
4030.0 4050.0 d -291.258698
4050.0 4140.0 ac -1215.626343
4140.0 4155.0 t -223.353333
4155.0 4170.0 ssil -234.971817
4170.0 4185.0 ssil -225.886673 DIE
4185.0 4200.0 d -226.057709
4200.0 4215.0 i -216.610550
4215.0 4230.0 ssil -221.040726
4230.0 4245.0 ssil -222.160294 ZO
4245.0 4380.0 z -1628.457886
4380.0 4395.0 o -236.464676
4395.0 4410.0 ssil -209.517151
4410.0 4425.0 ssil -201.871048 LEUK
4425.0 4445.0 l -247.134872
4445.0 4625.0 eu -1964.637207
4625.0 4640.0 k -245.772217
4640.0 4655.0 ssil -215.098846
4655.0 4670.0 ssil -196.856705 STAAT
4670.0 4735.0 s -887.158997
4735.0 4800.0 t -950.016785
4800.0 4900.0 a -1106.739380
4900.0 4915.0 t -226.013107
4915.0 4935.0 ssil -238.852295
4935.0 4955.0 ssil -264.560577 BIJ
4955.0 5025.0 b -919.389160
5025.0 5040.0 ei -237.601761
5040.0 5055.0 ssil -215.992355
5055.0 5070.0 ssil -200.717010 HET
5070.0 5090.0 h -256.006927
5090.0 5145.0 ec -664.189331
5145.0 5205.0 t -871.033447
5205.0 5225.0 ssil -291.190796
5225.0 5240.0 ssil -212.813705 GELE
5240.0 5285.0 gc -670.149841
5285.0 5445.0 ic -1749.604980
5445.0 5470.0 l -323.771057
5470.0 5520.0 @ -637.534973
5520.0 5535.0 ssil -234.498123
5535.0 5550.0 ssil -207.788406 LAKEN
5550.0 5615.0 l -787.923584
5615.0 5850.0 ac -2810.004639
5850.0 5895.0 k -683.805542
5895.0 5950.0 @ -750.559265
5950.0 6245.0 ssil -3618.833008
.
