#!MLF!#
"/net/aistaff/aki/_same-utterance/wav/01/Limburg/12960-1464200364-1931576.rec"
0.0 130.0 ssil -1379.100098 DE
130.0 145.0 d -232.811752
145.0 405.0 ssil -3357.320068
405.0 530.0 ssil -1729.789185 SPREI
530.0 635.0 z -1270.635132
635.0 710.0 p -1138.763672
710.0 730.0 r -286.571686
730.0 895.0 ei -1932.698120
895.0 910.0 ssil -225.635681
910.0 925.0 ssil -218.586349 DIE
925.0 940.0 d -217.678894
940.0 975.0 i -383.218964
975.0 990.0 ssil -189.463913
990.0 1005.0 ssil -194.175705 JIJ
1005.0 1090.0 j -834.206970
1090.0 1110.0 ei -298.672455
1110.0 1125.0 ssil -219.880356
1125.0 1150.0 ssil -382.017365 BRACHT
1150.0 1190.0 b -624.407349
1190.0 1210.0 r -309.495575
1210.0 1355.0 ac -1859.643921
1355.0 1410.0 x -744.690125
1410.0 1510.0 t -1442.035400
1510.0 1535.0 ssil -351.742615
1535.0 1585.0 ssil -672.521912 HEEFT
1585.0 1655.0 h -842.652649
1655.0 1715.0 e -762.955200
1715.0 1730.0 f -229.180756
1730.0 1745.0 ssil -214.367249
1745.0 1760.0 ssil -215.212097 SUZAN
1760.0 1835.0 s -915.322388
1835.0 1885.0 y -614.506958
1885.0 1965.0 s -1128.569580
1965.0 2060.0 ac -1298.114380
2060.0 2100.0 n -508.235565
2100.0 2115.0 ssil -234.485855
2115.0 2130.0 ssil -260.951721 ALTIJD
2130.0 2220.0 ac -1147.161377
2220.0 2310.0 l -1407.649292
2310.0 2350.0 t -625.938599
2350.0 2415.0 ei -755.842346
2415.0 2430.0 t -262.199219
2430.0 2445.0 ssil -217.223907
2445.0 2460.0 ssil -216.923172 AL
2460.0 2580.0 l -1497.092896
2580.0 2595.0 ssil -222.023117
2595.0 2610.0 ssil -236.377228 GEWILD
2610.0 2625.0 gc -256.074524
2625.0 2710.0 @ -1027.057861
2710.0 2730.0 w -265.261017
2730.0 2750.0 ic -299.012268
2750.0 2870.0 l -1808.815430
2870.0 2975.0 t -1479.596069
2975.0 3245.0 ssil -3396.822021
3245.0 3305.0 ssil -906.476807 OMDAT
3305.0 3345.0 oc -535.438293
3345.0 3400.0 m -660.641296
3400.0 3425.0 d -366.324982
3425.0 3565.0 ac -1997.007202
3565.0 3610.0 t -618.591614
3610.0 3625.0 ssil -218.567596
3625.0 3640.0 ssil -227.727158 DIE
3640.0 3720.0 d -1130.333008
3720.0 3780.0 i -695.738342
3780.0 3795.0 ssil -210.559174
3795.0 3810.0 ssil -212.468491 ZO
3810.0 3865.0 z -684.922302
3865.0 3885.0 o -316.243103
3885.0 3900.0 ssil -239.854248
3900.0 3915.0 ssil -225.019897 LEUK
3915.0 3975.0 l -828.958313
3975.0 4125.0 eu -1858.700195
4125.0 4160.0 k -505.510437
4160.0 4175.0 ssil -232.307877
4175.0 4195.0 ssil -297.403900 STAAT
4195.0 4245.0 s -677.522888
4245.0 4290.0 t -630.308716
4290.0 4440.0 a -1696.031128
4440.0 4460.0 t -277.458832
4460.0 4480.0 ssil -256.235077
4480.0 4495.0 ssil -194.094818 BIJ
4495.0 4515.0 b -269.977142
4515.0 4645.0 ei -1269.876709
4645.0 4660.0 ssil -208.576935
4660.0 4675.0 ssil -208.885239 HET
4675.0 4690.0 h -197.497437
4690.0 4715.0 ec -340.823456
4715.0 4770.0 t -853.910339
4770.0 4785.0 ssil -240.945557
4785.0 4805.0 ssil -265.897888 GELE
4805.0 4835.0 x -475.476379
4835.0 4940.0 ic -1280.383667
4940.0 4960.0 l -284.916840
4960.0 5065.0 @ -1156.346558
5065.0 5080.0 ssil -187.219742
5080.0 5095.0 ssil -212.121048 LAKEN
5095.0 5120.0 l -351.696564
5120.0 5280.0 a -2287.165039
5280.0 5340.0 k -944.187195
5340.0 5355.0 @ -221.344559
5355.0 5560.0 n -2480.365967
5560.0 5850.0 ssil -3687.822510
.
