#!MLF!#
"/net/aistaff/aki/_same-utterance/wav/01/Limburg/13066-1464202186-1930817.rec"
0.0 325.0 ssil -2849.078613 DE
325.0 340.0 d -219.683807
340.0 450.0 ssil -1427.106445
450.0 485.0 ssil -465.047760 SPREI
485.0 600.0 s -1469.048950
600.0 680.0 p -1020.913330
680.0 740.0 r -923.995667
740.0 900.0 ei -1914.210693
900.0 915.0 ssil -241.561890
915.0 930.0 ssil -223.729935 DIE
930.0 960.0 d -418.993134
960.0 1035.0 i -890.908142
1035.0 1050.0 ssil -198.442078
1050.0 1065.0 ssil -195.334473 JIJ
1065.0 1100.0 j -387.381683
1100.0 1200.0 ei -1053.929199
1200.0 1225.0 ssil -423.250916
1225.0 1260.0 ssil -473.074127 BRACHT
1260.0 1300.0 b -568.043823
1300.0 1385.0 r -1283.808838
1385.0 1495.0 ac -1382.359009
1495.0 1570.0 x -1046.758545
1570.0 1645.0 t -1041.047485
1645.0 1660.0 ssil -203.752060
1660.0 1675.0 ssil -208.662567 HEEFT
1675.0 1705.0 h -399.191345
1705.0 1770.0 e -789.955383
1770.0 1795.0 f -302.322815
1795.0 1815.0 ssil -240.693039
1815.0 1830.0 ssil -199.012558 SUZAN
1830.0 1930.0 s -1241.346924
1930.0 2015.0 y -985.298645
2015.0 2030.0 s -255.165161
2030.0 2135.0 ac -1288.760010
2135.0 2200.0 n -958.956665
2200.0 2240.0 ssil -542.943726
2240.0 2265.0 ssil -388.665863 ALTIJD
2265.0 2375.0 ac -1401.173462
2375.0 2390.0 l -226.947311
2390.0 2480.0 t -1252.432129
2480.0 2495.0 ei -254.688141
2495.0 2510.0 t -287.794342
2510.0 2535.0 ssil -415.101898
2535.0 2550.0 ssil -231.639420 AL
2550.0 2655.0 ac -1213.271362
2655.0 2700.0 l -595.119202
2700.0 2715.0 ssil -216.255280
2715.0 2730.0 ssil -240.879913 GEWILD
2730.0 2810.0 gc -1045.033936
2810.0 2900.0 w -1108.915771
2900.0 2945.0 ic -541.864075
2945.0 3070.0 l -1367.905640
3070.0 3175.0 t -1475.332153
3175.0 3200.0 ssil -407.429413
3200.0 3250.0 ssil -718.220642 OMDAT
3250.0 3345.0 oc -1449.618408
3345.0 3390.0 m -563.015991
3390.0 3405.0 d -234.855011
3405.0 3480.0 ac -903.034119
3480.0 3555.0 t -1144.268188
3555.0 3570.0 ssil -224.478302
3570.0 3585.0 ssil -193.114883 DIE
3585.0 3600.0 d -216.033310
3600.0 3625.0 i -300.362640
3625.0 3640.0 ssil -214.973846
3640.0 3655.0 ssil -214.867645 ZO
3655.0 3710.0 z -715.660889
3710.0 3795.0 o -1084.736084
3795.0 3810.0 ssil -214.258514
3810.0 3825.0 ssil -193.135162 LEUK
3825.0 3850.0 l -318.694733
3850.0 3980.0 eu -1399.949585
3980.0 4000.0 k -279.854156
4000.0 4015.0 ssil -213.855209
4015.0 4030.0 ssil -208.230118 STAAT
4030.0 4070.0 s -476.360321
4070.0 4140.0 t -975.486755
4140.0 4190.0 a -623.536804
4190.0 4240.0 t -642.448059
4240.0 4295.0 ssil -585.146606
4295.0 4315.0 ssil -250.804550 BIJ
4315.0 4345.0 b -480.228668
4345.0 4360.0 ei -231.892593
4360.0 4375.0 ssil -184.789062
4375.0 4390.0 ssil -169.992767 HET
4390.0 4410.0 h -208.549011
4410.0 4480.0 ec -808.794739
4480.0 4565.0 t -1150.009521
4565.0 4580.0 ssil -208.015625
4580.0 4595.0 ssil -210.243164 GELE
4595.0 4630.0 gc -500.662323
4630.0 4755.0 ic -1374.000244
4755.0 4770.0 l -220.086563
4770.0 4800.0 @ -379.949371
4800.0 4815.0 ssil -200.325882
4815.0 4830.0 ssil -208.316711 LAKEN
4830.0 4950.0 l -1362.163452
4950.0 5090.0 a -1908.870605
5090.0 5215.0 k -1775.528320
5215.0 5285.0 @ -925.509277
5285.0 5645.0 ssil -4461.109863
.
