#!MLF!#
"/net/aistaff/aki/_same-utterance/wav/01/Limburg/13627-1464338414-2012492.rec"
0.0 30.0 ssil -341.687317 DE
30.0 50.0 d -286.992523
50.0 695.0 ssil -8590.103516
695.0 1160.0 ssil -5794.471191 SPREI
1160.0 1345.0 z -2397.774902
1345.0 1370.0 p -390.913635
1370.0 1420.0 r -766.359375
1420.0 1745.0 ei -3923.806641
1745.0 1760.0 ssil -194.443451
1760.0 1775.0 ssil -220.837921 DIE
1775.0 1790.0 d -230.415588
1790.0 1870.0 i -795.068970
1870.0 1885.0 ssil -212.285782
1885.0 1900.0 ssil -224.002289 JIJ
1900.0 2045.0 j -1705.421021
2045.0 2080.0 ei -424.933258
2080.0 2105.0 ssil -324.605103
2105.0 2120.0 ssil -226.654221 BRACHT
2120.0 2150.0 b -442.412933
2150.0 2175.0 r -330.906433
2175.0 2315.0 ac -1540.290405
2315.0 2450.0 x -1829.773926
2450.0 2505.0 t -775.928528
2505.0 2520.0 ssil -218.826035
2520.0 2535.0 ssil -214.478165 HEEFT
2535.0 2615.0 e -982.635620
2615.0 2630.0 f -232.310333
2630.0 2645.0 ssil -209.386307
2645.0 2660.0 ssil -201.440781 SUZAN
2660.0 2740.0 z -1016.148376
2740.0 2825.0 y -1008.017029
2825.0 2880.0 s -775.875000
2880.0 3115.0 ac -2993.338867
3115.0 3135.0 n -262.375183
3135.0 3150.0 ssil -215.318924
3150.0 3170.0 ssil -332.491699 ALTIJD
3170.0 3280.0 ac -1460.297485
3280.0 3320.0 l -568.892334
3320.0 3390.0 t -1052.330322
3390.0 3440.0 ei -633.317444
3440.0 3455.0 t -229.766571
3455.0 3490.0 ssil -459.449890
3490.0 3505.0 ssil -233.494324 AL
3505.0 3620.0 ac -1376.135742
3620.0 3695.0 l -917.892517
3695.0 3710.0 ssil -198.460480
3710.0 3725.0 ssil -179.260483 GEWILD
3725.0 3740.0 gc -196.773270
3740.0 3770.0 @ -347.995178
3770.0 3845.0 w -776.434082
3845.0 3900.0 ic -603.441345
3900.0 4100.0 l -2311.340088
4100.0 4250.0 t -1974.228760
4250.0 4455.0 ssil -2402.439209
4455.0 4505.0 ssil -575.508728 OMDAT
4505.0 4580.0 oc -1060.849243
4580.0 4635.0 m -701.399841
4635.0 4655.0 d -282.579559
4655.0 4715.0 ac -842.057312
4715.0 4730.0 t -232.953156
4730.0 4745.0 ssil -207.637817
4745.0 4765.0 ssil -280.759583 DIE
4765.0 4785.0 d -283.717743
4785.0 4800.0 i -231.124634
4800.0 4815.0 ssil -204.620148
4815.0 4830.0 ssil -195.692337 ZO
4830.0 4950.0 z -1372.097046
4950.0 4985.0 o -481.408417
4985.0 5000.0 ssil -223.521011
5000.0 5015.0 ssil -226.515564 LEUK
5015.0 5050.0 l -492.754883
5050.0 5200.0 eu -1816.985474
5200.0 5215.0 k -240.795044
5215.0 5230.0 ssil -195.562500
5230.0 5245.0 ssil -199.944687 STAAT
5245.0 5295.0 s -686.332336
5295.0 5365.0 t -985.092834
5365.0 5595.0 a -2877.789795
5595.0 5620.0 t -395.272095
5620.0 5665.0 ssil -655.954346
5665.0 5855.0 ssil -2369.524658 BIJ
5855.0 5910.0 b -739.710571
5910.0 6005.0 ei -949.702332
6005.0 6020.0 ssil -198.932480
6020.0 6035.0 ssil -191.365204 HET
6035.0 6050.0 h -168.480698
6050.0 6070.0 ec -281.390839
6070.0 6120.0 t -683.709290
6120.0 6135.0 ssil -202.021103
6135.0 6150.0 ssil -205.358292 GELE
6150.0 6195.0 gc -635.794800
6195.0 6320.0 ic -1440.975952
6320.0 6380.0 l -722.476990
6380.0 6440.0 @ -668.706299
6440.0 6455.0 ssil -216.282578
6455.0 6470.0 ssil -201.557770 LAKEN
6470.0 6545.0 l -933.578918
6545.0 6760.0 a -2636.359863
6760.0 6810.0 k -686.994080
6810.0 6915.0 @ -1274.174194
6915.0 6960.0 n -483.161865
6960.0 7175.0 ssil -2521.433350
.
