#!MLF!#
"/net/aistaff/aki/_same-utterance/wav/01/Limburg/14759-1464463016-2104106.rec"
0.0 110.0 ssil -1071.844727 DE
110.0 125.0 d -223.445557
125.0 155.0 ssil -466.872345
155.0 500.0 ssil -4322.417480 SPREI
500.0 615.0 s -1659.370239
615.0 765.0 p -2269.489502
765.0 780.0 r -215.539017
780.0 885.0 ei -1179.063843
885.0 900.0 ssil -220.156616
900.0 915.0 ssil -228.516998 DIE
915.0 935.0 d -273.386536
935.0 1015.0 i -829.773560
1015.0 1030.0 ssil -204.889221
1030.0 1045.0 ssil -204.651169 JIJ
1045.0 1115.0 j -778.960327
1115.0 1150.0 ei -425.804871
1150.0 1165.0 ssil -224.291428
1165.0 1190.0 ssil -321.363678 BRACHT
1190.0 1275.0 b -1130.017212
1275.0 1335.0 r -855.996948
1335.0 1490.0 ac -1752.914917
1490.0 1515.0 x -373.678314
1515.0 1640.0 ssil -1722.771851
1640.0 1680.0 ssil -541.315857 HEEFT
1680.0 1700.0 h -268.849731
1700.0 1770.0 e -859.307617
1770.0 1785.0 f -224.039246
1785.0 1800.0 ssil -224.619095
1800.0 1815.0 ssil -228.380676 SUZAN
1815.0 1900.0 s -1184.411621
1900.0 2010.0 y -1472.449707
2010.0 2055.0 s -666.932190
2055.0 2160.0 ac -1287.137573
2160.0 2240.0 n -1030.237427
2240.0 2255.0 ssil -291.444519
2255.0 2295.0 ssil -598.410950 ALTIJD
2295.0 2405.0 ac -1314.056274
2405.0 2445.0 l -573.378784
2445.0 2535.0 t -1238.787354
2535.0 2675.0 ei -1687.900269
2675.0 2715.0 t -548.831116
2715.0 2730.0 ssil -212.644119
2730.0 2745.0 ssil -210.257263 AL
2745.0 2785.0 ac -464.841309
2785.0 2870.0 l -911.573792
2870.0 2885.0 ssil -204.710373
2885.0 2900.0 ssil -200.043503 GEWILD
2900.0 2955.0 x -711.267212
2955.0 3085.0 w -1491.913330
3085.0 3115.0 ic -353.316345
3115.0 3275.0 l -1924.691406
3275.0 3370.0 t -1285.808228
3370.0 3395.0 ssil -347.911804
3395.0 3470.0 ssil -979.991272 OMDAT
3470.0 3515.0 oc -588.123474
3515.0 3575.0 m -672.176392
3575.0 3590.0 d -216.350876
3590.0 3650.0 ac -830.981750
3650.0 3665.0 t -242.082581
3665.0 3680.0 ssil -197.192856
3680.0 3710.0 ssil -419.371704 DIE
3710.0 3740.0 d -447.703583
3740.0 3815.0 i -942.971436
3815.0 3830.0 ssil -250.280609
3830.0 3845.0 ssil -239.082611 ZO
3845.0 3930.0 z -1049.931274
3930.0 3945.0 o -203.434937
3945.0 3960.0 ssil -215.428970
3960.0 3975.0 ssil -210.417313 LEUK
3975.0 4040.0 l -833.864075
4040.0 4140.0 eu -1236.031006
4140.0 4155.0 k -265.512817
4155.0 4170.0 ssil -225.959274
4170.0 4185.0 ssil -235.406525 STAAT
4185.0 4340.0 s -2004.385498
4340.0 4385.0 t -603.284058
4385.0 4585.0 a -2262.675049
4585.0 4630.0 t -622.375305
4630.0 4675.0 ssil -589.091858
4675.0 4690.0 ssil -206.663071 BIJ
4690.0 4720.0 b -524.018494
4720.0 4835.0 ei -1202.297119
4835.0 4850.0 ssil -206.748642
4850.0 4865.0 ssil -205.442383 HET
4865.0 4880.0 h -217.139435
4880.0 4895.0 ec -228.307022
4895.0 4915.0 t -298.648529
4915.0 4930.0 ssil -245.358276
4930.0 4955.0 ssil -396.019348 GELE
4955.0 5050.0 gc -1241.025269
5050.0 5190.0 ic -1587.258545
5190.0 5220.0 l -403.705383
5220.0 5265.0 @ -473.311768
5265.0 5280.0 ssil -193.619888
5280.0 5295.0 ssil -190.918030 LAKEN
5295.0 5395.0 l -1066.774658
5395.0 5605.0 a -2293.654297
5605.0 5700.0 k -1312.002930
5700.0 5770.0 @ -892.973511
5770.0 5865.0 n -1312.862793
5865.0 5920.0 ssil -705.098633
.
