#!MLF!#
"/net/aistaff/aki/_same-utterance/wav/01/Limburg/1499-1449157564-75924.rec"
0.0 315.0 ssil -3265.348145 DE
315.0 335.0 d -303.275330
335.0 570.0 ssil -3098.623291
570.0 610.0 ssil -612.023376 SPREI
610.0 720.0 s -1595.237061
720.0 825.0 p -1365.754761
825.0 855.0 r -386.899872
855.0 1115.0 ei -3032.917480
1115.0 1130.0 ssil -204.002823
1130.0 1145.0 ssil -224.378159 DIE
1145.0 1160.0 d -233.815872
1160.0 1260.0 i -1119.112427
1260.0 1275.0 ssil -217.519928
1275.0 1290.0 ssil -198.530487 JIJ
1290.0 1305.0 j -206.907700
1305.0 1455.0 ei -1971.081421
1455.0 1470.0 ssil -214.227570
1470.0 1485.0 ssil -202.909714 BRACHT
1485.0 1530.0 b -639.736633
1530.0 1570.0 r -632.908142
1570.0 1835.0 ac -3103.300781
1835.0 1960.0 x -1735.331543
1960.0 2010.0 t -691.548645
2010.0 2030.0 ssil -300.369110
2030.0 2050.0 ssil -299.034729 HEEFT
2050.0 2070.0 h -286.825439
2070.0 2150.0 e -917.508240
2150.0 2170.0 f -290.074982
2170.0 2185.0 ssil -207.595245
2185.0 2200.0 ssil -205.203522 SUZAN
2200.0 2300.0 s -1255.540283
2300.0 2360.0 y -789.535034
2360.0 2480.0 s -1636.193970
2480.0 2620.0 ac -1709.681396
2620.0 2700.0 n -1037.123779
2700.0 2730.0 ssil -409.244171
2730.0 2760.0 ssil -562.704712 ALTIJD
2760.0 2895.0 ac -1749.183228
2895.0 2940.0 l -656.980957
2940.0 2990.0 t -769.629822
2990.0 3075.0 ei -1089.553223
3075.0 3090.0 t -255.926697
3090.0 3105.0 ssil -227.816986
3105.0 3120.0 ssil -214.683975 AL
3120.0 3245.0 ac -1468.148438
3245.0 3300.0 l -697.630249
3300.0 3315.0 ssil -193.066650
3315.0 3330.0 ssil -197.117905 GEWILD
3330.0 3345.0 gc -216.589813
3345.0 3435.0 @ -1021.093323
3435.0 3470.0 w -421.235291
3470.0 3540.0 ic -714.337097
3540.0 3710.0 l -2068.072021
3710.0 3795.0 ssil -1161.278564
3795.0 4180.0 ssil -4712.634766 OMDAT
4180.0 4215.0 @ -446.622131
4215.0 4300.0 m -1088.658569
4300.0 4320.0 d -343.593811
4320.0 4375.0 ac -721.989258
4375.0 4395.0 t -325.237366
4395.0 4425.0 ssil -482.230682
4425.0 4465.0 ssil -591.177124 DIE
4465.0 4490.0 d -375.880035
4490.0 4575.0 i -1094.505371
4575.0 4590.0 ssil -246.863770
4590.0 4605.0 ssil -246.077286 ZO
4605.0 4690.0 z -1160.721313
4690.0 4705.0 o -217.889648
4705.0 4720.0 ssil -214.423370
4720.0 4735.0 ssil -222.917328 LEUK
4735.0 4800.0 l -796.621460
4800.0 4935.0 eu -1598.586060
4935.0 4975.0 k -578.802063
4975.0 4990.0 ssil -215.972427
4990.0 5010.0 ssil -311.149963 STAAT
5010.0 5110.0 s -1428.766724
5110.0 5140.0 t -433.204468
5140.0 5330.0 a -2188.990234
5330.0 5345.0 t -236.033157
5345.0 5365.0 ssil -265.991150
5365.0 5395.0 ssil -383.155518 BIJ
5395.0 5465.0 b -946.373840
5465.0 5645.0 ei -2191.201172
5645.0 5660.0 ssil -209.580597
5660.0 5680.0 ssil -281.208984 HET
5680.0 5695.0 h -234.363724
5695.0 5710.0 ec -268.484406
5710.0 5740.0 t -422.828888
5740.0 5755.0 ssil -233.093994
5755.0 5770.0 ssil -202.627762 GELE
5770.0 5795.0 x -348.920685
5795.0 5945.0 ic -1892.872925
5945.0 6005.0 l -699.312744
6005.0 6040.0 @ -428.281982
6040.0 6055.0 ssil -198.600342
6055.0 6070.0 ssil -209.496155 LAKEN
6070.0 6160.0 l -1032.539185
6160.0 6455.0 a -3281.434814
6455.0 6505.0 k -767.698303
6505.0 6605.0 @ -1441.572632
6605.0 6665.0 n -830.467285
6665.0 6825.0 ssil -1890.354248
.
