#!MLF!#
"/net/aistaff/aki/_same-utterance/wav/01/Limburg/15101-1464939250-2216814.rec"
0.0 20.0 ssil -206.272781 DE
20.0 55.0 d -511.547516
55.0 610.0 ssil -6654.751953
610.0 800.0 ssil -2401.689209 SPREI
800.0 880.0 s -1002.219116
880.0 935.0 p -745.601746
935.0 995.0 r -877.437439
995.0 1135.0 ei -1608.449463
1135.0 1150.0 ssil -199.373520
1150.0 1165.0 ssil -195.940186 DIE
1165.0 1180.0 d -196.169922
1180.0 1315.0 i -1422.381226
1315.0 1330.0 ssil -220.157578
1330.0 1345.0 ssil -222.327896 JIJ
1345.0 1380.0 j -407.148193
1380.0 1545.0 ei -1776.573486
1545.0 1825.0 ssil -3399.516357
1825.0 1865.0 ssil -471.050171 BRACHT
1865.0 1965.0 b -1221.413940
1965.0 2005.0 r -595.011108
2005.0 2195.0 ac -2295.835938
2195.0 2210.0 x -199.698212
2210.0 2505.0 ssil -3445.638916
2505.0 2605.0 ssil -1321.455688 HEEFT
2605.0 2695.0 e -1045.812744
2695.0 2710.0 f -234.991074
2710.0 2725.0 ssil -193.708435
2725.0 2740.0 ssil -182.970612 SUZAN
2740.0 2805.0 z -768.569946
2805.0 2870.0 yc -728.976624
2870.0 2920.0 s -700.871338
2920.0 3075.0 ac -1882.460693
3075.0 3090.0 n -196.286743
3090.0 3115.0 ssil -338.828705
3115.0 3130.0 ssil -253.231873 ALTIJD
3130.0 3150.0 ac -282.887024
3150.0 3280.0 l -1612.557983
3280.0 3310.0 t -498.763062
3310.0 3385.0 ei -873.701477
3385.0 3400.0 t -225.177277
3400.0 3425.0 ssil -354.612732
3425.0 3440.0 ssil -213.276794 AL
3440.0 3455.0 l -236.113525
3455.0 3485.0 ssil -374.956543
3485.0 3510.0 ssil -368.483337 GEWILD
3510.0 3555.0 gc -641.394592
3555.0 3610.0 @ -713.556213
3610.0 3695.0 w -1061.530762
3695.0 3710.0 ic -242.801590
3710.0 3845.0 l -1618.661621
3845.0 3880.0 ssil -490.061096
3880.0 4285.0 ssil -4814.500000 OMDAT
4285.0 4300.0 m -220.886688
4300.0 4320.0 d -260.736267
4320.0 4365.0 ac -537.676941
4365.0 4380.0 t -213.085709
4380.0 4445.0 ssil -763.507141
4445.0 4465.0 ssil -258.830933 DIE
4465.0 4480.0 d -200.622177
4480.0 4495.0 i -192.308914
4495.0 4510.0 ssil -184.413086
4510.0 4525.0 ssil -180.851715 ZO
4525.0 4620.0 z -1116.875366
4620.0 4635.0 o -222.979706
4635.0 4650.0 ssil -193.225769
4650.0 4665.0 ssil -179.105103 LEUK
4665.0 4735.0 l -853.258301
4735.0 4855.0 eu -1514.588135
4855.0 4870.0 k -219.486649
4870.0 4885.0 ssil -198.990250
4885.0 4900.0 ssil -188.709503 STAAT
4900.0 4940.0 s -524.342285
4940.0 4980.0 t -595.267761
4980.0 5110.0 a -1577.959106
5110.0 5125.0 t -229.143768
5125.0 5215.0 ssil -1171.327637
5215.0 5235.0 ssil -256.603180 BIJ
5235.0 5310.0 b -904.828796
5310.0 5435.0 ei -1287.450806
5435.0 5450.0 ssil -202.059448
5450.0 5490.0 ssil -545.803406 HET
5490.0 5505.0 h -236.082901
5505.0 5520.0 ec -246.634628
5520.0 5535.0 t -229.783951
5535.0 5550.0 ssil -208.083405
5550.0 5570.0 ssil -271.832886 GELE
5570.0 5595.0 gc -390.428070
5595.0 5700.0 ic -1250.098999
5700.0 5765.0 l -790.845581
5765.0 5780.0 @ -190.074631
5780.0 5795.0 ssil -197.791229
5795.0 5810.0 ssil -203.683548 LAKEN
5810.0 5885.0 l -926.248596
5885.0 6115.0 a -2702.701416
6115.0 6150.0 k -471.181458
6150.0 6230.0 @ -909.284424
6230.0 6595.0 ssil -4287.989746
.
