#!MLF!#
"/net/aistaff/aki/_same-utterance/wav/01/Limburg/15579-1465156083-2243591.rec"
0.0 130.0 ssil -1425.645874 DE
130.0 145.0 d -238.708710
145.0 490.0 ssil -4198.171875
490.0 525.0 ssil -465.388611 SPREI
525.0 655.0 s -1690.186035
655.0 685.0 p -491.200989
685.0 720.0 r -499.701233
720.0 800.0 ei -897.515259
800.0 815.0 ssil -221.905807
815.0 830.0 ssil -219.613205 DIE
830.0 845.0 d -226.727890
845.0 860.0 i -203.692612
860.0 875.0 ssil -204.514862
875.0 890.0 ssil -191.116943 JIJ
890.0 1025.0 j -1392.762329
1025.0 1100.0 ei -819.918030
1100.0 1135.0 ssil -423.764465
1135.0 1150.0 ssil -194.205261 BRACHT
1150.0 1170.0 b -273.215424
1170.0 1185.0 r -220.360458
1185.0 1335.0 ac -1861.011230
1335.0 1420.0 x -1151.955078
1420.0 1470.0 t -620.252930
1470.0 1485.0 ssil -202.237900
1485.0 1510.0 ssil -339.204193 HEEFT
1510.0 1600.0 e -1039.953369
1600.0 1705.0 f -1306.589478
1705.0 1720.0 ssil -190.331558
1720.0 1740.0 ssil -244.042648 SUZAN
1740.0 1795.0 s -690.641235
1795.0 1885.0 ac -1012.873413
1885.0 1930.0 n -511.309143
1930.0 1945.0 ssil -216.029251
1945.0 1960.0 ssil -229.258408 ALTIJD
1960.0 2040.0 ac -995.515076
2040.0 2155.0 l -1557.718994
2155.0 2170.0 t -206.612991
2170.0 2185.0 ei -242.841736
2185.0 2200.0 t -207.560608
2200.0 2220.0 ssil -256.723694
2220.0 2245.0 ssil -349.202911 AL
2245.0 2375.0 l -1584.517090
2375.0 2390.0 ssil -208.241226
2390.0 2415.0 ssil -349.560699 GEWILD
2415.0 2470.0 gc -724.743652
2470.0 2515.0 @ -522.174622
2515.0 2550.0 w -361.664368
2550.0 2590.0 ic -412.092957
2590.0 2750.0 l -1996.413330
2750.0 2920.0 t -2288.239746
2920.0 2940.0 ssil -273.670471
2940.0 2985.0 ssil -580.896545 OMDAT
2985.0 3005.0 oc -300.842743
3005.0 3085.0 m -976.013794
3085.0 3100.0 d -231.368896
3100.0 3180.0 ac -1006.051514
3180.0 3195.0 t -208.187439
3195.0 3210.0 ssil -201.659149
3210.0 3225.0 ssil -192.502686 DIE
3225.0 3240.0 d -198.212341
3240.0 3260.0 i -244.761688
3260.0 3275.0 ssil -198.370483
3275.0 3290.0 ssil -196.190720 ZO
3290.0 3370.0 z -960.509399
3370.0 3385.0 o -201.558716
3385.0 3400.0 ssil -185.790207
3400.0 3415.0 ssil -193.535339 LEUK
3415.0 3465.0 l -667.939087
3465.0 3550.0 eu -1038.111938
3550.0 3565.0 k -266.245483
3565.0 3580.0 ssil -262.027771
3580.0 3595.0 ssil -223.588440 STAAT
3595.0 3675.0 s -1009.574036
3675.0 3710.0 t -536.723877
3710.0 3820.0 a -1294.953613
3820.0 3835.0 t -246.165527
3835.0 3870.0 ssil -463.345886
3870.0 3885.0 ssil -203.524780 BIJ
3885.0 3925.0 b -550.115234
3925.0 4015.0 ei -977.105042
4015.0 4030.0 ssil -216.086197
4030.0 4045.0 ssil -227.386322 HET
4045.0 4060.0 h -246.161011
4060.0 4080.0 ec -342.026764
4080.0 4095.0 t -236.638123
4095.0 4135.0 ssil -533.062378
4135.0 4160.0 ssil -303.037170 GELE
4160.0 4195.0 x -451.964874
4195.0 4280.0 ic -974.299683
4280.0 4295.0 l -201.288620
4295.0 4350.0 @ -545.963989
4350.0 4365.0 ssil -203.669922
4365.0 4380.0 ssil -193.964569 LAKEN
4380.0 4450.0 l -851.598511
4450.0 4650.0 a -2354.135010
4650.0 4685.0 k -510.141663
4685.0 4750.0 @ -739.691650
4750.0 4860.0 n -1318.065063
4860.0 5040.0 ssil -2226.468018
.
