#!MLF!#
"/net/aistaff/aki/_same-utterance/wav/01/Limburg/15955-1464367953-2051081.rec"
0.0 15.0 ssil -150.378830 DE
15.0 30.0 d -166.986008
30.0 570.0 @ -4805.687988
570.0 595.0 ssil -332.476379
595.0 730.0 ssil -1814.803955 SPREI
730.0 840.0 s -1472.805420
840.0 915.0 p -1057.533569
915.0 950.0 r -511.475006
950.0 1160.0 ei -2420.026367
1160.0 1175.0 ssil -242.886200
1175.0 1190.0 ssil -225.160706 DIE
1190.0 1210.0 d -304.509674
1210.0 1225.0 i -232.399918
1225.0 1240.0 ssil -214.218536
1240.0 1255.0 ssil -214.977783 JIJ
1255.0 1395.0 j -1662.405273
1395.0 1490.0 ei -1019.424011
1490.0 1505.0 ssil -209.627167
1505.0 1520.0 ssil -184.552414 BRACHT
1520.0 1590.0 b -879.429443
1590.0 1665.0 r -1045.477539
1665.0 1770.0 ac -1270.208740
1770.0 1895.0 x -1661.264160
1895.0 1930.0 t -464.598572
1930.0 2075.0 ssil -1745.368652
2075.0 2145.0 ssil -957.214111 HEEFT
2145.0 2160.0 h -180.903824
2160.0 2270.0 e -1338.410278
2270.0 2295.0 f -365.907715
2295.0 2320.0 ssil -367.422455
2320.0 2335.0 ssil -236.242966 SUZAN
2335.0 2395.0 z -801.367065
2395.0 2445.0 y -628.955933
2445.0 2520.0 s -1025.235840
2520.0 2670.0 ac -2057.759277
2670.0 2685.0 n -217.194672
2685.0 2735.0 ssil -756.145203
2735.0 2805.0 ssil -1042.899658 ALTIJD
2805.0 2870.0 ac -820.133545
2870.0 2960.0 l -1270.937500
2960.0 3015.0 t -839.842407
3015.0 3035.0 ei -342.893463
3035.0 3105.0 t -1040.033447
3105.0 3120.0 ssil -273.886322
3120.0 3135.0 ssil -254.957733 AL
3135.0 3240.0 ac -1301.213135
3240.0 3280.0 l -506.705414
3280.0 3295.0 ssil -220.871872
3295.0 3310.0 ssil -219.760498 GEWILD
3310.0 3370.0 gc -950.353699
3370.0 3430.0 @ -761.616882
3430.0 3480.0 w -617.617004
3480.0 3580.0 ic -1141.827148
3580.0 3705.0 l -1564.630249
3705.0 3820.0 t -1521.839966
3820.0 4165.0 ssil -4195.931152
4165.0 4225.0 ssil -819.553040 OMDAT
4225.0 4300.0 @ -985.487427
4300.0 4315.0 m -261.762360
4315.0 4335.0 d -321.848999
4335.0 4400.0 ac -871.635498
4400.0 4415.0 t -243.878067
4415.0 4430.0 ssil -232.612854
4430.0 4445.0 ssil -238.839752 DIE
4445.0 4460.0 d -233.413452
4460.0 4495.0 i -463.982452
4495.0 4510.0 ssil -207.806229
4510.0 4525.0 ssil -217.688568 ZO
4525.0 4605.0 z -1024.680908
4605.0 4620.0 o -202.948318
4620.0 4635.0 ssil -200.961823
4635.0 4650.0 ssil -210.974045 LEUK
4650.0 4715.0 l -802.549500
4715.0 4830.0 eu -1353.869995
4830.0 4845.0 k -243.831802
4845.0 4870.0 ssil -406.972382
4870.0 4885.0 ssil -239.305786 STAAT
4885.0 4975.0 s -1239.323120
4975.0 5020.0 t -667.358948
5020.0 5250.0 a -2797.221191
5250.0 5275.0 t -341.600311
5275.0 5405.0 ssil -1824.148560
5405.0 5465.0 ssil -759.935913 BIJ
5465.0 5510.0 b -622.032593
5510.0 5695.0 ei -2468.918457
5695.0 5710.0 ssil -210.084961
5710.0 5725.0 ssil -234.287125 HET
5725.0 5740.0 h -226.239716
5740.0 5755.0 ec -228.047195
5755.0 5770.0 t -210.951813
5770.0 5785.0 ssil -203.227921
5785.0 5800.0 ssil -193.122421 GELE
5800.0 5845.0 x -647.092407
5845.0 5995.0 e -1544.108032
5995.0 6050.0 l -712.399353
6050.0 6090.0 @ -461.761902
6090.0 6105.0 ssil -229.706268
6105.0 6120.0 ssil -212.524536 LAKEN
6120.0 6160.0 l -533.734497
6160.0 6420.0 a -3171.635498
6420.0 6480.0 k -930.565674
6480.0 6675.0 @ -2610.297852
6675.0 7040.0 n -4405.882324
7040.0 7360.0 ssil -4089.782471
.
