#!MLF!#
"/net/aistaff/aki/_same-utterance/wav/01/Limburg/16149-1464367384-2050153.rec"
0.0 95.0 ssil -971.838501 DE
95.0 110.0 d -197.722229
110.0 170.0 @ -621.693604
170.0 195.0 ssil -331.505157
195.0 540.0 ssil -4421.824707 SPREI
540.0 695.0 s -2025.842651
695.0 740.0 p -720.753052
740.0 770.0 r -396.221191
770.0 940.0 ei -2133.869385
940.0 960.0 ssil -269.251221
960.0 975.0 ssil -218.338226 DIE
975.0 990.0 d -248.629623
990.0 1030.0 i -490.984253
1030.0 1045.0 ssil -232.116776
1045.0 1060.0 ssil -249.197540 JIJ
1060.0 1140.0 j -947.323181
1140.0 1165.0 ei -324.477692
1165.0 1185.0 ssil -303.814941
1185.0 1200.0 ssil -210.828537 BRACHT
1200.0 1255.0 b -746.222229
1255.0 1290.0 r -450.945465
1290.0 1410.0 ac -1653.457275
1410.0 1505.0 x -1361.767944
1505.0 1540.0 t -535.107788
1540.0 1560.0 ssil -307.745575
1560.0 1575.0 ssil -222.683075 HEEFT
1575.0 1635.0 e -728.174805
1635.0 1650.0 f -234.985901
1650.0 1665.0 ssil -221.592865
1665.0 1680.0 ssil -208.622269 SUZAN
1680.0 1750.0 s -907.256592
1750.0 1800.0 y -617.332092
1800.0 1865.0 s -863.428101
1865.0 1945.0 ac -889.756836
1945.0 1990.0 n -521.500977
1990.0 2005.0 ssil -233.050888
2005.0 2020.0 ssil -216.435883 ALTIJD
2020.0 2150.0 ac -1725.877686
2150.0 2175.0 l -416.702179
2175.0 2205.0 t -473.662750
2205.0 2220.0 ei -287.203278
2220.0 2235.0 t -247.591248
2235.0 2250.0 ssil -241.501175
2250.0 2310.0 ssil -1015.225342 AL
2310.0 2395.0 ac -1070.320312
2395.0 2425.0 l -399.096802
2425.0 2440.0 ssil -203.755203
2440.0 2455.0 ssil -219.325287 GEWILD
2455.0 2485.0 gc -426.893524
2485.0 2585.0 w -1169.537109
2585.0 2620.0 ic -368.985321
2620.0 2760.0 l -1639.312256
2760.0 2865.0 t -1577.198975
2865.0 2890.0 ssil -324.995331
2890.0 3105.0 ssil -2798.083984 OMDAT
3105.0 3125.0 @ -266.192566
3125.0 3185.0 m -746.412659
3185.0 3200.0 d -265.660065
3200.0 3260.0 ac -885.202759
3260.0 3275.0 t -245.157791
3275.0 3290.0 ssil -215.353119
3290.0 3310.0 ssil -333.113647 DIE
3310.0 3330.0 d -344.024567
3330.0 3410.0 i -1099.534302
3410.0 3425.0 ssil -227.609879
3425.0 3440.0 ssil -244.195831 ZO
3440.0 3475.0 z -475.335052
3475.0 3490.0 o -211.455338
3490.0 3505.0 ssil -193.207352
3505.0 3520.0 ssil -199.128708 LEUK
3520.0 3630.0 l -1475.896729
3630.0 3755.0 eu -1628.447021
3755.0 3770.0 k -260.704010
3770.0 3785.0 ssil -239.461365
3785.0 3800.0 ssil -227.395752 STAAT
3800.0 3830.0 s -442.477997
3830.0 3880.0 t -756.416138
3880.0 3980.0 a -1287.980469
3980.0 4000.0 t -272.966125
4000.0 4015.0 ssil -185.921631
4015.0 4040.0 ssil -336.013885 BIJ
4040.0 4070.0 b -478.264832
4070.0 4160.0 ei -1005.365173
4160.0 4175.0 ssil -212.258545
4175.0 4190.0 ssil -214.386276 HET
4190.0 4205.0 h -215.921616
4205.0 4220.0 ec -253.481659
4220.0 4245.0 t -407.188385
4245.0 4270.0 ssil -415.252502
4270.0 4290.0 ssil -301.715057 GELE
4290.0 4355.0 gc -897.331116
4355.0 4480.0 ic -1579.201172
4480.0 4505.0 l -362.454865
4505.0 4535.0 @ -411.985992
4535.0 4550.0 ssil -209.611954
4550.0 4565.0 ssil -235.107117 LAKEN
4565.0 4655.0 l -1180.692749
4655.0 4860.0 a -2380.931885
4860.0 4910.0 k -845.220093
4910.0 4970.0 @ -792.332214
4970.0 6060.0 ssil -12609.035156
.
