#!MLF!#
"/net/aistaff/aki/_same-utterance/wav/01/Limburg/16311-1464116548-1879502.rec"
0.0 325.0 ssil -3432.451416 DE
325.0 355.0 d -428.003204
355.0 520.0 ssil -2282.941650
520.0 770.0 ssil -3564.892822 SPREI
770.0 920.0 s -1964.611206
920.0 990.0 p -977.130859
990.0 1120.0 r -1917.260742
1120.0 1215.0 ei -1285.553223
1215.0 1230.0 ssil -256.955170
1230.0 1245.0 ssil -226.277634 DIE
1245.0 1260.0 d -205.455032
1260.0 1280.0 i -266.185089
1280.0 1305.0 ssil -403.946655
1305.0 1320.0 ssil -267.854523 JIJ
1320.0 1475.0 j -1970.857056
1475.0 1575.0 ei -1171.979248
1575.0 1590.0 ssil -201.041458
1590.0 1605.0 ssil -179.607651 BRACHT
1605.0 1695.0 b -1179.878662
1695.0 1735.0 r -502.919403
1735.0 1955.0 ac -2719.054443
1955.0 1985.0 x -481.187897
1985.0 2105.0 t -1693.842163
2105.0 2130.0 ssil -294.214020
2130.0 2200.0 ssil -877.227417 HEEFT
2200.0 2215.0 h -235.389359
2215.0 2320.0 e -1316.212036
2320.0 2335.0 f -238.397446
2335.0 2350.0 ssil -213.365494
2350.0 2365.0 ssil -223.934601 SUZAN
2365.0 2445.0 z -1072.235474
2445.0 2540.0 y -1410.372559
2540.0 2625.0 s -1227.404297
2625.0 2770.0 ac -1673.693848
2770.0 2840.0 n -863.680908
2840.0 2870.0 ssil -468.229187
2870.0 2960.0 ssil -1345.852295 ALTIJD
2960.0 3125.0 ac -2360.270752
3125.0 3170.0 l -671.361206
3170.0 3215.0 t -773.440063
3215.0 3305.0 ei -1240.010864
3305.0 3320.0 t -250.234131
3320.0 3335.0 ssil -227.253998
3335.0 3350.0 ssil -223.695953 AL
3350.0 3455.0 ac -1306.447266
3455.0 3475.0 l -281.692413
3475.0 3490.0 ssil -213.562653
3490.0 3505.0 ssil -199.166214 GEWILD
3505.0 3520.0 gc -233.604904
3520.0 3625.0 @ -1309.492188
3625.0 3670.0 w -609.339355
3670.0 3760.0 ic -1128.807617
3760.0 3915.0 l -1837.523804
3915.0 4030.0 t -1566.110229
4030.0 4310.0 ssil -3406.643311
4310.0 4470.0 ssil -2139.531494 OMDAT
4470.0 4515.0 oc -578.262939
4515.0 4585.0 m -761.781921
4585.0 4620.0 d -540.074585
4620.0 4715.0 ac -1264.935547
4715.0 4730.0 t -253.223190
4730.0 4745.0 ssil -228.521820
4745.0 4760.0 ssil -236.165878 DIE
4760.0 4795.0 d -585.812012
4795.0 4860.0 i -858.512512
4860.0 4875.0 ssil -249.788315
4875.0 4890.0 ssil -235.553528 ZO
4890.0 4980.0 z -1209.973267
4980.0 5015.0 o -480.831207
5015.0 5030.0 ssil -241.822891
5030.0 5045.0 ssil -251.147369 LEUK
5045.0 5130.0 l -1137.273438
5130.0 5260.0 eu -1657.430298
5260.0 5275.0 k -250.617111
5275.0 5295.0 ssil -294.933868
5295.0 5310.0 ssil -208.746902 STAAT
5310.0 5420.0 s -1470.471191
5420.0 5455.0 t -534.692322
5455.0 5610.0 a -1776.132812
5610.0 5625.0 t -262.153473
5625.0 5660.0 ssil -494.461609
5660.0 5690.0 ssil -420.344543 BIJ
5690.0 5720.0 b -526.499695
5720.0 5885.0 ei -1815.222290
5885.0 5900.0 ssil -221.275284
5900.0 5915.0 ssil -220.008347 HET
5915.0 5930.0 h -215.698486
5930.0 5945.0 ec -222.612091
5945.0 5985.0 t -627.836060
5985.0 6000.0 ssil -214.442108
6000.0 6015.0 ssil -197.454559 GELE
6015.0 6075.0 gc -844.593445
6075.0 6260.0 ic -2250.093750
6260.0 6295.0 l -506.947357
6295.0 6330.0 @ -498.374725
6330.0 6345.0 ssil -213.065186
6345.0 6360.0 ssil -254.742538 LAKEN
6360.0 6445.0 l -1214.072754
6445.0 6625.0 a -2182.259766
6625.0 6715.0 k -1319.957764
6715.0 6785.0 @ -881.247314
6785.0 6910.0 n -1411.810059
6910.0 7315.0 ssil -5117.145996
.
