#!MLF!#
"/net/aistaff/aki/_same-utterance/wav/01/Limburg/16849-1466661594-2366551.rec"
0.0 450.0 ssil -5712.010254 DE
450.0 505.0 d -751.782471
505.0 565.0 @ -726.747681
565.0 585.0 ssil -259.360718
585.0 605.0 ssil -255.760025 SPREI
605.0 700.0 s -1258.654541
700.0 730.0 p -421.626892
730.0 780.0 r -673.244690
780.0 1015.0 ei -2487.747070
1015.0 1030.0 ssil -206.492050
1030.0 1045.0 ssil -200.510117 DIE
1045.0 1060.0 d -199.562805
1060.0 1075.0 i -174.953857
1075.0 1090.0 ssil -211.215073
1090.0 1105.0 ssil -201.244370 JIJ
1105.0 1245.0 j -1522.270386
1245.0 1445.0 ei -2168.590332
1445.0 1460.0 ssil -184.155426
1460.0 1475.0 ssil -194.757080 BRACHT
1475.0 1510.0 b -450.436157
1510.0 1545.0 r -400.774109
1545.0 1695.0 ac -1601.005737
1695.0 1715.0 x -267.013641
1715.0 1730.0 ssil -168.691895
1730.0 1825.0 ssil -1199.159058 HEEFT
1825.0 1875.0 h -575.992737
1875.0 1915.0 e -482.139221
1915.0 1930.0 f -199.324341
1930.0 1945.0 ssil -182.342056
1945.0 1970.0 ssil -281.468567 SUZAN
1970.0 2025.0 s -666.577942
2025.0 2120.0 y -1104.620361
2120.0 2135.0 s -228.950470
2135.0 2255.0 ac -1271.214966
2255.0 2325.0 n -771.747131
2325.0 2360.0 ssil -500.975250
2360.0 2450.0 ssil -1129.211182 ALTIJD
2450.0 2575.0 ac -1446.034424
2575.0 2630.0 l -698.211792
2630.0 2700.0 t -866.216492
2700.0 2715.0 ei -229.980820
2715.0 2775.0 t -736.761047
2775.0 2790.0 ssil -206.641968
2790.0 2805.0 ssil -192.477036 AL
2805.0 2915.0 ac -1066.058960
2915.0 2930.0 l -165.597443
2930.0 2945.0 ssil -179.931229
2945.0 2970.0 ssil -320.118103 GEWILD
2970.0 3030.0 x -745.137390
3030.0 3125.0 w -1066.390015
3125.0 3140.0 ic -174.815521
3140.0 3275.0 l -1379.966064
3275.0 3350.0 t -969.622437
3350.0 3365.0 ssil -203.555847
3365.0 3390.0 ssil -381.653015 OMDAT
3390.0 3445.0 oc -619.738342
3445.0 3520.0 m -775.306274
3520.0 3560.0 d -513.239868
3560.0 3635.0 ac -813.822693
3635.0 3685.0 t -636.311462
3685.0 3700.0 ssil -195.310104
3700.0 3725.0 ssil -351.193298 DIE
3725.0 3740.0 d -235.653152
3740.0 3850.0 i -1162.511353
3850.0 3890.0 ssil -463.566376
3890.0 3945.0 ssil -638.641602 ZO
3945.0 4005.0 z -695.649963
4005.0 4185.0 o -2024.441406
4185.0 4200.0 ssil -207.136353
4200.0 4215.0 ssil -184.731857 LEUK
4215.0 4280.0 l -736.591980
4280.0 4410.0 eu -1247.632812
4410.0 4475.0 k -783.660095
4475.0 4490.0 ssil -188.666382
4490.0 4505.0 ssil -190.505814 STAAT
4505.0 4635.0 s -1525.866211
4635.0 4685.0 t -705.668823
4685.0 4880.0 a -1955.664917
4880.0 4895.0 t -208.551315
4895.0 4910.0 ssil -164.430695
4910.0 5005.0 ssil -1096.484009 BIJ
5005.0 5030.0 b -326.590240
5030.0 5120.0 ei -843.853149
5120.0 5135.0 ssil -155.689377
5135.0 5150.0 ssil -159.112915 HET
5150.0 5165.0 h -175.048843
5165.0 5180.0 ec -194.425354
5180.0 5245.0 t -755.493958
5245.0 5260.0 ssil -222.712204
5260.0 5280.0 ssil -296.925598 GELE
5280.0 5340.0 x -774.475403
5340.0 5475.0 ic -1497.693604
5475.0 5490.0 l -195.876816
5490.0 5555.0 @ -644.736572
5555.0 5570.0 ssil -174.929001
5570.0 5585.0 ssil -165.681183 LAKEN
5585.0 5645.0 l -667.986450
5645.0 5865.0 a -2157.459229
5865.0 5975.0 k -1411.565796
5975.0 5995.0 @ -255.536728
5995.0 6175.0 ssil -2257.725586
.
