#!MLF!#
"/net/aistaff/aki/_same-utterance/wav/01/Limburg/17031-1471295946-2426604.rec"
0.0 15.0 ssil -149.841080 DE
15.0 30.0 d -180.914948
30.0 515.0 @ -4158.152832
515.0 535.0 ssil -279.317841
535.0 700.0 ssil -2198.804199 SPREI
700.0 850.0 s -2035.660278
850.0 990.0 p -2049.698486
990.0 1025.0 r -405.310303
1025.0 1125.0 ei -1036.058228
1125.0 1145.0 ssil -256.381561
1145.0 1160.0 ssil -227.544830 DIE
1160.0 1205.0 d -678.231262
1205.0 1235.0 i -408.004242
1235.0 1250.0 ssil -224.592697
1250.0 1265.0 ssil -204.355576 JIJ
1265.0 1355.0 j -1035.497070
1355.0 1510.0 ei -1726.561768
1510.0 1525.0 ssil -238.012054
1525.0 1540.0 ssil -201.932724 BRACHT
1540.0 1610.0 b -946.331543
1610.0 1660.0 r -840.461670
1660.0 1765.0 ac -1330.380737
1765.0 1870.0 x -1510.145996
1870.0 1925.0 t -673.737793
1925.0 1940.0 ssil -204.550598
1940.0 1955.0 ssil -200.168579 HEEFT
1955.0 1970.0 h -175.602844
1970.0 2065.0 e -988.673462
2065.0 2115.0 f -674.790588
2115.0 2130.0 ssil -202.589767
2130.0 2150.0 ssil -270.614624 SUZAN
2150.0 2200.0 s -687.925354
2200.0 2240.0 yc -531.780701
2240.0 2320.0 s -1108.631104
2320.0 2435.0 ac -1447.778198
2435.0 2500.0 n -766.376770
2500.0 2515.0 ssil -222.085281
2515.0 2530.0 ssil -237.738266 ALTIJD
2530.0 2620.0 ac -1200.535645
2620.0 2705.0 l -1257.411865
2705.0 2810.0 t -1548.334839
2810.0 2830.0 ei -262.450043
2830.0 2890.0 t -846.788086
2890.0 2905.0 ssil -211.026016
2905.0 2920.0 ssil -213.638718 AL
2920.0 3075.0 l -2002.276611
3075.0 3110.0 ssil -476.560089
3110.0 3125.0 ssil -189.144730 GEWILD
3125.0 3205.0 gc -1012.505005
3205.0 3230.0 w -327.190369
3230.0 3270.0 ic -483.907135
3270.0 3405.0 l -1703.849243
3405.0 3515.0 t -1433.071411
3515.0 3910.0 ssil -4824.329102
3910.0 3985.0 ssil -955.901123 OMDAT
3985.0 4040.0 m -669.793823
4040.0 4075.0 d -520.901550
4075.0 4130.0 ac -758.369629
4130.0 4155.0 t -338.461456
4155.0 4170.0 ssil -202.729187
4170.0 4185.0 ssil -229.031738 DIE
4185.0 4200.0 d -232.859039
4200.0 4250.0 i -613.924561
4250.0 4265.0 ssil -216.829620
4265.0 4280.0 ssil -211.648468 ZO
4280.0 4350.0 z -984.737793
4350.0 4390.0 o -497.680634
4390.0 4405.0 ssil -217.985077
4405.0 4420.0 ssil -188.247864 LEUK
4420.0 4455.0 l -415.712341
4455.0 4585.0 eu -1472.110352
4585.0 4615.0 k -545.255920
4615.0 4630.0 ssil -269.467804
4630.0 4645.0 ssil -235.870667 STAAT
4645.0 4745.0 s -1389.793945
4745.0 4790.0 t -628.653198
4790.0 4950.0 a -1899.739868
4950.0 5005.0 t -758.981323
5005.0 5035.0 ssil -378.803406
5035.0 5065.0 ssil -374.116608 BIJ
5065.0 5090.0 b -363.430695
5090.0 5105.0 ei -199.246506
5105.0 5120.0 ssil -192.980087
5120.0 5135.0 ssil -187.644516 HET
5135.0 5150.0 h -190.331284
5150.0 5220.0 ec -873.356873
5220.0 5265.0 t -656.833801
5265.0 5280.0 ssil -236.790100
5280.0 5300.0 ssil -321.161835 GELE
5300.0 5375.0 gc -1042.972778
5375.0 5480.0 e -1209.045288
5480.0 5505.0 l -339.551147
5505.0 5540.0 @ -410.316315
5540.0 5555.0 ssil -192.048355
5555.0 5570.0 ssil -187.341370 LAKEN
5570.0 5660.0 l -1123.111816
5660.0 5835.0 a -2241.413330
5835.0 5950.0 k -1520.477661
5950.0 5995.0 @ -546.206665
5995.0 6245.0 ssil -3010.643555
.
