#!MLF!#
"/net/aistaff/aki/_same-utterance/wav/01/Limburg/17282-1472373633-2447851.rec"
0.0 325.0 ssil -4642.166992 DE
325.0 350.0 d -380.909515
350.0 640.0 @ -3538.337646
640.0 790.0 ssil -1820.804810
790.0 915.0 ssil -1673.366699 SPREI
915.0 1140.0 s -2858.236816
1140.0 1180.0 p -596.801514
1180.0 1220.0 r -557.022400
1220.0 1395.0 ei -2239.419678
1395.0 1410.0 ssil -203.585678
1410.0 1425.0 ssil -201.745880 DIE
1425.0 1450.0 d -329.531708
1450.0 1670.0 i -2495.885010
1670.0 1685.0 ssil -214.345657
1685.0 1700.0 ssil -193.563263 JIJ
1700.0 1720.0 j -244.903732
1720.0 1735.0 ei -219.231415
1735.0 1750.0 ssil -212.711258
1750.0 1765.0 ssil -228.650269 BRACHT
1765.0 1780.0 b -221.713226
1780.0 1795.0 r -223.761414
1795.0 1935.0 ac -1880.487427
1935.0 2015.0 x -1140.009521
2015.0 2080.0 t -859.621704
2080.0 2100.0 ssil -283.324799
2100.0 2120.0 ssil -292.587921 HEEFT
2120.0 2210.0 e -1045.229126
2210.0 2225.0 f -194.808167
2225.0 2240.0 ssil -191.678894
2240.0 2255.0 ssil -188.072433 SUZAN
2255.0 2350.0 s -1251.803223
2350.0 2420.0 y -949.240723
2420.0 2465.0 s -626.065430
2465.0 2580.0 ac -1426.956543
2580.0 2630.0 n -776.927917
2630.0 2665.0 ssil -544.642090
2665.0 2710.0 ssil -720.142090 ALTIJD
2710.0 2765.0 ac -804.965027
2765.0 2855.0 l -1334.817749
2855.0 2935.0 t -1166.371460
2935.0 2990.0 ei -733.023682
2990.0 3005.0 t -258.295044
3005.0 3020.0 ssil -248.414108
3020.0 3035.0 ssil -240.585739 AL
3035.0 3090.0 ac -763.362488
3090.0 3180.0 l -1101.381836
3180.0 3195.0 ssil -209.185364
3195.0 3210.0 ssil -213.534332 GEWILD
3210.0 3235.0 gc -356.792389
3235.0 3250.0 @ -206.757690
3250.0 3360.0 w -1140.784424
3360.0 3400.0 ic -435.157166
3400.0 3535.0 l -1538.098389
3535.0 3620.0 t -1190.793823
3620.0 3655.0 ssil -488.704346
3655.0 4235.0 ssil -6868.873047 OMDAT
4235.0 4305.0 oc -849.822388
4305.0 4420.0 m -1416.863281
4420.0 4450.0 d -458.979706
4450.0 4525.0 ac -967.308594
4525.0 4540.0 t -244.097214
4540.0 4565.0 ssil -345.458191
4565.0 4610.0 ssil -662.973022 DIE
4610.0 4625.0 d -231.174240
4625.0 4700.0 i -961.309998
4700.0 4715.0 ssil -208.731796
4715.0 4730.0 ssil -199.889618 ZO
4730.0 4825.0 z -1194.613281
4825.0 4915.0 o -1083.173218
4915.0 4930.0 ssil -233.278702
4930.0 4945.0 ssil -198.534348 LEUK
4945.0 5015.0 l -884.275574
5015.0 5145.0 eu -1534.485474
5145.0 5170.0 k -393.587769
5170.0 5185.0 ssil -230.225479
5185.0 5200.0 ssil -205.426376 STAAT
5200.0 5295.0 s -1269.220947
5295.0 5335.0 t -573.104126
5335.0 5465.0 a -1566.757080
5465.0 5480.0 t -236.916580
5480.0 5495.0 ssil -191.333923
5495.0 5510.0 ssil -167.606216 BIJ
5510.0 5610.0 b -1198.255127
5610.0 5725.0 ei -1347.746582
5725.0 5740.0 ssil -203.113037
5740.0 5755.0 ssil -196.173584 HET
5755.0 5795.0 h -469.967285
5795.0 5835.0 ec -521.349243
5835.0 5890.0 t -720.786804
5890.0 5905.0 ssil -219.229523
5905.0 5920.0 ssil -220.890930 GELE
5920.0 6020.0 gc -1317.950073
6020.0 6135.0 e -1336.105835
6135.0 6150.0 l -181.589157
6150.0 6200.0 @ -549.956848
6200.0 6215.0 ssil -178.163803
6215.0 6230.0 ssil -196.987350 LAKEN
6230.0 6305.0 l -974.414001
6305.0 6520.0 ac -2501.429688
6520.0 6570.0 k -776.468384
6570.0 6995.0 @ -5205.676270
6995.0 7035.0 ssil -498.446869
.
