#!MLF!#
"/net/aistaff/aki/_same-utterance/wav/01/Limburg/1911-1449192708-167476.rec"
0.0 125.0 ssil -1202.663574 DE
125.0 165.0 d -542.411560
165.0 185.0 @ -252.390152
185.0 365.0 ssil -2407.021729
365.0 935.0 ssil -7280.291992 SPREI
935.0 1100.0 s -2056.240967
1100.0 1150.0 p -768.168762
1150.0 1165.0 r -229.107544
1165.0 1290.0 ei -1318.213623
1290.0 1305.0 ssil -221.123962
1305.0 1320.0 ssil -212.092438 DIE
1320.0 1335.0 d -223.610107
1335.0 1390.0 i -591.022522
1390.0 1405.0 ssil -203.874832
1405.0 1420.0 ssil -205.659485 JIJ
1420.0 1435.0 j -192.303848
1435.0 1610.0 ei -1824.218872
1610.0 1685.0 ssil -1115.436890
1685.0 1770.0 ssil -1239.462158 BRACHT
1770.0 1850.0 b -1076.020142
1850.0 1910.0 r -852.405273
1910.0 2010.0 ac -1214.221680
2010.0 2090.0 x -1123.075439
2090.0 2135.0 t -631.054871
2135.0 2150.0 ssil -215.292816
2150.0 2170.0 ssil -307.074829 HEEFT
2170.0 2235.0 e -853.113464
2235.0 2260.0 f -341.903076
2260.0 2285.0 ssil -397.877197
2285.0 2300.0 ssil -239.336975 SUZAN
2300.0 2370.0 s -891.117065
2370.0 2410.0 y -514.255432
2410.0 2485.0 s -1007.650024
2485.0 2540.0 ac -713.782898
2540.0 2555.0 n -222.782852
2555.0 2570.0 ssil -252.811996
2570.0 2585.0 ssil -245.537109 ALTIJD
2585.0 2725.0 ac -1648.206421
2725.0 2765.0 l -632.456360
2765.0 2815.0 t -742.774841
2815.0 2880.0 ei -756.794983
2880.0 2940.0 t -864.311523
2940.0 2955.0 ssil -240.640533
2955.0 2970.0 ssil -234.130661 AL
2970.0 2995.0 ac -343.151917
2995.0 3080.0 l -977.011475
3080.0 3095.0 ssil -214.255920
3095.0 3110.0 ssil -220.961533 GEWILD
3110.0 3180.0 x -901.828247
3180.0 3200.0 @ -263.501801
3200.0 3270.0 w -831.944031
3270.0 3330.0 ic -693.122925
3330.0 3425.0 l -1068.694580
3425.0 3525.0 t -1399.079346
3525.0 3660.0 ssil -1805.235107
3660.0 3735.0 ssil -975.462769 OMDAT
3735.0 3775.0 @ -625.634827
3775.0 3820.0 m -505.368866
3820.0 3835.0 d -228.889984
3835.0 3930.0 ac -1181.633423
3930.0 3955.0 t -355.715759
3955.0 3970.0 ssil -238.756561
3970.0 3985.0 ssil -246.596420 DIE
3985.0 4000.0 d -247.612793
4000.0 4035.0 i -453.232635
4035.0 4050.0 ssil -222.164413
4050.0 4065.0 ssil -205.690247 ZO
4065.0 4150.0 z -1076.852295
4150.0 4250.0 o -1192.953979
4250.0 4265.0 ssil -228.674820
4265.0 4295.0 ssil -404.053955 LEUK
4295.0 4335.0 l -567.633606
4335.0 4460.0 eu -1466.219849
4460.0 4475.0 k -223.003784
4475.0 4490.0 ssil -208.443558
4490.0 4505.0 ssil -209.573181 STAAT
4505.0 4595.0 s -1203.978394
4595.0 4625.0 t -445.137512
4625.0 4750.0 a -1402.947876
4750.0 4825.0 t -1015.038147
4825.0 4895.0 ssil -866.839600
4895.0 4920.0 ssil -316.384888 BIJ
4920.0 4945.0 b -397.064728
4945.0 5085.0 ei -1526.554443
5085.0 5100.0 ssil -212.121002
5100.0 5120.0 ssil -283.600281 HET
5120.0 5135.0 h -216.902298
5135.0 5150.0 ec -254.379440
5150.0 5165.0 t -216.767487
5165.0 5185.0 ssil -247.662506
5185.0 5200.0 ssil -193.532196 GELE
5200.0 5250.0 gc -693.167664
5250.0 5360.0 e -1250.330444
5360.0 5385.0 l -327.496674
5385.0 5415.0 @ -314.381744
5415.0 5430.0 ssil -199.904938
5430.0 5445.0 ssil -209.846176 LAKEN
5445.0 5520.0 l -873.702454
5520.0 5675.0 a -1774.919556
5675.0 5810.0 k -1824.627197
5810.0 5880.0 @ -790.655945
5880.0 6130.0 ssil -2999.533691
.
