#!MLF!#
"/net/aistaff/aki/_same-utterance/wav/01/Limburg/2007-1449229829-189455.rec"
0.0 80.0 ssil -805.431763 DE
80.0 95.0 d -236.192902
95.0 770.0 ssil -7708.497559
770.0 890.0 ssil -1534.460815 SPREI
890.0 1015.0 s -1605.870117
1015.0 1080.0 p -873.357056
1080.0 1130.0 r -667.978577
1130.0 1300.0 ei -2036.775757
1300.0 1315.0 ssil -208.527985
1315.0 1330.0 ssil -222.559860 DIE
1330.0 1345.0 d -244.575104
1345.0 1425.0 i -980.335754
1425.0 1440.0 ssil -217.769653
1440.0 1455.0 ssil -237.208725 JIJ
1455.0 1515.0 j -657.656921
1515.0 1595.0 ei -826.559204
1595.0 1640.0 ssil -563.683350
1640.0 1655.0 ssil -200.986557 BRACHT
1655.0 1690.0 b -506.407379
1690.0 1765.0 r -940.515259
1765.0 1885.0 ac -1494.101807
1885.0 1970.0 x -1147.159668
1970.0 2035.0 t -901.090820
2035.0 2050.0 ssil -211.820938
2050.0 2075.0 ssil -334.411926 HEEFT
2075.0 2110.0 h -435.349152
2110.0 2190.0 e -978.593201
2190.0 2210.0 f -333.695740
2210.0 2230.0 ssil -322.080170
2230.0 2250.0 ssil -296.317169 SUZAN
2250.0 2360.0 z -1545.719604
2360.0 2395.0 y -495.995880
2395.0 2475.0 s -1089.859253
2475.0 2555.0 ac -930.375977
2555.0 2615.0 n -787.711426
2615.0 2630.0 ssil -228.375458
2630.0 2645.0 ssil -219.612671 ALTIJD
2645.0 2760.0 ac -1382.369385
2760.0 2810.0 l -774.883850
2810.0 2880.0 t -1044.237183
2880.0 2895.0 ei -223.665375
2895.0 2910.0 t -258.767365
2910.0 2940.0 ssil -498.107422
2940.0 2955.0 ssil -236.497513 AL
2955.0 3040.0 ac -936.462891
3040.0 3060.0 l -256.113831
3060.0 3075.0 ssil -209.536270
3075.0 3090.0 ssil -205.775757 GEWILD
3090.0 3115.0 gc -380.269470
3115.0 3185.0 @ -758.226074
3185.0 3220.0 w -365.858612
3220.0 3315.0 ic -1008.422058
3315.0 3400.0 l -953.746887
3400.0 3505.0 t -1456.507690
3505.0 3525.0 ssil -294.062958
3525.0 3695.0 ssil -2110.522949 OMDAT
3695.0 3735.0 oc -561.092102
3735.0 3825.0 m -1096.329834
3825.0 3855.0 d -403.898102
3855.0 3895.0 ac -504.610321
3895.0 3910.0 t -225.050613
3910.0 3925.0 ssil -191.810577
3925.0 3945.0 ssil -275.250732 DIE
3945.0 3975.0 d -459.620575
3975.0 4055.0 i -1009.168152
4055.0 4070.0 ssil -221.515472
4070.0 4085.0 ssil -229.650406 ZO
4085.0 4140.0 z -697.468384
4140.0 4165.0 o -318.905579
4165.0 4180.0 ssil -235.919754
4180.0 4195.0 ssil -212.393021 LEUK
4195.0 4245.0 l -662.377136
4245.0 4340.0 eu -1097.500366
4340.0 4360.0 k -304.550171
4360.0 4380.0 ssil -289.593536
4380.0 4400.0 ssil -295.215271 STAAT
4400.0 4455.0 s -738.772095
4455.0 4520.0 t -926.222961
4520.0 4730.0 a -2500.606201
4730.0 4745.0 t -219.579773
4745.0 4760.0 ssil -219.407333
4760.0 4775.0 ssil -228.615814 BIJ
4775.0 4790.0 b -244.942200
4790.0 4930.0 ei -1342.035522
4930.0 4945.0 ssil -229.381287
4945.0 4960.0 ssil -221.192047 HET
4960.0 4975.0 h -226.431839
4975.0 4990.0 ec -239.321228
4990.0 5005.0 t -199.694504
5005.0 5025.0 ssil -256.797638
5025.0 5040.0 ssil -209.419083 GELE
5040.0 5070.0 x -429.490234
5070.0 5180.0 e -1228.957397
5180.0 5195.0 l -229.389145
5195.0 5210.0 @ -234.254257
5210.0 5225.0 ssil -225.619247
5225.0 5240.0 ssil -218.937683 LAKEN
5240.0 5355.0 l -1331.796265
5355.0 5585.0 a -2604.358643
5585.0 5635.0 k -730.477478
5635.0 5745.0 @ -1217.339722
5745.0 6640.0 ssil -9968.573242
.
