#!MLF!#
"/net/aistaff/aki/_same-utterance/wav/01/Limburg/2526-1449322048-281223.rec"
0.0 100.0 ssil -1009.198853 DE
100.0 120.0 d -293.557068
120.0 785.0 ssil -7922.245117
785.0 810.0 ssil -332.314148 SPREI
810.0 970.0 z -2084.547363
970.0 1035.0 p -960.378540
1035.0 1060.0 r -345.148773
1060.0 1240.0 ei -2152.150146
1240.0 1265.0 ssil -319.462341
1265.0 1280.0 ssil -238.326752 DIE
1280.0 1300.0 d -307.297546
1300.0 1445.0 i -1446.332764
1445.0 1460.0 ssil -200.499496
1460.0 1475.0 ssil -215.908554 JIJ
1475.0 1525.0 j -530.466370
1525.0 1695.0 ei -1974.322754
1695.0 1725.0 ssil -472.726410
1725.0 1740.0 ssil -255.337433 BRACHT
1740.0 1775.0 b -536.670349
1775.0 1795.0 r -259.637726
1795.0 1885.0 ac -1155.434937
1885.0 1980.0 x -1330.732910
1980.0 2040.0 t -829.170044
2040.0 2055.0 ssil -197.148422
2055.0 2080.0 ssil -346.059479 HEEFT
2080.0 2095.0 h -214.357361
2095.0 2175.0 e -938.489685
2175.0 2195.0 f -331.216919
2195.0 2210.0 ssil -216.302292
2210.0 2225.0 ssil -211.675064 SUZAN
2225.0 2305.0 z -1026.911377
2305.0 2410.0 y -1378.983887
2410.0 2490.0 s -1082.289307
2490.0 2595.0 ac -1323.201904
2595.0 2720.0 n -1546.077148
2720.0 2745.0 ssil -340.298462
2745.0 2835.0 ssil -1253.979736 ALTIJD
2835.0 2945.0 ac -1525.043335
2945.0 2990.0 l -601.320679
2990.0 3075.0 t -1285.873779
3075.0 3190.0 ei -1384.421265
3190.0 3235.0 t -734.391541
3235.0 3250.0 ssil -215.637848
3250.0 3265.0 ssil -209.660004 AL
3265.0 3375.0 ac -1186.887085
3375.0 3400.0 l -308.584167
3400.0 3415.0 ssil -218.453186
3415.0 3430.0 ssil -217.879807 GEWILD
3430.0 3500.0 x -936.092346
3500.0 3515.0 @ -201.816299
3515.0 3610.0 w -1216.085938
3610.0 3685.0 ic -845.735840
3685.0 3790.0 l -1329.850952
3790.0 3965.0 ssil -2553.965332
3965.0 4255.0 ssil -3749.034912 OMDAT
4255.0 4345.0 m -1062.605957
4345.0 4360.0 d -237.341019
4360.0 4485.0 ac -1549.887695
4485.0 4500.0 t -217.187164
4500.0 4525.0 ssil -403.809113
4525.0 4540.0 ssil -268.359161 DIE
4540.0 4555.0 d -254.399719
4555.0 4650.0 i -1229.206909
4650.0 4665.0 ssil -237.219330
4665.0 4680.0 ssil -231.052200 ZO
4680.0 4755.0 z -958.735168
4755.0 4805.0 o -602.762634
4805.0 4820.0 ssil -234.887253
4820.0 4835.0 ssil -260.612396 LEUK
4835.0 4910.0 l -902.906494
4910.0 5030.0 eu -1280.560913
5030.0 5045.0 k -232.106888
5045.0 5060.0 ssil -234.938278
5060.0 5075.0 ssil -224.169418 STAAT
5075.0 5165.0 s -1153.744995
5165.0 5200.0 t -515.048950
5200.0 5305.0 a -1172.611572
5305.0 5320.0 t -222.335770
5320.0 5340.0 ssil -247.012878
5340.0 5380.0 ssil -503.020325 BIJ
5380.0 5400.0 b -304.391235
5400.0 5530.0 ei -1445.508667
5530.0 5545.0 ssil -223.462708
5545.0 5560.0 ssil -213.320724 HET
5560.0 5575.0 h -191.389053
5575.0 5595.0 ec -298.493805
5595.0 5655.0 t -880.361511
5655.0 5670.0 ssil -207.413681
5670.0 5685.0 ssil -197.605042 GELE
5685.0 5775.0 gc -1179.635864
5775.0 5925.0 e -1777.355957
5925.0 5995.0 l -980.430664
5995.0 6025.0 @ -329.648560
6025.0 6040.0 ssil -195.971970
6040.0 6055.0 ssil -209.240463 LAKEN
6055.0 6130.0 l -860.100525
6130.0 6395.0 a -3269.215332
6395.0 6435.0 k -558.473694
6435.0 6520.0 @ -1151.057983
6520.0 6945.0 ssil -5264.217285
.
