#!MLF!#
"/net/aistaff/aki/_same-utterance/wav/01/Limburg/2720-1449358399-317918.rec"
0.0 130.0 ssil -1353.683594 DE
130.0 150.0 d -293.259216
150.0 660.0 ssil -5716.085938
660.0 720.0 ssil -860.870422 SPREI
720.0 825.0 z -1316.790283
825.0 905.0 p -1136.595215
905.0 930.0 r -359.926849
930.0 1100.0 ei -2135.142822
1100.0 1115.0 ssil -195.796082
1115.0 1130.0 ssil -200.624969 DIE
1130.0 1165.0 d -495.058807
1165.0 1280.0 i -1181.101807
1280.0 1295.0 ssil -210.788742
1295.0 1310.0 ssil -198.828613 JIJ
1310.0 1325.0 j -186.264526
1325.0 1405.0 ei -896.501343
1405.0 1420.0 ssil -219.538956
1420.0 1435.0 ssil -228.577438 BRACHT
1435.0 1465.0 b -462.985016
1465.0 1535.0 r -937.921509
1535.0 1680.0 ac -1787.098511
1680.0 1760.0 x -1159.404663
1760.0 1845.0 ssil -1202.988281
1845.0 2125.0 ssil -3659.680176 HEEFT
2125.0 2200.0 e -865.133423
2200.0 2215.0 f -217.621048
2215.0 2230.0 ssil -211.501251
2230.0 2245.0 ssil -212.448685 SUZAN
2245.0 2320.0 z -914.462341
2320.0 2370.0 y -650.099670
2370.0 2455.0 s -1114.780273
2455.0 2555.0 ac -1057.915894
2555.0 2610.0 n -674.750916
2610.0 2625.0 ssil -212.413879
2625.0 2640.0 ssil -214.783203 ALTIJD
2640.0 2780.0 ac -1788.570435
2780.0 2805.0 l -413.586517
2805.0 2860.0 t -791.356689
2860.0 2875.0 ei -214.775620
2875.0 2890.0 t -245.290237
2890.0 2930.0 ssil -559.968201
2930.0 2945.0 ssil -234.621582 AL
2945.0 3030.0 ac -983.465332
3030.0 3065.0 l -479.891022
3065.0 3080.0 ssil -222.685699
3080.0 3095.0 ssil -204.904221 GEWILD
3095.0 3145.0 gc -680.958801
3145.0 3210.0 @ -726.248962
3210.0 3250.0 w -466.959259
3250.0 3310.0 ic -618.560974
3310.0 3485.0 l -2075.952637
3485.0 3605.0 t -1725.134155
3605.0 3635.0 ssil -447.585938
3635.0 3855.0 ssil -2806.635254 OMDAT
3855.0 3875.0 oc -251.977219
3875.0 3930.0 m -701.510315
3930.0 3995.0 d -876.309082
3995.0 4090.0 ac -1243.370850
4090.0 4115.0 t -363.495422
4115.0 4130.0 ssil -217.774612
4130.0 4145.0 ssil -210.929169 DIE
4145.0 4160.0 d -223.514618
4160.0 4180.0 i -256.226349
4180.0 4195.0 ssil -214.173187
4195.0 4210.0 ssil -207.358887 ZO
4210.0 4300.0 z -1082.702881
4300.0 4330.0 o -363.740814
4330.0 4345.0 ssil -219.801514
4345.0 4360.0 ssil -203.509872 LEUK
4360.0 4435.0 l -957.023254
4435.0 4570.0 eu -1626.239990
4570.0 4585.0 k -241.082886
4585.0 4600.0 ssil -225.670288
4600.0 4615.0 ssil -209.057434 STAAT
4615.0 4675.0 s -731.260925
4675.0 4715.0 t -558.021729
4715.0 4910.0 a -2196.165527
4910.0 4925.0 t -220.061188
4925.0 4940.0 ssil -191.513214
4940.0 4955.0 ssil -228.822586 BIJ
4955.0 4975.0 b -310.314270
4975.0 5095.0 ei -1237.614136
5095.0 5110.0 ssil -207.190048
5110.0 5125.0 ssil -190.905243 HET
5125.0 5140.0 h -192.391678
5140.0 5155.0 ec -235.537827
5155.0 5170.0 t -252.112839
5170.0 5185.0 ssil -244.525314
5185.0 5200.0 ssil -211.200912 GELE
5200.0 5270.0 gc -940.626526
5270.0 5355.0 ic -1100.509888
5355.0 5370.0 l -264.010040
5370.0 5390.0 @ -360.160400
5390.0 5405.0 ssil -251.335037
5405.0 5420.0 ssil -212.935547 LAKEN
5420.0 5590.0 l -2031.218994
5590.0 5800.0 a -2416.839844
5800.0 5850.0 k -699.945679
5850.0 5890.0 @ -448.127869
5890.0 5970.0 n -988.310608
5970.0 6480.0 ssil -5808.205566
.
