#!MLF!#
"/net/aistaff/aki/_same-utterance/wav/01/Limburg/2782-1449364688-328078.rec"
0.0 15.0 ssil -158.573593 DE
15.0 30.0 d -191.070221
30.0 320.0 @ -2689.008545
320.0 345.0 ssil -449.360992
345.0 395.0 ssil -710.406982 SPREI
395.0 550.0 z -2128.406006
550.0 600.0 p -799.422607
600.0 665.0 r -1017.735596
665.0 800.0 ei -1520.238159
800.0 815.0 ssil -231.370316
815.0 830.0 ssil -237.859650 DIE
830.0 845.0 d -220.901260
845.0 990.0 i -1588.448120
990.0 1005.0 ssil -212.493927
1005.0 1020.0 ssil -205.269104 JIJ
1020.0 1035.0 j -181.603836
1035.0 1050.0 ei -187.275009
1050.0 1065.0 ssil -201.093353
1065.0 1080.0 ssil -230.428558 BRACHT
1080.0 1115.0 b -520.429688
1115.0 1175.0 r -887.321228
1175.0 1330.0 ac -2039.807007
1330.0 1430.0 x -1495.264404
1430.0 1480.0 t -707.856262
1480.0 1495.0 ssil -203.197342
1495.0 1510.0 ssil -238.938538 HEEFT
1510.0 1550.0 h -556.360168
1550.0 1665.0 e -1373.759644
1665.0 1680.0 f -243.447098
1680.0 1695.0 ssil -231.025803
1695.0 1710.0 ssil -212.310455 SUZAN
1710.0 1825.0 z -1415.495361
1825.0 1895.0 y -925.283630
1895.0 1985.0 s -1343.996582
1985.0 2090.0 ac -1300.062622
2090.0 2140.0 n -606.413696
2140.0 2155.0 ssil -232.491165
2155.0 2170.0 ssil -231.807632 ALTIJD
2170.0 2405.0 ac -3138.643555
2405.0 2435.0 l -495.935638
2435.0 2475.0 t -653.119141
2475.0 2630.0 ei -1918.754883
2630.0 2665.0 t -513.619202
2665.0 2685.0 ssil -285.903473
2685.0 2700.0 ssil -202.660934 AL
2700.0 2815.0 ac -1379.004761
2815.0 2890.0 l -991.680359
2890.0 2905.0 ssil -244.461273
2905.0 2920.0 ssil -233.788544 GEWILD
2920.0 2935.0 gc -202.850830
2935.0 3085.0 w -1948.968140
3085.0 3125.0 ic -531.875488
3125.0 3245.0 l -1502.246948
3245.0 3350.0 t -1509.552002
3350.0 3380.0 ssil -404.921783
3380.0 3720.0 ssil -4191.470703 OMDAT
3720.0 3820.0 m -1261.959351
3820.0 3885.0 d -915.366699
3885.0 4000.0 ac -1440.921021
4000.0 4015.0 t -258.818756
4015.0 4035.0 ssil -315.788239
4035.0 4075.0 ssil -672.625061 DIE
4075.0 4095.0 d -316.223358
4095.0 4175.0 i -948.363892
4175.0 4190.0 ssil -212.562286
4190.0 4205.0 ssil -215.021103 ZO
4205.0 4345.0 z -1805.802246
4345.0 4495.0 o -1812.255249
4495.0 4510.0 ssil -235.522079
4510.0 4525.0 ssil -239.771179 LEUK
4525.0 4540.0 l -203.610992
4540.0 4715.0 eu -1936.035889
4715.0 4730.0 k -226.073059
4730.0 4745.0 ssil -209.839859
4745.0 4760.0 ssil -212.057907 STAAT
4760.0 4815.0 s -801.798157
4815.0 4880.0 t -883.073792
4880.0 5075.0 a -2456.569336
5075.0 5090.0 t -248.660110
5090.0 5125.0 ssil -485.147125
5125.0 5280.0 ssil -2139.794922 BIJ
5280.0 5320.0 b -529.277954
5320.0 5445.0 ei -1221.378418
5445.0 5460.0 ssil -182.859650
5460.0 5475.0 ssil -178.741714 HET
5475.0 5505.0 h -385.925537
5505.0 5595.0 ec -1172.506836
5595.0 5630.0 t -427.791931
5630.0 5645.0 ssil -195.847519
5645.0 5660.0 ssil -198.123550 GELE
5660.0 5750.0 gc -1218.365234
5750.0 5905.0 ic -1907.338257
5905.0 5935.0 l -402.665833
5935.0 5970.0 @ -496.758942
5970.0 5985.0 ssil -248.440536
5985.0 6000.0 ssil -236.607269 LAKEN
6000.0 6075.0 l -1161.340332
6075.0 6270.0 a -2604.070068
6270.0 6305.0 k -587.017822
6305.0 6390.0 @ -1182.685669
6390.0 6665.0 ssil -3496.156006
.
