#!MLF!#
"/net/aistaff/aki/_same-utterance/wav/01/Limburg/3292-1449509997-440107.rec"
0.0 15.0 ssil -146.071976 DE
15.0 30.0 d -176.721527
30.0 590.0 @ -4753.401367
590.0 605.0 ssil -206.035095
605.0 620.0 ssil -207.622864 SPREI
620.0 730.0 s -1427.100098
730.0 775.0 p -645.019104
775.0 805.0 r -342.042358
805.0 1005.0 ei -2201.340332
1005.0 1020.0 ssil -221.037521
1020.0 1035.0 ssil -217.290421 DIE
1035.0 1050.0 d -237.604797
1050.0 1175.0 i -1421.310669
1175.0 1190.0 ssil -239.918594
1190.0 1205.0 ssil -233.711731 JIJ
1205.0 1220.0 j -207.579285
1220.0 1235.0 ei -184.346313
1235.0 1250.0 ssil -204.871979
1250.0 1265.0 ssil -236.521332 BRACHT
1265.0 1295.0 b -487.464600
1295.0 1310.0 r -219.285248
1310.0 1450.0 ac -1711.653076
1450.0 1580.0 x -1798.534912
1580.0 1675.0 t -1412.799927
1675.0 1715.0 ssil -526.919861
1715.0 1760.0 ssil -645.546509 HEEFT
1760.0 1785.0 h -305.439819
1785.0 1855.0 e -844.727783
1855.0 1870.0 f -212.521408
1870.0 1895.0 ssil -365.382050
1895.0 1925.0 ssil -507.042175 SUZAN
1925.0 2005.0 s -1139.375488
2005.0 2020.0 @ -250.743271
2020.0 2090.0 s -1109.675659
2090.0 2200.0 ac -1314.439819
2200.0 2230.0 n -395.308472
2230.0 2260.0 ssil -385.472198
2260.0 2315.0 ssil -781.310730 ALTIJD
2315.0 2415.0 ac -1124.971191
2415.0 2490.0 l -1086.404785
2490.0 2545.0 t -832.060425
2545.0 2605.0 ei -815.850220
2605.0 2640.0 t -562.850586
2640.0 2660.0 ssil -329.916748
2660.0 2680.0 ssil -329.269196 AL
2680.0 2720.0 ac -492.061584
2720.0 2810.0 l -1040.984863
2810.0 2825.0 ssil -205.197525
2825.0 2840.0 ssil -198.773819 GEWILD
2840.0 2895.0 x -769.660767
2895.0 2920.0 @ -289.225525
2920.0 3005.0 w -1041.134521
3005.0 3045.0 ic -528.103882
3045.0 3195.0 l -1698.403809
3195.0 3335.0 t -1990.026489
3335.0 3550.0 ssil -2759.195557
3550.0 3605.0 ssil -745.022522 OMDAT
3605.0 3630.0 oc -327.444061
3630.0 3705.0 m -889.489380
3705.0 3735.0 d -416.408813
3735.0 3800.0 ac -797.329956
3800.0 3815.0 t -235.874924
3815.0 3830.0 ssil -237.890533
3830.0 3845.0 ssil -247.000946 DIE
3845.0 3865.0 d -346.652954
3865.0 3940.0 i -1074.178833
3940.0 3955.0 ssil -272.601318
3955.0 3985.0 ssil -581.196777 ZO
3985.0 4035.0 z -709.674622
4035.0 4095.0 o -766.851013
4095.0 4120.0 ssil -311.739563
4120.0 4140.0 ssil -270.353607 LEUK
4140.0 4190.0 l -677.229065
4190.0 4300.0 eu -1412.437866
4300.0 4365.0 k -921.040894
4365.0 4380.0 ssil -224.971985
4380.0 4395.0 ssil -234.412979 STAAT
4395.0 4435.0 s -615.004395
4435.0 4475.0 t -582.844299
4475.0 4615.0 a -1605.737915
4615.0 4630.0 t -232.898193
4630.0 4655.0 ssil -307.545715
4655.0 4670.0 ssil -188.598938 BIJ
4670.0 4730.0 b -740.411377
4730.0 4840.0 ei -1081.464844
4840.0 4855.0 ssil -243.171753
4855.0 4870.0 ssil -265.557251 HET
4870.0 4885.0 h -291.298004
4885.0 4900.0 ec -313.091827
4900.0 4915.0 t -281.019836
4915.0 4930.0 ssil -256.656250
4930.0 4955.0 ssil -406.954803 GELE
4955.0 5000.0 gc -645.712097
5000.0 5120.0 e -1273.186646
5120.0 5160.0 l -551.291809
5160.0 5175.0 @ -205.992905
5175.0 5190.0 ssil -196.776077
5190.0 5205.0 ssil -190.728912 LAKEN
5205.0 5265.0 l -720.173523
5265.0 5435.0 a -1704.236450
5435.0 5540.0 k -1481.647339
5540.0 5630.0 @ -1030.587036
5630.0 6270.0 ssil -7486.535156
.
