#!MLF!#
"/net/aistaff/aki/_same-utterance/wav/01/Limburg/3594-1449606371-504723.rec"
0.0 15.0 ssil -151.267914 DE
15.0 30.0 d -181.316299
30.0 720.0 @ -5897.937988
720.0 750.0 ssil -408.471802
750.0 995.0 ssil -2858.406982 SPREI
995.0 1140.0 z -1808.820068
1140.0 1250.0 p -1392.448242
1250.0 1295.0 r -576.833130
1295.0 1485.0 ei -2422.211182
1485.0 1500.0 ssil -188.350327
1500.0 1520.0 ssil -251.532364 DIE
1520.0 1535.0 d -192.751434
1535.0 1575.0 i -470.674866
1575.0 1590.0 ssil -178.997375
1590.0 1605.0 ssil -178.788452 JIJ
1605.0 1700.0 j -1008.186584
1700.0 1800.0 ei -1168.833740
1800.0 1830.0 ssil -374.394806
1830.0 1860.0 ssil -386.651550 BRACHT
1860.0 1925.0 b -845.327698
1925.0 2005.0 r -922.842468
2005.0 2130.0 ac -1602.208740
2130.0 2185.0 x -720.097717
2185.0 2205.0 ssil -253.911148
2205.0 2275.0 ssil -884.591858 HEEFT
2275.0 2290.0 h -217.671585
2290.0 2355.0 e -794.844971
2355.0 2370.0 f -227.282059
2370.0 2385.0 ssil -208.309982
2385.0 2400.0 ssil -216.726212 SUZAN
2400.0 2470.0 z -982.317139
2470.0 2545.0 y -917.868103
2545.0 2630.0 s -1201.339600
2630.0 2740.0 ac -1258.652344
2740.0 2765.0 n -331.525879
2765.0 2780.0 ssil -192.460327
2780.0 2915.0 ssil -1785.808472 ALTIJD
2915.0 3045.0 ac -1510.340576
3045.0 3080.0 l -523.941284
3080.0 3135.0 t -771.751343
3135.0 3185.0 ei -624.919922
3185.0 3215.0 t -451.660980
3215.0 3230.0 ssil -230.185318
3230.0 3245.0 ssil -229.366745 AL
3245.0 3340.0 ac -1017.897217
3340.0 3390.0 l -562.605530
3390.0 3405.0 ssil -210.462402
3405.0 3420.0 ssil -243.524475 GEWILD
3420.0 3450.0 gc -434.774536
3450.0 3535.0 @ -947.062622
3535.0 3565.0 w -331.049713
3565.0 3660.0 ic -976.580994
3660.0 3780.0 l -1268.892334
3780.0 3885.0 ssil -1314.622803
3885.0 4490.0 ssil -6871.668457 OMDAT
4490.0 4540.0 oc -575.554932
4540.0 4620.0 m -1024.544067
4620.0 4660.0 d -603.141541
4660.0 4705.0 ac -520.790283
4705.0 4720.0 t -225.532806
4720.0 4750.0 ssil -355.598602
4750.0 4785.0 ssil -439.079468 DIE
4785.0 4800.0 d -194.856323
4800.0 4845.0 i -568.129089
4845.0 4860.0 ssil -240.820633
4860.0 4875.0 ssil -215.898026 ZO
4875.0 4945.0 z -959.938293
4945.0 5010.0 o -796.251831
5010.0 5025.0 ssil -196.724136
5025.0 5040.0 ssil -213.729568 LEUK
5040.0 5075.0 l -463.309387
5075.0 5250.0 eu -2157.259033
5250.0 5280.0 k -461.751099
5280.0 5295.0 ssil -225.142715
5295.0 5310.0 ssil -202.626205 STAAT
5310.0 5380.0 s -875.550537
5380.0 5430.0 t -671.650696
5430.0 5625.0 a -2027.252686
5625.0 5640.0 t -203.762451
5640.0 5710.0 ssil -852.708679
5710.0 5815.0 ssil -1218.142456 BIJ
5815.0 5860.0 b -668.485657
5860.0 5950.0 ei -948.131104
5950.0 5965.0 ssil -191.993576
5965.0 5980.0 ssil -206.500290 HET
5980.0 5995.0 h -189.760666
5995.0 6010.0 ec -204.861984
6010.0 6030.0 t -290.632263
6030.0 6045.0 ssil -212.947342
6045.0 6060.0 ssil -208.923889 GELE
6060.0 6125.0 gc -858.795349
6125.0 6285.0 ic -1810.907471
6285.0 6300.0 l -190.469849
6300.0 6365.0 @ -669.323853
6365.0 6380.0 ssil -182.021896
6380.0 6395.0 ssil -201.742950 LAKEN
6395.0 6420.0 l -319.961121
6420.0 6645.0 a -2271.956787
6645.0 6740.0 k -1351.841553
6740.0 6825.0 @ -977.458435
6825.0 8335.0 ssil -16915.287109
.
