#!MLF!#
"/net/aistaff/aki/_same-utterance/wav/01/Limburg/3677-1449653503-524468.rec"
0.0 320.0 ssil -3679.657227 DE
320.0 335.0 d -238.416473
335.0 395.0 ssil -827.119629
395.0 2180.0 ssil -21453.812500 SPREI
2180.0 2305.0 s -1790.387329
2305.0 2350.0 p -601.335022
2350.0 2435.0 r -1181.536011
2435.0 2495.0 ei -857.762085
2495.0 2510.0 ssil -238.062149
2510.0 2525.0 ssil -222.674515 DIE
2525.0 2540.0 d -216.673462
2540.0 2570.0 i -407.885315
2570.0 2585.0 ssil -221.758331
2585.0 2600.0 ssil -241.583221 JIJ
2600.0 2670.0 j -944.092163
2670.0 2800.0 ei -1743.590820
2800.0 2830.0 ssil -417.845245
2830.0 2850.0 ssil -271.125824 BRACHT
2850.0 2885.0 b -471.273041
2885.0 2925.0 r -535.852844
2925.0 3015.0 ac -1177.162964
3015.0 3065.0 x -636.324341
3065.0 3100.0 ssil -437.382446
3100.0 3195.0 ssil -1325.648193 HEEFT
3195.0 3255.0 h -885.405823
3255.0 3350.0 e -1176.758179
3350.0 3395.0 f -627.545349
3395.0 3500.0 ssil -1315.371094
3500.0 3530.0 ssil -453.466980 SUZAN
3530.0 3610.0 s -1126.874878
3610.0 3680.0 y -800.142151
3680.0 3765.0 s -1136.413940
3765.0 3855.0 ac -1077.227905
3855.0 3925.0 n -891.382568
3925.0 3950.0 ssil -357.598846
3950.0 4005.0 ssil -791.482300 ALTIJD
4005.0 4090.0 ac -1266.874146
4090.0 4200.0 l -1451.620728
4200.0 4245.0 t -800.199951
4245.0 4365.0 ei -1699.742554
4365.0 4410.0 t -677.433105
4410.0 4425.0 ssil -226.706268
4425.0 4440.0 ssil -223.871384 AL
4440.0 4525.0 ac -1028.586426
4525.0 4580.0 l -680.627014
4580.0 4595.0 ssil -218.136078
4595.0 4615.0 ssil -328.172607 GEWILD
4615.0 4630.0 gc -224.590622
4630.0 4695.0 @ -823.836914
4695.0 4745.0 w -520.031677
4745.0 4795.0 ic -678.441650
4795.0 4870.0 l -1128.029175
4870.0 4985.0 ssil -1599.987549
4985.0 5095.0 ssil -1449.676025 OMDAT
5095.0 5145.0 oc -748.252319
5145.0 5240.0 m -1112.878540
5240.0 5290.0 d -762.230530
5290.0 5330.0 ac -585.639709
5330.0 5345.0 t -223.509003
5345.0 5370.0 ssil -306.497925
5370.0 5430.0 ssil -704.016785 DIE
5430.0 5475.0 d -655.834290
5475.0 5530.0 i -669.400635
5530.0 5545.0 ssil -201.137253
5545.0 5560.0 ssil -205.862076 ZO
5560.0 5665.0 z -1314.755737
5665.0 5785.0 o -1461.006470
5785.0 5800.0 ssil -187.035553
5800.0 5825.0 ssil -383.752502 LEUK
5825.0 5845.0 l -282.322174
5845.0 5955.0 eu -1349.945679
5955.0 5975.0 k -298.798004
5975.0 5990.0 ssil -245.867096
5990.0 6005.0 ssil -212.416443 STAAT
6005.0 6060.0 s -717.544617
6060.0 6110.0 t -693.173584
6110.0 6245.0 a -1606.586304
6245.0 6260.0 t -239.695221
6260.0 6300.0 ssil -545.540710
6300.0 6355.0 ssil -715.766235 BIJ
6355.0 6390.0 b -511.749847
6390.0 6545.0 ei -2018.929321
6545.0 6560.0 ssil -242.213547
6560.0 6575.0 ssil -216.843887 HET
6575.0 6590.0 h -210.295792
6590.0 6605.0 ec -225.025970
6605.0 6645.0 t -555.342468
6645.0 6670.0 ssil -318.909241
6670.0 6700.0 ssil -384.645691 GELE
6700.0 6735.0 gc -483.469452
6735.0 6845.0 ic -1466.409546
6845.0 6870.0 l -325.174561
6870.0 6885.0 @ -224.010361
6885.0 6900.0 ssil -206.751694
6900.0 6915.0 ssil -204.041779 LAKEN
6915.0 7060.0 l -1867.284790
7060.0 7215.0 a -2054.520996
7215.0 7275.0 k -894.134827
7275.0 7355.0 @ -1174.321045
7355.0 9660.0001 ssil -26891.701172
.
