#!MLF!#
"/net/aistaff/aki/_same-utterance/wav/01/Limburg/4215-1450046289-648766.rec"
0.0 100.0 ssil -955.236938 DE
100.0 115.0 d -219.225723
115.0 145.0 ssil -467.160645
145.0 1145.0 ssil -11567.310547 SPREI
1145.0 1270.0 s -1652.123535
1270.0 1380.0 p -1471.285156
1380.0 1465.0 r -1209.419312
1465.0 1675.0 ei -2448.082764
1675.0 1690.0 ssil -197.966751
1690.0 1705.0 ssil -213.098663 DIE
1705.0 1730.0 d -354.212219
1730.0 1845.0 i -1270.882568
1845.0 1860.0 ssil -198.889099
1860.0 1875.0 ssil -214.050705 JIJ
1875.0 1915.0 j -442.748413
1915.0 2050.0 ei -1480.671875
2050.0 2260.0 ssil -2823.548340
2260.0 2560.0 ssil -3504.442871 BRACHT
2560.0 2615.0 b -774.781860
2615.0 2680.0 r -928.640076
2680.0 2805.0 ac -1580.032959
2805.0 2955.0 x -2033.670532
2955.0 3000.0 t -670.409973
3000.0 3015.0 ssil -241.657440
3015.0 3040.0 ssil -388.260651 HEEFT
3040.0 3055.0 h -221.773819
3055.0 3140.0 e -1052.279907
3140.0 3155.0 f -241.736099
3155.0 3170.0 ssil -218.552612
3170.0 3185.0 ssil -234.882507 SUZAN
3185.0 3275.0 s -1251.801758
3275.0 3340.0 y -835.526978
3340.0 3435.0 s -1286.260254
3435.0 3520.0 ac -1045.868530
3520.0 3580.0 n -793.734070
3580.0 3595.0 ssil -216.319916
3595.0 3610.0 ssil -237.181152 ALTIJD
3610.0 3745.0 ac -1585.776001
3745.0 3805.0 l -878.466675
3805.0 3865.0 t -886.776733
3865.0 3905.0 ei -573.351562
3905.0 3920.0 t -227.952606
3920.0 3935.0 ssil -214.584473
3935.0 3950.0 ssil -245.391693 AL
3950.0 4055.0 ac -1446.601929
4055.0 4140.0 l -1061.850220
4140.0 4155.0 ssil -218.173248
4155.0 4170.0 ssil -210.198837 GEWILD
4170.0 4225.0 x -713.385254
4225.0 4290.0 @ -753.466675
4290.0 4320.0 w -353.211731
4320.0 4415.0 ic -1054.776367
4415.0 4530.0 l -1348.177734
4530.0 4655.0 t -1846.800293
4655.0 4810.0 ssil -1917.549072
4810.0 5000.0 ssil -2456.460938 OMDAT
5000.0 5030.0 m -409.913574
5030.0 5045.0 d -225.718765
5045.0 5100.0 ac -727.035645
5100.0 5115.0 t -242.662949
5115.0 5130.0 ssil -207.395020
5130.0 5155.0 ssil -361.445892 DIE
5155.0 5175.0 d -312.752106
5175.0 5220.0 i -554.831360
5220.0 5235.0 ssil -206.393707
5235.0 5250.0 ssil -196.801086 ZO
5250.0 5345.0 s -1254.064331
5345.0 5400.0 o -689.825317
5400.0 5420.0 ssil -264.630707
5420.0 5445.0 ssil -393.628510 LEUK
5445.0 5480.0 l -475.290222
5480.0 5610.0 eu -1437.218506
5610.0 5635.0 k -378.441864
5635.0 5650.0 ssil -228.019806
5650.0 5685.0 ssil -501.506439 STAAT
5685.0 5720.0 s -489.741119
5720.0 5800.0 t -1110.580078
5800.0 5945.0 a -1591.511841
5945.0 5960.0 t -215.438126
5960.0 5975.0 ssil -188.621704
5975.0 5990.0 ssil -176.162643 BIJ
5990.0 6015.0 b -338.805237
6015.0 6160.0 ei -1418.060303
6160.0 6175.0 ssil -187.020340
6175.0 6210.0 ssil -445.204468 HET
6210.0 6225.0 h -209.801453
6225.0 6240.0 ec -241.226501
6240.0 6260.0 t -287.470642
6260.0 6280.0 ssil -255.038132
6280.0 6295.0 ssil -197.261383 GELE
6295.0 6360.0 gc -923.577820
6360.0 6490.0 e -1458.000732
6490.0 6545.0 l -786.455872
6545.0 6570.0 @ -294.296051
6570.0 6585.0 ssil -185.781204
6585.0 6600.0 ssil -189.261185 LAKEN
6600.0 6710.0 l -1228.044434
6710.0 6970.0 a -3205.542725
6970.0 7065.0 k -1376.144775
7065.0 7125.0 @ -804.737793
7125.0 7475.0 ssil -4136.155762
.
