#!MLF!#
"/net/aistaff/aki/_same-utterance/wav/01/Limburg/4390-1450340153-705625.rec"
0.0 145.0 ssil -1334.737305 DE
145.0 190.0 d -688.450928
190.0 205.0 @ -188.609863
205.0 865.0 ssil -7999.999023
865.0 1035.0 ssil -2306.104004 SPREI
1035.0 1150.0 z -1570.867065
1150.0 1205.0 p -755.870911
1205.0 1260.0 r -748.441528
1260.0 1420.0 ei -2014.937012
1420.0 1435.0 ssil -203.566971
1435.0 1450.0 ssil -216.355057 DIE
1450.0 1470.0 d -279.340454
1470.0 1580.0 i -1121.579956
1580.0 1595.0 ssil -224.595795
1595.0 1610.0 ssil -222.242737 JIJ
1610.0 1630.0 j -260.884308
1630.0 1765.0 ei -1607.443970
1765.0 1780.0 ssil -209.967484
1780.0 1795.0 ssil -205.034927 BRACHT
1795.0 1815.0 b -279.541077
1815.0 1840.0 r -358.528717
1840.0 1970.0 ac -1512.485107
1970.0 2015.0 x -665.155334
2015.0 2060.0 ssil -680.943604
2060.0 2115.0 ssil -807.187927 HEEFT
2115.0 2185.0 e -825.745056
2185.0 2200.0 f -240.305573
2200.0 2215.0 ssil -218.556213
2215.0 2230.0 ssil -220.204147 SUZAN
2230.0 2275.0 z -548.153076
2275.0 2290.0 @ -237.308609
2290.0 2385.0 s -1309.192017
2385.0 2440.0 ac -702.424011
2440.0 2495.0 n -716.360840
2495.0 2525.0 ssil -398.387482
2525.0 2590.0 ssil -946.521851 ALTIJD
2590.0 2640.0 ac -668.914001
2640.0 2785.0 l -1884.265869
2785.0 2820.0 t -526.459839
2820.0 2875.0 ei -655.339478
2875.0 2900.0 t -342.515564
2900.0 2915.0 ssil -216.889984
2915.0 2930.0 ssil -242.108795 AL
2930.0 3000.0 ac -922.916077
3000.0 3110.0 l -1257.210571
3110.0 3125.0 ssil -222.871536
3125.0 3140.0 ssil -231.099823 GEWILD
3140.0 3170.0 gc -445.041901
3170.0 3280.0 @ -1256.362793
3280.0 3295.0 w -215.769043
3295.0 3310.0 ic -217.114182
3310.0 3480.0 l -2247.034424
3480.0 3535.0 t -732.651611
3535.0 3590.0 ssil -662.398987
3590.0 3960.0 ssil -4474.103516 OMDAT
3960.0 3975.0 @ -225.511551
3975.0 4040.0 m -928.517883
4040.0 4055.0 d -237.463058
4055.0 4135.0 ac -1028.162109
4135.0 4150.0 t -234.605179
4150.0 4195.0 ssil -611.366272
4195.0 4220.0 ssil -352.357330 DIE
4220.0 4240.0 d -303.667786
4240.0 4305.0 i -819.467590
4305.0 4320.0 ssil -217.873032
4320.0 4335.0 ssil -205.364883 ZO
4335.0 4405.0 z -891.509521
4405.0 4430.0 o -343.267548
4430.0 4445.0 ssil -209.615646
4445.0 4460.0 ssil -223.052414 LEUK
4460.0 4520.0 l -842.496033
4520.0 4675.0 eu -1797.175049
4675.0 4695.0 k -285.698639
4695.0 4710.0 ssil -221.428848
4710.0 4725.0 ssil -198.745972 STAAT
4725.0 4740.0 s -197.773651
4740.0 4795.0 t -807.708374
4795.0 4955.0 a -1794.208496
4955.0 4970.0 t -224.471237
4970.0 4990.0 ssil -251.798813
4990.0 5015.0 ssil -321.142700 BIJ
5015.0 5040.0 b -375.542084
5040.0 5120.0 ei -902.310486
5120.0 5135.0 ssil -236.242508
5135.0 5150.0 ssil -232.907288 HET
5150.0 5165.0 h -228.525131
5165.0 5230.0 ec -902.158691
5230.0 5255.0 t -340.585815
5255.0 5295.0 ssil -523.708252
5295.0 5310.0 ssil -192.373276 GELE
5310.0 5340.0 gc -497.539062
5340.0 5475.0 e -1555.935547
5475.0 5490.0 l -189.790451
5490.0 5530.0 @ -459.959808
5530.0 5545.0 ssil -220.423813
5545.0 5560.0 ssil -225.150024 LAKEN
5560.0 5605.0 l -577.713196
5605.0 5835.0 a -2861.807129
5835.0 5915.0 k -1192.259644
5915.0 5960.0 @ -550.201172
5960.0 6015.0 n -719.323425
6015.0 6525.0 ssil -6054.643555
.
