#!MLF!#
"/net/aistaff/aki/_same-utterance/wav/01/Limburg/4547-1450613339-739728.rec"
0.0 195.0 ssil -1879.613647 DE
195.0 225.0 d -457.248260
225.0 370.0 ssil -1690.549561
370.0 870.0 ssil -6662.691406 SPREI
870.0 1070.0 z -2647.661621
1070.0 1100.0 p -530.357422
1100.0 1140.0 r -558.781433
1140.0 1340.0 ei -2144.626709
1340.0 1355.0 ssil -198.311569
1355.0 1400.0 ssil -601.010681 DIE
1400.0 1420.0 d -284.962555
1420.0 1480.0 i -684.761475
1480.0 1495.0 ssil -200.029495
1495.0 1510.0 ssil -195.189880 JIJ
1510.0 1575.0 j -662.486023
1575.0 1745.0 ei -1793.911987
1745.0 1760.0 ssil -206.211655
1760.0 1780.0 ssil -263.500427 BRACHT
1780.0 1795.0 b -205.285843
1795.0 1825.0 r -437.613373
1825.0 1995.0 ac -1923.312744
1995.0 2095.0 x -1328.697021
2095.0 2225.0 t -1632.854980
2225.0 2280.0 ssil -679.716492
2280.0 2445.0 ssil -2157.399170 HEEFT
2445.0 2525.0 e -1016.096008
2525.0 2540.0 f -235.656403
2540.0 2590.0 t -759.743774
2590.0 2605.0 ssil -247.179901
2605.0 2625.0 ssil -330.312836 SUZAN
2625.0 2705.0 s -1100.289673
2705.0 2775.0 y -823.605103
2775.0 2860.0 s -1128.903320
2860.0 2955.0 ac -1040.582886
2955.0 2970.0 n -192.233658
2970.0 2985.0 ssil -187.466141
2985.0 3000.0 ssil -211.007355 ALTIJD
3000.0 3160.0 ac -2122.360352
3160.0 3175.0 l -229.895905
3175.0 3210.0 t -559.805969
3210.0 3315.0 ei -1282.765137
3315.0 3330.0 t -273.096161
3330.0 3345.0 ssil -235.407532
3345.0 3360.0 ssil -217.569046 AL
3360.0 3415.0 ac -626.575928
3415.0 3480.0 l -796.678040
3480.0 3495.0 ssil -193.811646
3495.0 3510.0 ssil -189.193695 GEWILD
3510.0 3535.0 gc -330.857574
3535.0 3650.0 w -1159.032227
3650.0 3685.0 ic -378.632294
3685.0 3795.0 l -1304.441162
3795.0 3850.0 t -752.429688
3850.0 4135.0 ssil -3472.145020
4135.0 4210.0 ssil -1000.654114 OMDAT
4210.0 4300.0 m -1106.650513
4300.0 4335.0 d -491.731354
4335.0 4390.0 ac -591.891357
4390.0 4405.0 t -242.194504
4405.0 4440.0 ssil -481.977509
4440.0 4455.0 ssil -245.640579 DIE
4455.0 4490.0 d -519.170166
4490.0 4535.0 i -553.070312
4535.0 4550.0 ssil -214.121185
4550.0 4565.0 ssil -213.268311 ZO
4565.0 4670.0 z -1295.445557
4670.0 4690.0 o -261.411011
4690.0 4725.0 ssil -449.985138
4725.0 4740.0 ssil -226.251129 LEUK
4740.0 4790.0 l -668.109436
4790.0 4905.0 eu -1231.134644
4905.0 4920.0 k -248.862823
4920.0 4935.0 ssil -246.966751
4935.0 4955.0 ssil -313.856262 STAAT
4955.0 5065.0 s -1473.303955
5065.0 5135.0 t -978.824951
5135.0 5410.0 a -2903.744873
5410.0 5425.0 t -245.761948
5425.0 5440.0 ssil -197.115967
5440.0 5455.0 ssil -208.941238 BIJ
5455.0 5480.0 b -370.195740
5480.0 5585.0 ei -1180.380493
5585.0 5600.0 ssil -189.170761
5600.0 5615.0 ssil -185.641647 HET
5615.0 5630.0 h -171.797806
5630.0 5695.0 ec -746.296448
5695.0 5770.0 t -1052.722168
5770.0 5785.0 ssil -189.433990
5785.0 5800.0 ssil -196.774551 GELE
5800.0 5850.0 gc -712.521851
5850.0 5970.0 e -1203.437622
5970.0 6030.0 l -713.378601
6030.0 6055.0 @ -297.969299
6055.0 6070.0 ssil -196.399353
6070.0 6085.0 ssil -196.531860 LAKEN
6085.0 6165.0 l -891.582703
6165.0 6380.0 a -2645.188232
6380.0 6425.0 k -628.608521
6425.0 6500.0 @ -953.550293
6500.0 6875.0 ssil -4401.429199
.
