#!MLF!#
"/net/aistaff/aki/_same-utterance/wav/01/Limburg/4642-1450781328-761365.rec"
0.0 15.0 ssil -138.022888 DE
15.0 30.0 d -175.453262
30.0 320.0 @ -2295.430420
320.0 880.0 ssil -6501.714844
880.0 1040.0 ssil -2041.787109 SPREI
1040.0 1055.0 s -214.014938
1055.0 1100.0 p -650.473816
1100.0 1145.0 r -618.844299
1145.0 1275.0 ei -1469.903198
1275.0 1290.0 ssil -183.615768
1290.0 1305.0 ssil -184.414642 DIE
1305.0 1325.0 d -266.003235
1325.0 1350.0 i -299.880768
1350.0 1365.0 ssil -182.812088
1365.0 1380.0 ssil -186.418320 JIJ
1380.0 1485.0 j -1162.004395
1485.0 1560.0 ei -912.256836
1560.0 1575.0 ssil -180.116913
1575.0 1590.0 ssil -182.374496 BRACHT
1590.0 1625.0 b -526.275024
1625.0 1640.0 r -212.955627
1640.0 1790.0 ac -1713.143188
1790.0 1875.0 x -1199.408325
1875.0 1890.0 ssil -203.610001
1890.0 2005.0 ssil -1430.775391 HEEFT
2005.0 2080.0 e -873.685852
2080.0 2095.0 f -215.745987
2095.0 2110.0 ssil -191.606216
2110.0 2125.0 ssil -204.469711 SUZAN
2125.0 2190.0 s -885.158752
2190.0 2275.0 y -1030.327393
2275.0 2335.0 s -796.373169
2335.0 2430.0 ac -1098.636230
2430.0 2515.0 n -1094.515747
2515.0 2535.0 ssil -303.494568
2535.0 2550.0 ssil -196.823013 ALTIJD
2550.0 2615.0 ac -873.614441
2615.0 2695.0 l -889.328979
2695.0 2745.0 t -692.952759
2745.0 2770.0 ei -357.804413
2770.0 2825.0 t -753.152527
2825.0 2840.0 ssil -212.280884
2840.0 2855.0 ssil -223.916946 AL
2855.0 2890.0 ac -432.983582
2890.0 2970.0 l -939.868835
2970.0 2990.0 ssil -268.079071
2990.0 3005.0 ssil -177.847870 GEWILD
3005.0 3020.0 gc -189.249451
3020.0 3070.0 @ -600.922974
3070.0 3140.0 w -769.380981
3140.0 3190.0 ic -587.938293
3190.0 3310.0 l -1527.614136
3310.0 3400.0 t -1109.834961
3400.0 4075.0 ssil -7772.899414
4075.0 4180.0 ssil -1223.906372 OMDAT
4180.0 4230.0 oc -591.960632
4230.0 4290.0 m -661.005920
4290.0 4310.0 d -258.441833
4310.0 4445.0 ac -1693.884644
4445.0 4460.0 t -235.807861
4460.0 4475.0 ssil -204.677734
4475.0 4510.0 ssil -465.480194 DIE
4510.0 4525.0 d -211.407715
4525.0 4540.0 i -207.788132
4540.0 4555.0 ssil -177.616989
4555.0 4570.0 ssil -181.049530 ZO
4570.0 4645.0 z -960.662354
4645.0 4680.0 o -452.510590
4680.0 4695.0 ssil -193.375504
4695.0 4710.0 ssil -178.425461 LEUK
4710.0 4780.0 l -911.613464
4780.0 4875.0 eu -1146.548706
4875.0 4890.0 k -222.255386
4890.0 4905.0 ssil -215.097595
4905.0 4920.0 ssil -218.456375 STAAT
4920.0 4945.0 s -351.762878
4945.0 5000.0 t -823.548401
5000.0 5090.0 a -1015.283020
5090.0 5105.0 t -220.649948
5105.0 5140.0 ssil -502.351929
5140.0 5180.0 ssil -577.467896 BIJ
5180.0 5195.0 b -212.081039
5195.0 5215.0 ei -251.342331
5215.0 5280.0 ssil -761.528992
5280.0 5305.0 ssil -357.984619 HET
5305.0 5330.0 h -318.289520
5330.0 5440.0 ec -1307.752075
5440.0 5515.0 t -948.074158
5515.0 5545.0 ssil -428.087006
5545.0 5575.0 ssil -374.508514 GELE
5575.0 5590.0 gc -191.230484
5590.0 5760.0 ic -2100.951172
5760.0 5795.0 l -500.342468
5795.0 5820.0 @ -334.409149
5820.0 5835.0 ssil -214.268524
5835.0 5850.0 ssil -217.405823 LAKEN
5850.0 5920.0 l -879.565979
5920.0 6065.0 a -1469.625732
6065.0 6165.0 k -1482.562866
6165.0 6240.0 @ -954.599670
6240.0 6425.0 n -2098.165771
6425.0 7360.0 ssil -10407.909180
.
