#!MLF!#
"/net/aistaff/aki/_same-utterance/wav/01/Limburg/4682-1450962631-775550.rec"
0.0 1184.9999 ssil -13377.268555 DE
1184.9999 1214.9999 d -432.847443
1214.9999 1264.9999 @ -647.124573
1264.9999 1299.9999 ssil -535.291687
1300.0 1315.0 ssil -210.154480 SPREI
1315.0 1375.0 s -846.317688
1375.0 1475.0 p -1409.041016
1475.0 1505.0 r -412.922516
1505.0 1645.0 ei -1571.518188
1645.0 1660.0 ssil -213.120285
1660.0 1675.0 ssil -253.744827 DIE
1675.0 1710.0 d -562.388000
1710.0 1775.0 i -719.742249
1775.0 1790.0 ssil -208.720291
1790.0 1805.0 ssil -208.233078 JIJ
1805.0 1865.0 j -653.024048
1865.0 1950.0 ei -969.380005
1950.0 1985.0 ssil -453.209351
1985.0 2005.0 ssil -251.351608 BRACHT
2005.0 2045.0 b -576.235046
2045.0 2060.0 r -230.900436
2060.0 2275.0 ac -2851.494873
2275.0 2345.0 x -1010.374451
2345.0 2445.0 t -1443.877563
2445.0 2605.0 ssil -1911.850464
2605.0 2640.0 ssil -544.517456 HEEFT
2640.0 2715.0 e -960.010376
2715.0 2730.0 f -253.163376
2730.0 2745.0 ssil -233.971130
2745.0 2760.0 ssil -235.353378 SUZAN
2760.0 2845.0 z -1165.257324
2845.0 2900.0 y -782.890076
2900.0 2965.0 s -1025.061401
2965.0 3050.0 ac -1053.839966
3050.0 3080.0 n -390.914124
3080.0 3095.0 ssil -213.351608
3095.0 3110.0 ssil -213.371735 ALTIJD
3110.0 3260.0 ac -1908.013428
3260.0 3305.0 l -603.268188
3305.0 3350.0 t -713.152161
3350.0 3405.0 ei -779.729126
3405.0 3420.0 t -265.662506
3420.0 3435.0 ssil -232.795151
3435.0 3450.0 ssil -240.890274 AL
3450.0 3485.0 ac -454.711823
3485.0 3580.0 l -1077.078247
3580.0 3620.0 ssil -596.488159
3620.0 3635.0 ssil -209.606216 GEWILD
3635.0 3665.0 x -409.658081
3665.0 3720.0 @ -649.994751
3720.0 3765.0 w -524.818848
3765.0 3830.0 ic -667.961304
3830.0 3990.0 l -1808.779663
3990.0 4075.0 t -1124.688599
4075.0 4095.0 ssil -249.643311
4095.0 4355.0 ssil -3047.761230 OMDAT
4355.0 4395.0 oc -570.326050
4395.0 4455.0 m -750.301147
4455.0 4475.0 d -271.026428
4475.0 4575.0 ac -1278.885620
4575.0 4595.0 t -281.416473
4595.0 4610.0 ssil -227.317032
4610.0 4625.0 ssil -227.667068 DIE
4625.0 4640.0 d -234.821915
4640.0 4715.0 i -903.997009
4715.0 4735.0 ssil -289.419098
4735.0 4755.0 ssil -296.588531 ZO
4755.0 4810.0 z -705.224792
4810.0 4825.0 o -189.058365
4825.0 4840.0 ssil -200.743179
4840.0 4855.0 ssil -219.371872 LEUK
4855.0 4895.0 l -560.648010
4895.0 5060.0 eu -1848.644409
5060.0 5080.0 k -354.494537
5080.0 5095.0 ssil -249.073807
5095.0 5110.0 ssil -234.414627 STAAT
5110.0 5150.0 s -562.379028
5150.0 5255.0 t -1503.123535
5255.0 5455.0 a -2532.274170
5455.0 5470.0 t -223.283829
5470.0 5485.0 ssil -191.161179
5485.0 5500.0 ssil -200.618576 BIJ
5500.0 5525.0 b -374.393799
5525.0 5695.0 ei -1849.351807
5695.0 5710.0 ssil -195.933578
5710.0 5725.0 ssil -200.357681 HET
5725.0 5740.0 h -228.850693
5740.0 5755.0 ec -260.966156
5755.0 5775.0 t -318.341034
5775.0 5800.0 ssil -403.502319
5800.0 5825.0 ssil -350.930634 GELE
5825.0 5890.0 gc -894.632568
5890.0 6005.0 e -1327.602661
6005.0 6035.0 l -383.977997
6035.0 6070.0 @ -442.362488
6070.0 6085.0 ssil -202.502548
6085.0 6100.0 ssil -202.174408 LAKEN
6100.0 6170.0 l -841.027954
6170.0 6395.0 a -2601.088867
6395.0 6490.0 k -1320.300537
6490.0 6550.0 @ -763.931946
6550.0 7270.0 ssil -8137.365234
.
