#!MLF!#
"/net/aistaff/aki/_same-utterance/wav/01/Limburg/4830-1451420296-821493.rec"
0.0 150.0 ssil -1400.521118 DE
150.0 190.0 d -578.988403
190.0 205.0 @ -199.812119
205.0 690.0 ssil -6064.883301
690.0 750.0 ssil -852.723267 SPREI
750.0 905.0 s -1956.916382
905.0 935.0 p -448.951660
935.0 990.0 r -760.947876
990.0 1165.0 ei -2149.175537
1165.0 1180.0 ssil -210.165298
1180.0 1195.0 ssil -221.239243 DIE
1195.0 1210.0 d -220.507599
1210.0 1310.0 i -1119.527710
1310.0 1325.0 ssil -209.769226
1325.0 1340.0 ssil -214.574371 JIJ
1340.0 1390.0 j -550.610474
1390.0 1475.0 ei -901.697205
1475.0 1495.0 ssil -246.450378
1495.0 1510.0 ssil -192.837891 BRACHT
1510.0 1560.0 b -662.515137
1560.0 1580.0 r -320.452271
1580.0 1780.0 ac -2714.019775
1780.0 1870.0 x -1289.636841
1870.0 1995.0 t -1735.967651
1995.0 2085.0 ssil -1246.257324
2085.0 2120.0 ssil -490.038788 HEEFT
2120.0 2135.0 h -215.387253
2135.0 2230.0 e -1058.102051
2230.0 2245.0 f -237.727539
2245.0 2270.0 t -365.354156
2270.0 2300.0 ssil -395.509003
2300.0 2315.0 ssil -225.898315 SUZAN
2315.0 2390.0 s -982.378601
2390.0 2470.0 y -930.061035
2470.0 2545.0 s -1017.123535
2545.0 2660.0 ac -1375.059204
2660.0 2740.0 n -916.940613
2740.0 2775.0 ssil -506.454041
2775.0 2830.0 ssil -842.717773 ALTIJD
2830.0 2925.0 ac -1149.393433
2925.0 3010.0 l -1100.175415
3010.0 3075.0 t -1002.816772
3075.0 3180.0 ei -1283.073486
3180.0 3195.0 t -250.117050
3195.0 3210.0 ssil -245.482925
3210.0 3225.0 ssil -237.635345 AL
3225.0 3370.0 ac -1802.684937
3370.0 3385.0 l -229.076813
3385.0 3400.0 ssil -214.909515
3400.0 3415.0 ssil -205.132919 GEWILD
3415.0 3455.0 gc -541.587524
3455.0 3505.0 @ -691.813599
3505.0 3575.0 w -855.158203
3575.0 3600.0 ic -309.190674
3600.0 3745.0 l -1790.360840
3745.0 3825.0 t -1040.911865
3825.0 4225.0 ssil -4835.595703
4225.0 4470.0 ssil -3199.442627 OMDAT
4470.0 4580.0 oc -1471.822510
4580.0 4625.0 m -630.804688
4625.0 4660.0 d -513.578308
4660.0 4775.0 ac -1500.702881
4775.0 4830.0 t -812.398254
4830.0 4845.0 ssil -213.927277
4845.0 4875.0 ssil -432.394531 DIE
4875.0 4945.0 d -926.175293
4945.0 5015.0 i -810.346008
5015.0 5030.0 ssil -225.126251
5030.0 5045.0 ssil -237.764709 ZO
5045.0 5120.0 z -912.104065
5120.0 5180.0 o -722.768250
5180.0 5195.0 ssil -248.742004
5195.0 5210.0 ssil -247.106705 LEUK
5210.0 5260.0 l -684.796509
5260.0 5395.0 eu -1607.258789
5395.0 5420.0 k -372.079132
5420.0 5435.0 ssil -206.309448
5435.0 5450.0 ssil -204.606781 STAAT
5450.0 5495.0 s -607.411682
5495.0 5540.0 t -695.806946
5540.0 5700.0 a -1790.441162
5700.0 5725.0 t -406.680176
5725.0 5755.0 ssil -496.895813
5755.0 5770.0 ssil -222.096573 BIJ
5770.0 5845.0 b -1016.332214
5845.0 5930.0 ei -795.561157
5930.0 5945.0 ssil -187.632004
5945.0 5960.0 ssil -191.210892 HET
5960.0 5975.0 h -184.221741
5975.0 6005.0 ec -372.312164
6005.0 6080.0 t -1038.198486
6080.0 6095.0 ssil -219.707733
6095.0 6110.0 ssil -225.014359 GELE
6110.0 6160.0 gc -727.868713
6160.0 6260.0 e -1136.322021
6260.0 6325.0 l -924.823303
6325.0 6365.0 @ -457.236298
6365.0 6380.0 ssil -212.538742
6380.0 6395.0 ssil -182.682785 LAKEN
6395.0 6450.0 l -671.578003
6450.0 6655.0 a -2434.853516
6655.0 6715.0 k -853.726990
6715.0 6835.0 @ -1599.613647
6835.0 7340.0 ssil -5753.065430
.
