#!MLF!#
"/net/aistaff/aki/_same-utterance/wav/01/Limburg/5058-1452382199-879165.rec"
0.0 630.0 ssil -7920.522949 DE
630.0 650.0 d -277.240051
650.0 670.0 @ -263.304230
670.0 685.0 ssil -178.389618
685.0 775.0 ssil -1095.191406 SPREI
775.0 930.0 s -2034.793335
930.0 975.0 p -591.769104
975.0 1045.0 r -891.052673
1045.0 1255.0 ei -2319.312012
1255.0 1325.0 ssil -886.810913
1325.0 1340.0 ssil -181.099899 DIE
1340.0 1355.0 d -188.304794
1355.0 1400.0 i -503.599640
1400.0 1430.0 ssil -352.080261
1430.0 1465.0 ssil -410.585785 JIJ
1465.0 1535.0 j -853.573730
1535.0 1635.0 ei -1169.022217
1635.0 1665.0 ssil -379.836182
1665.0 1685.0 ssil -254.782959 BRACHT
1685.0 1710.0 b -364.501709
1710.0 1725.0 r -233.605743
1725.0 1965.0 ac -2919.426514
1965.0 2055.0 x -1157.037231
2055.0 2150.0 ssil -1194.861084
2150.0 2360.0 ssil -2558.721924 HEEFT
2360.0 2500.0 e -1739.102173
2500.0 2530.0 f -427.624817
2530.0 2545.0 ssil -201.564255
2545.0 2560.0 ssil -196.118774 SUZAN
2560.0 2655.0 s -1224.076294
2655.0 2775.0 y -1404.986328
2775.0 2880.0 s -1384.883179
2880.0 2905.0 ac -311.589020
2905.0 3015.0 n -1337.019287
3015.0 3040.0 ssil -316.492920
3040.0 3100.0 ssil -770.044128 ALTIJD
3100.0 3135.0 ac -433.998566
3135.0 3300.0 l -1957.958862
3300.0 3355.0 t -784.037476
3355.0 3485.0 ei -1440.311157
3485.0 3500.0 t -228.388748
3500.0 3515.0 ssil -212.272903
3515.0 3530.0 ssil -214.406204 AL
3530.0 3645.0 ac -1348.010742
3645.0 3725.0 l -908.217834
3725.0 3740.0 ssil -225.802902
3740.0 3770.0 ssil -394.538666 GEWILD
3770.0 3785.0 gc -233.907166
3785.0 3965.0 @ -2009.253784
3965.0 4130.0 w -1901.031860
4130.0 4160.0 ic -425.527191
4160.0 4175.0 l -203.596512
4175.0 4225.0 t -654.699341
4225.0 4260.0 ssil -462.024994
4260.0 4815.0 ssil -6307.210938 OMDAT
4815.0 4875.0 oc -804.173096
4875.0 4970.0 m -1148.476562
4970.0 5020.0 d -662.059509
5020.0 5085.0 ac -792.279724
5085.0 5100.0 t -219.076736
5100.0 5120.0 ssil -258.165131
5120.0 5145.0 ssil -352.236725 DIE
5145.0 5185.0 d -606.168152
5185.0 5235.0 i -637.006897
5235.0 5250.0 ssil -227.067230
5250.0 5265.0 ssil -214.301605 ZO
5265.0 5350.0 z -1027.435059
5350.0 5435.0 o -1006.088135
5435.0 5460.0 ssil -327.341370
5460.0 5475.0 ssil -195.339615 LEUK
5475.0 5525.0 l -661.069763
5525.0 5640.0 eu -1257.357178
5640.0 5665.0 k -323.103333
5665.0 5680.0 ssil -216.135223
5680.0 5700.0 ssil -284.262451 STAAT
5700.0 5830.0 s -1629.921753
5830.0 5880.0 t -697.274536
5880.0 6120.0 a -2896.804932
6120.0 6150.0 t -404.212982
6150.0 6180.0 ssil -418.813110
6180.0 6280.0 ssil -1230.008789 BIJ
6280.0 6320.0 b -523.207825
6320.0 6430.0 ei -1194.729614
6430.0 6445.0 ssil -194.924530
6445.0 6465.0 ssil -254.505280 HET
6465.0 6480.0 h -192.250290
6480.0 6495.0 ec -203.665451
6495.0 6525.0 t -471.127716
6525.0 6540.0 ssil -240.510086
6540.0 6555.0 ssil -202.733322 GELE
6555.0 6625.0 gc -908.847534
6625.0 6745.0 ic -1349.048584
6745.0 6795.0 l -727.092407
6795.0 6925.0 @ -1470.717407
6925.0 6940.0 ssil -178.694473
6940.0 6955.0 ssil -195.131516 LAKEN
6955.0 6995.0 l -505.278839
6995.0 7195.0 a -2369.942383
7195.0 7250.0 k -782.701965
7250.0 7365.0 @ -1311.356567
7365.0 8055.0 ssil -8136.872559
.
