#!MLF!#
"/net/aistaff/aki/_same-utterance/wav/01/Limburg/5194-1453411322-916594.rec"
0.0 310.0 ssil -2513.632812 DE
310.0 340.0 d -398.314117
340.0 700.0 ssil -4353.928711
700.0 740.0 ssil -621.166199 SPREI
740.0 890.0 z -1922.578125
890.0 940.0 p -727.365417
940.0 975.0 r -462.662231
975.0 1135.0 ei -1828.769287
1135.0 1150.0 ssil -214.933563
1150.0 1165.0 ssil -217.556396 DIE
1165.0 1180.0 d -216.111389
1180.0 1195.0 i -210.747314
1195.0 1210.0 ssil -192.497253
1210.0 1225.0 ssil -189.686890 JIJ
1225.0 1355.0 j -1560.549561
1355.0 1490.0 ei -1675.015625
1490.0 1505.0 ssil -215.712128
1505.0 1520.0 ssil -232.453888 BRACHT
1520.0 1540.0 b -314.407715
1540.0 1555.0 r -216.419434
1555.0 1700.0 ac -1843.691772
1700.0 1755.0 x -809.514954
1755.0 1785.0 t -439.298462
1785.0 1800.0 ssil -207.802307
1800.0 1865.0 ssil -862.382507 HEEFT
1865.0 1955.0 e -1046.396362
1955.0 1980.0 f -354.863556
1980.0 2000.0 ssil -282.230042
2000.0 2015.0 ssil -198.002914 SUZAN
2015.0 2080.0 s -851.924927
2080.0 2140.0 y -738.855652
2140.0 2185.0 s -607.070190
2185.0 2275.0 ac -1060.083618
2275.0 2305.0 n -334.650482
2305.0 2320.0 ssil -183.320969
2320.0 2335.0 ssil -197.480591 ALTIJD
2335.0 2460.0 ac -1631.349243
2460.0 2520.0 l -846.322754
2520.0 2535.0 t -226.065689
2535.0 2550.0 ei -237.425537
2550.0 2580.0 t -458.483215
2580.0 2610.0 ssil -493.189056
2610.0 2640.0 ssil -491.741821 AL
2640.0 2735.0 ac -1067.745972
2735.0 2770.0 l -462.968140
2770.0 2785.0 ssil -191.834412
2785.0 2800.0 ssil -209.075424 GEWILD
2800.0 2815.0 gc -207.871368
2815.0 2850.0 @ -390.217255
2850.0 2930.0 w -966.603882
2930.0 2965.0 ic -440.738983
2965.0 3120.0 l -2037.084595
3120.0 3185.0 t -895.106018
3185.0 3215.0 ssil -392.473724
3215.0 3325.0 ssil -1451.721680 OMDAT
3325.0 3385.0 oc -868.484802
3385.0 3455.0 m -840.109741
3455.0 3485.0 d -455.626831
3485.0 3530.0 ac -567.512756
3530.0 3545.0 t -241.833099
3545.0 3565.0 ssil -257.462463
3565.0 3590.0 ssil -353.702026 DIE
3590.0 3615.0 d -371.857422
3615.0 3645.0 i -396.660583
3645.0 3660.0 ssil -181.362915
3660.0 3675.0 ssil -193.369949 ZO
3675.0 3760.0 z -1018.748047
3760.0 3775.0 o -204.321732
3775.0 3790.0 ssil -216.481537
3790.0 3805.0 ssil -221.498611 LEUK
3805.0 3850.0 l -581.404297
3850.0 3940.0 eu -1095.678711
3940.0 3955.0 k -230.036179
3955.0 3970.0 ssil -220.966202
3970.0 3985.0 ssil -225.906677 STAAT
3985.0 4075.0 s -1310.150757
4075.0 4110.0 t -548.317993
4110.0 4320.0 a -2550.373535
4320.0 4335.0 t -230.198730
4335.0 4350.0 ssil -184.743530
4350.0 4365.0 ssil -206.024078 BIJ
4365.0 4385.0 b -284.584778
4385.0 4470.0 ei -958.942932
4470.0 4485.0 ssil -225.010941
4485.0 4500.0 ssil -228.722046 HET
4500.0 4515.0 h -239.801117
4515.0 4530.0 ec -230.317215
4530.0 4545.0 t -222.898636
4545.0 4560.0 ssil -213.701035
4560.0 4575.0 ssil -197.794693 GELE
4575.0 4610.0 gc -518.697571
4610.0 4710.0 e -1223.459473
4710.0 4750.0 l -529.944763
4750.0 4785.0 @ -375.207672
4785.0 4800.0 ssil -211.096268
4800.0 4815.0 ssil -221.046906 LAKEN
4815.0 4900.0 l -981.841736
4900.0 5115.0 ac -2588.583008
5115.0 5170.0 k -809.988525
5170.0 5220.0 @ -585.156616
5220.0 5805.0 ssil -6664.655273
.
