#!MLF!#
"/net/aistaff/aki/_same-utterance/wav/01/Limburg/5664-1454008429-959484.rec"
0.0 85.0 ssil -893.895813 DE
85.0 100.0 d -224.273178
100.0 555.0 ssil -5194.967773
555.0 690.0 ssil -1878.914429 SPREI
690.0 860.0 s -2197.949463
860.0 930.0 p -1018.904480
930.0 995.0 r -962.565002
995.0 1165.0 ei -1922.574707
1165.0 1180.0 ssil -230.475540
1180.0 1195.0 ssil -229.090225 DIE
1195.0 1220.0 d -412.670929
1220.0 1325.0 i -1183.631348
1325.0 1340.0 ssil -219.062714
1340.0 1355.0 ssil -209.634842 JIJ
1355.0 1370.0 j -175.866638
1370.0 1485.0 ei -1193.896118
1485.0 1550.0 ssil -806.810669
1550.0 1570.0 ssil -299.391388 BRACHT
1570.0 1635.0 b -1008.911499
1635.0 1680.0 r -673.275818
1680.0 1815.0 ac -1755.806641
1815.0 1930.0 x -1593.901367
1930.0 1975.0 t -647.271301
1975.0 1990.0 ssil -217.122604
1990.0 2005.0 ssil -206.847916 HEEFT
2005.0 2020.0 h -195.843674
2020.0 2100.0 e -909.888062
2100.0 2145.0 f -599.196777
2145.0 2160.0 ssil -209.783890
2160.0 2175.0 ssil -226.457764 SUZAN
2175.0 2245.0 z -973.804443
2245.0 2295.0 y -657.498718
2295.0 2380.0 s -1146.436890
2380.0 2460.0 ac -979.380554
2460.0 2515.0 n -764.477112
2515.0 2530.0 ssil -255.484467
2530.0 2555.0 ssil -452.553284 ALTIJD
2555.0 2640.0 ac -995.919189
2640.0 2720.0 l -1127.999146
2720.0 2765.0 t -662.473328
2765.0 2880.0 ei -1272.267212
2880.0 2895.0 t -223.298386
2895.0 2910.0 ssil -212.584900
2910.0 2925.0 ssil -217.654541 AL
2925.0 2940.0 l -236.317093
2940.0 2955.0 ssil -198.328827
2955.0 2970.0 ssil -190.107193 GEWILD
2970.0 3040.0 gc -915.622009
3040.0 3110.0 @ -884.393066
3110.0 3155.0 w -492.980042
3155.0 3215.0 ic -728.260681
3215.0 3345.0 l -1441.187744
3345.0 3425.0 t -1034.002197
3425.0 3820.0 ssil -4772.640625
3820.0 3890.0 ssil -929.099182 OMDAT
3890.0 3940.0 oc -682.767151
3940.0 4010.0 m -899.897888
4010.0 4060.0 d -698.995056
4060.0 4150.0 ac -1225.876709
4150.0 4165.0 t -228.417648
4165.0 4205.0 ssil -593.569397
4205.0 4220.0 ssil -222.975403 DIE
4220.0 4235.0 d -227.027451
4235.0 4290.0 i -672.624756
4290.0 4305.0 ssil -215.195297
4305.0 4320.0 ssil -210.530838 ZO
4320.0 4420.0 z -1320.680664
4420.0 4440.0 o -310.407715
4440.0 4455.0 ssil -223.764999
4455.0 4470.0 ssil -207.459793 LEUK
4470.0 4510.0 l -456.747925
4510.0 4605.0 eu -1022.290222
4605.0 4620.0 k -269.646210
4620.0 4650.0 ssil -407.468140
4650.0 4665.0 ssil -216.196823 STAAT
4665.0 4750.0 s -1055.676392
4750.0 4795.0 t -601.155640
4795.0 4860.0 a -756.716919
4860.0 4875.0 t -245.184402
4875.0 4890.0 ssil -193.912842
4890.0 4905.0 ssil -217.926132 BIJ
4905.0 4940.0 b -484.369232
4940.0 5110.0 ei -1645.257446
5110.0 5130.0 ssil -299.223328
5130.0 5160.0 ssil -380.506042 HET
5160.0 5175.0 h -199.835114
5175.0 5190.0 ec -246.089462
5190.0 5205.0 t -194.989822
5205.0 5220.0 ssil -206.052429
5220.0 5235.0 ssil -212.897614 GELE
5235.0 5265.0 x -447.827026
5265.0 5380.0 ic -1333.146973
5380.0 5430.0 l -704.048584
5430.0 5465.0 @ -399.201965
5465.0 5480.0 ssil -200.429520
5480.0 5495.0 ssil -227.041489 LAKEN
5495.0 5575.0 l -926.200684
5575.0 5750.0 a -1869.699707
5750.0 5865.0 k -1638.030029
5865.0 5880.0 @ -194.201492
5880.0 6020.0 n -1461.103027
6020.0 6270.0 ssil -3115.744385
.
