#!MLF!#
"/net/aistaff/aki/_same-utterance/wav/01/Limburg/5728-1454057876-1063345.rec"
0.0 1150.0 ssil -13758.520508 DE
1150.0 1205.0 d -823.194824
1205.0 1245.0 @ -519.617676
1245.0 1260.0 ssil -208.409424
1260.0 1275.0 ssil -213.149506 SPREI
1275.0 1390.0 s -1506.264404
1390.0 1425.0 p -541.448120
1425.0 1580.0 r -1996.140625
1580.0 1645.0 ei -791.170532
1645.0 1660.0 ssil -229.972473
1660.0 1675.0 ssil -233.905136 DIE
1675.0 1690.0 d -218.858917
1690.0 1775.0 i -928.108887
1775.0 1790.0 ssil -193.177841
1790.0 1805.0 ssil -206.679352 JIJ
1805.0 1865.0 j -656.011963
1865.0 1990.0 ei -1479.990234
1990.0 2005.0 ssil -207.345673
2005.0 2025.0 ssil -314.780060 BRACHT
2025.0 2050.0 b -428.494873
2050.0 2075.0 r -420.019531
2075.0 2235.0 ac -2256.471191
2235.0 2340.0 x -1463.089844
2340.0 2405.0 t -897.048035
2405.0 2485.0 ssil -997.889587
2485.0 2515.0 ssil -423.918610 HEEFT
2515.0 2630.0 e -1440.999634
2630.0 2650.0 f -273.680237
2650.0 2665.0 ssil -199.021042
2665.0 2680.0 ssil -205.188934 SUZAN
2680.0 2790.0 s -1402.224365
2790.0 2835.0 y -602.971558
2835.0 2915.0 s -1155.518677
2915.0 3015.0 ac -1170.332886
3015.0 3070.0 n -669.971924
3070.0 3085.0 ssil -222.473541
3085.0 3100.0 ssil -226.250244 ALTIJD
3100.0 3180.0 ac -947.793640
3180.0 3280.0 l -1478.296997
3280.0 3325.0 t -682.843140
3325.0 3450.0 ei -1574.022461
3450.0 3465.0 t -221.515030
3465.0 3480.0 ssil -215.256851
3480.0 3515.0 ssil -572.591492 AL
3515.0 3660.0 l -1935.650024
3660.0 3690.0 ssil -391.366943
3690.0 3710.0 ssil -278.948334 GEWILD
3710.0 3730.0 x -298.228638
3730.0 3870.0 w -1674.590210
3870.0 3885.0 ic -232.429245
3885.0 3985.0 l -1352.786865
3985.0 4150.0 t -2395.461670
4150.0 4575.0 ssil -5112.946289
4575.0 4655.0 ssil -1119.112671 OMDAT
4655.0 4725.0 oc -913.046326
4725.0 4765.0 m -481.052368
4765.0 4835.0 d -982.305908
4835.0 4960.0 ac -1590.161865
4960.0 4985.0 t -374.656769
4985.0 5000.0 ssil -204.115875
5000.0 5015.0 ssil -209.535995 DIE
5015.0 5030.0 d -218.035477
5030.0 5090.0 i -736.015930
5090.0 5105.0 ssil -199.683823
5105.0 5120.0 ssil -193.830170 ZO
5120.0 5200.0 z -987.098816
5200.0 5225.0 o -345.600037
5225.0 5240.0 ssil -199.524323
5240.0 5255.0 ssil -188.937149 LEUK
5255.0 5305.0 l -675.646912
5305.0 5430.0 eu -1627.552612
5430.0 5480.0 k -743.023132
5480.0 5495.0 ssil -211.420502
5495.0 5510.0 ssil -223.618851 STAAT
5510.0 5545.0 s -480.127045
5545.0 5600.0 t -804.947144
5600.0 5770.0 a -2254.054688
5770.0 5820.0 t -705.758789
5820.0 5840.0 ssil -273.769409
5840.0 5860.0 ssil -243.879562 BIJ
5860.0 5920.0 b -776.999573
5920.0 6060.0 ei -1491.960571
6060.0 6075.0 ssil -192.392899
6075.0 6090.0 ssil -208.761383 HET
6090.0 6105.0 h -233.143494
6105.0 6120.0 ec -243.699142
6120.0 6135.0 t -211.443253
6135.0 6155.0 ssil -244.905792
6155.0 6175.0 ssil -260.088379 GELE
6175.0 6215.0 x -591.788391
6215.0 6300.0 ic -907.225647
6300.0 6315.0 l -201.457581
6315.0 6330.0 @ -213.167877
6330.0 6345.0 ssil -241.013519
6345.0 6360.0 ssil -211.413528 LAKEN
6360.0 6490.0 l -1309.461182
6490.0 6650.0 ac -1954.686890
6650.0 6735.0 k -1153.999268
6735.0 6835.0 @ -1247.097656
6835.0 7475.0 ssil -7772.802734
.
