#!MLF!#
"/net/aistaff/aki/_same-utterance/wav/01/Limburg/5882-1454010753-972894.rec"
0.0 1835.0 ssil -22863.921875 DE
1835.0 1905.0 d -905.674561
1905.0 1975.0 @ -831.944641
1975.0 2000.0 ssil -357.243927
2000.0 2045.0 ssil -568.761353 SPREI
2045.0 2160.0 z -1496.413330
2160.0 2190.0 p -443.481934
2190.0 2230.0 r -528.264648
2230.0 2470.0 ei -2943.713867
2470.0 2485.0 ssil -211.259033
2485.0 2500.0 ssil -194.486771 DIE
2500.0 2550.0 d -663.013489
2550.0 2685.0 i -1479.354248
2685.0 2700.0 ssil -212.648956
2700.0 2715.0 ssil -199.753113 JIJ
2715.0 2745.0 j -334.601349
2745.0 2880.0 ei -1554.438721
2880.0 2905.0 ssil -358.517670
2905.0 2920.0 ssil -227.044495 BRACHT
2920.0 2950.0 b -455.310883
2950.0 3100.0 r -1866.236450
3100.0 3170.0 ac -867.709167
3170.0 3260.0 x -1207.271606
3260.0 3325.0 t -859.502747
3325.0 3340.0 ssil -193.401505
3340.0 3360.0 ssil -285.354034 HEEFT
3360.0 3375.0 h -193.304230
3375.0 3480.0 e -1186.654419
3480.0 3495.0 f -217.395401
3495.0 3540.0 ssil -567.309875
3540.0 3570.0 ssil -455.877411 SUZAN
3570.0 3650.0 s -1020.327393
3650.0 3710.0 y -764.046204
3710.0 3815.0 s -1370.115723
3815.0 3930.0 ac -1201.749756
3930.0 4035.0 n -1265.133301
4035.0 4070.0 ssil -441.415100
4070.0 4085.0 ssil -203.304611 ALTIJD
4085.0 4180.0 ac -1148.953735
4180.0 4345.0 l -2086.293457
4345.0 4395.0 t -672.906433
4395.0 4575.0 ei -2116.220947
4575.0 4590.0 t -242.397858
4590.0 4605.0 ssil -213.422958
4605.0 4635.0 ssil -445.848907 AL
4635.0 4800.0 ac -1934.595703
4800.0 4870.0 l -880.152222
4870.0 4885.0 ssil -199.617203
4885.0 4930.0 ssil -585.210571 GEWILD
4930.0 4995.0 gc -835.671875
4995.0 5045.0 @ -595.154419
5045.0 5125.0 w -933.637268
5125.0 5175.0 ic -601.460510
5175.0 5325.0 l -1697.048706
5325.0 5390.0 ssil -849.873352
5390.0 5670.0 ssil -3506.802979 OMDAT
5670.0 5765.0 oc -1067.146973
5765.0 5855.0 m -1093.078613
5855.0 5905.0 d -717.063721
5905.0 6010.0 ac -1222.656006
6010.0 6040.0 t -406.905182
6040.0 6055.0 ssil -213.539917
6055.0 6080.0 ssil -365.704437 DIE
6080.0 6115.0 d -506.213593
6115.0 6260.0 i -1635.295410
6260.0 6275.0 ssil -202.164948
6275.0 6290.0 ssil -212.551254 ZO
6290.0 6410.0 z -1430.128784
6410.0 6575.0 o -1810.155762
6575.0 6590.0 ssil -215.033356
6590.0 6620.0 ssil -376.452179 LEUK
6620.0 6660.0 l -508.507263
6660.0 6865.0 eu -2431.068604
6865.0 6880.0 k -228.257858
6880.0 6895.0 ssil -183.029785
6895.0 6910.0 ssil -198.578339 STAAT
6910.0 6995.0 s -1072.692749
6995.0 7035.0 t -553.961182
7035.0 7295.0 a -2725.330078
7295.0 7310.0 t -204.926682
7310.0 7325.0 ssil -190.867920
7325.0 7345.0 ssil -242.296738 BIJ
7345.0 7375.0 b -410.669983
7375.0 7520.0 ei -1590.922485
7520.0 7535.0 ssil -210.101257
7535.0 7550.0 ssil -198.788528 HET
7550.0 7565.0 h -171.245636
7565.0 7640.0 ec -974.872864
7640.0 7705.0 t -864.935852
7705.0 7720.0 ssil -207.263260
7720.0 7755.0 ssil -432.542542 GELE
7755.0 7795.0 gc -555.160339
7795.0 7930.0 ic -1535.306519
7930.0 8010.0 l -985.472961
8010.0 8065.0 @ -629.642700
8065.0 8080.0 ssil -204.054276
8080.0 8095.0 ssil -191.033600 LAKEN
8095.0 8160.0 l -711.102905
8160.0 8420.0 a -2935.485596
8420.0 8480.0 k -834.887329
8480.0 8580.0 @ -1157.427246
8580.0 8770.0 n -2111.489258
8770.0 9960.0 ssil -14699.105469
.
