#!MLF!#
"/net/aistaff/aki/_same-utterance/wav/01/Limburg/6420-1454096119-1116979.rec"
0.0 130.0 ssil -1882.159790 DE
130.0 145.0 d -234.894302
145.0 265.0 @ -1376.919067
265.0 895.0 ssil -7678.485840
895.0 1185.0 ssil -3830.999268 SPREI
1185.0 1270.0 z -1117.471558
1270.0 1350.0 p -1113.736694
1350.0 1390.0 r -555.077820
1390.0 1535.0 ei -1655.331665
1535.0 1555.0 ssil -287.798859
1555.0 1570.0 ssil -217.973114 DIE
1570.0 1590.0 d -282.826599
1590.0 1605.0 i -208.923492
1605.0 1620.0 ssil -195.330582
1620.0 1635.0 ssil -197.477142 JIJ
1635.0 1760.0 j -1445.615601
1760.0 1870.0 ei -1299.731689
1870.0 1885.0 ssil -203.349136
1885.0 1910.0 ssil -349.462646 BRACHT
1910.0 1930.0 b -301.461945
1930.0 1995.0 r -807.498291
1995.0 2135.0 ac -1738.678589
2135.0 2230.0 x -1263.355957
2230.0 2260.0 ssil -366.018707
2260.0 2275.0 ssil -205.922470 HEEFT
2275.0 2310.0 h -438.753021
2310.0 2405.0 e -1020.934509
2405.0 2420.0 f -208.697830
2420.0 2435.0 ssil -192.847305
2435.0 2450.0 ssil -208.721359 SUZAN
2450.0 2590.0 z -1774.295288
2590.0 2715.0 y -1519.152588
2715.0 2760.0 s -605.698608
2760.0 2880.0 ac -1295.965454
2880.0 2925.0 n -539.252441
2925.0 2940.0 ssil -213.034866
2940.0 2955.0 ssil -218.805542 ALTIJD
2955.0 3090.0 ac -1719.401611
3090.0 3225.0 l -1776.613159
3225.0 3270.0 t -713.913391
3270.0 3385.0 ei -1499.589111
3385.0 3425.0 t -599.351318
3425.0 3440.0 ssil -225.460907
3440.0 3460.0 ssil -281.443176 AL
3460.0 3630.0 l -2219.680420
3630.0 3645.0 ssil -215.848251
3645.0 3660.0 ssil -191.652069 GEWILD
3660.0 3680.0 gc -272.008789
3680.0 3710.0 @ -378.237823
3710.0 3810.0 w -1098.213257
3810.0 3825.0 ic -182.716354
3825.0 3955.0 l -1591.920288
3955.0 4090.0 ssil -1792.779541
4090.0 4155.0 ssil -814.570129 OMDAT
4155.0 4220.0 oc -900.210205
4220.0 4290.0 m -962.623962
4290.0 4315.0 d -403.912659
4315.0 4415.0 ac -1286.030151
4415.0 4430.0 t -237.973709
4430.0 4445.0 ssil -212.216019
4445.0 4460.0 ssil -215.410736 DIE
4460.0 4480.0 d -293.994720
4480.0 4535.0 i -645.965698
4535.0 4550.0 ssil -214.670853
4550.0 4565.0 ssil -215.161133 ZO
4565.0 4640.0 z -928.209900
4640.0 4740.0 o -1237.385986
4740.0 4755.0 ssil -219.137238
4755.0 4770.0 ssil -210.063339 LEUK
4770.0 4815.0 l -654.837524
4815.0 5015.0 eu -2422.427246
5015.0 5045.0 k -443.329346
5045.0 5060.0 ssil -191.131241
5060.0 5075.0 ssil -193.960571 STAAT
5075.0 5150.0 s -999.679993
5150.0 5190.0 t -577.407410
5190.0 5435.0 a -3016.468994
5435.0 5480.0 t -623.256226
5480.0 5505.0 ssil -341.492096
5505.0 5535.0 ssil -402.720428 BIJ
5535.0 5635.0 b -1202.643311
5635.0 5750.0 ei -1276.349243
5750.0 5765.0 ssil -190.588928
5765.0 5780.0 ssil -199.103210 HET
5780.0 5795.0 h -186.528839
5795.0 5825.0 ec -417.399323
5825.0 5850.0 t -365.386566
5850.0 5865.0 ssil -234.435791
5865.0 5880.0 ssil -212.931503 GELE
5880.0 5930.0 gc -627.989563
5930.0 6050.0 ic -1268.266235
6050.0 6065.0 l -214.604050
6065.0 6080.0 @ -204.044998
6080.0 6095.0 ssil -194.103790
6095.0 6110.0 ssil -191.201630 LAKEN
6110.0 6240.0 l -1552.682251
6240.0 6450.0 a -2733.777344
6450.0 6495.0 k -616.937744
6495.0 6510.0 @ -197.646332
6510.0 6850.0 ssil -4158.731934
.
