#!MLF!#
"/net/aistaff/aki/_same-utterance/wav/01/Limburg/6499-1454143398-1135751.rec"
0.0 645.0 ssil -7217.069824 DE
645.0 720.0 d -974.393921
720.0 735.0 @ -173.525116
735.0 750.0 ssil -195.667130
750.0 765.0 ssil -197.133224 SPREI
765.0 925.0 z -2128.268311
925.0 940.0 p -244.489090
940.0 985.0 r -698.044250
985.0 1180.0 ei -2252.669678
1180.0 1200.0 ssil -259.968262
1200.0 1215.0 ssil -208.967880 DIE
1215.0 1230.0 d -223.346237
1230.0 1260.0 i -370.804260
1260.0 1275.0 ssil -196.602356
1275.0 1290.0 ssil -196.850708 JIJ
1290.0 1370.0 j -912.552124
1370.0 1495.0 ei -1416.608276
1495.0 1510.0 ssil -196.507599
1510.0 1530.0 ssil -249.188644 BRACHT
1530.0 1545.0 b -213.639328
1545.0 1575.0 r -398.364655
1575.0 1745.0 ac -2113.604248
1745.0 1785.0 x -533.009766
1785.0 1800.0 ssil -195.688156
1800.0 1865.0 ssil -858.115295 HEEFT
1865.0 1890.0 h -344.782166
1890.0 1970.0 e -987.838196
1970.0 1985.0 f -203.303467
1985.0 2000.0 ssil -202.453033
2000.0 2015.0 ssil -220.750061 SUZAN
2015.0 2090.0 z -1015.094666
2090.0 2175.0 y -1098.732910
2175.0 2240.0 s -882.848083
2240.0 2360.0 ac -1445.779663
2360.0 2375.0 n -188.770889
2375.0 2390.0 ssil -207.120377
2390.0 2405.0 ssil -221.284409 ALTIJD
2405.0 2520.0 ac -1482.169189
2520.0 2660.0 l -1764.035767
2660.0 2700.0 t -651.718689
2700.0 2805.0 ei -1239.938477
2805.0 2820.0 t -242.014542
2820.0 2845.0 ssil -331.407318
2845.0 2870.0 ssil -353.280609 AL
2870.0 2885.0 l -227.368393
2885.0 2900.0 ssil -198.731293
2900.0 2915.0 ssil -201.163040 GEWILD
2915.0 2980.0 gc -863.709656
2980.0 3025.0 @ -548.213806
3025.0 3090.0 w -733.915710
3090.0 3105.0 ic -195.740540
3105.0 3280.0 l -2113.619629
3280.0 3325.0 ssil -621.419617
3325.0 3360.0 ssil -490.697540 OMDAT
3360.0 3480.0 oc -1442.866333
3480.0 3535.0 m -661.592407
3535.0 3580.0 d -618.564880
3580.0 3700.0 ac -1460.041016
3700.0 3740.0 t -594.006531
3740.0 3755.0 ssil -215.446335
3755.0 3800.0 ssil -582.271362 DIE
3800.0 3815.0 d -222.446793
3815.0 3865.0 i -667.320557
3865.0 3880.0 ssil -210.462662
3880.0 3895.0 ssil -224.334396 ZO
3895.0 4115.0 z -2601.731689
4115.0 4145.0 o -338.486481
4145.0 4160.0 ssil -208.089935
4160.0 4175.0 ssil -215.605606 LEUK
4175.0 4205.0 l -387.169464
4205.0 4400.0 eu -2328.667236
4400.0 4415.0 k -213.597076
4415.0 4430.0 ssil -204.665222
4430.0 4445.0 ssil -196.044830 STAAT
4445.0 4485.0 s -518.638855
4485.0 4540.0 t -756.237183
4540.0 4685.0 a -1713.115479
4685.0 4700.0 t -223.437134
4700.0 4715.0 ssil -183.276642
4715.0 4730.0 ssil -199.868057 BIJ
4730.0 4765.0 b -494.195709
4765.0 4870.0 ei -1138.330078
4870.0 4885.0 ssil -204.879196
4885.0 4900.0 ssil -206.959534 HET
4900.0 4915.0 h -229.858154
4915.0 4930.0 ec -205.543777
4930.0 4960.0 t -391.644440
4960.0 4980.0 ssil -277.613617
4980.0 4995.0 ssil -187.216385 GELE
4995.0 5035.0 gc -529.496765
5035.0 5165.0 ic -1592.311279
5165.0 5210.0 l -645.569519
5210.0 5260.0 @ -571.335205
5260.0 5275.0 ssil -210.152863
5275.0 5290.0 ssil -207.992920 LAKEN
5290.0 5355.0 l -820.392151
5355.0 5585.0 a -2717.571533
5585.0 5615.0 k -481.098724
5615.0 5695.0 @ -921.477356
5695.0 5790.0 n -1040.572388
5790.0 8055.0001 ssil -25607.171875
.
