#!MLF!#
"/net/aistaff/aki/_same-utterance/wav/01/Limburg/6679-1454262911-1186867.rec"
0.0 15.0 ssil -160.273010 DE
15.0 30.0 d -196.955063
30.0 315.0 @ -2637.040771
315.0 475.0 ssil -2204.072021
475.0 580.0 ssil -1458.291870 SPREI
580.0 770.0 s -2415.353271
770.0 800.0 p -401.410370
800.0 880.0 r -1145.430054
880.0 1035.0 ei -1728.314331
1035.0 1055.0 ssil -305.046783
1055.0 1120.0 ssil -903.040161 DIE
1120.0 1160.0 d -566.579529
1160.0 1195.0 i -456.396759
1195.0 1230.0 ssil -467.978119
1230.0 1255.0 ssil -356.646637 JIJ
1255.0 1350.0 j -1125.707397
1350.0 1475.0 ei -1401.962158
1475.0 1515.0 ssil -512.069458
1515.0 1545.0 ssil -462.317627 BRACHT
1545.0 1585.0 b -582.672180
1585.0 1665.0 r -1115.676270
1665.0 1795.0 ac -1584.652954
1795.0 1900.0 x -1429.420776
1900.0 1990.0 t -1248.164185
1990.0 2025.0 ssil -475.422302
2025.0 2055.0 ssil -420.195435 HEEFT
2055.0 2115.0 e -776.684998
2115.0 2130.0 f -198.576004
2130.0 2145.0 ssil -193.032257
2145.0 2160.0 ssil -204.891983 SUZAN
2160.0 2275.0 s -1414.077759
2275.0 2385.0 y -1352.546509
2385.0 2475.0 s -1253.393311
2475.0 2585.0 ac -1302.097656
2585.0 2650.0 n -845.598083
2650.0 2690.0 ssil -576.177612
2690.0 2715.0 ssil -361.061157 ALTIJD
2715.0 2870.0 ac -2018.943481
2870.0 2920.0 l -780.725037
2920.0 2965.0 t -647.925415
2965.0 3080.0 ei -1418.646973
3080.0 3120.0 t -642.316101
3120.0 3135.0 ssil -222.952469
3135.0 3150.0 ssil -217.916702 AL
3150.0 3165.0 l -223.578812
3165.0 3185.0 ssil -257.139923
3185.0 3200.0 ssil -181.856079 GEWILD
3200.0 3245.0 gc -623.595398
3245.0 3310.0 @ -751.755981
3310.0 3375.0 w -729.374573
3375.0 3390.0 ic -190.871994
3390.0 3550.0 l -1857.556030
3550.0 3640.0 t -1188.491821
3640.0 3955.0 ssil -3716.499023
3955.0 4015.0 ssil -869.164124 OMDAT
4015.0 4100.0 oc -1172.076782
4100.0 4190.0 m -1222.980347
4190.0 4215.0 d -315.515259
4215.0 4300.0 ac -1090.341675
4300.0 4315.0 t -231.286682
4315.0 4345.0 ssil -426.045074
4345.0 4360.0 ssil -249.258820 DIE
4360.0 4395.0 d -517.150391
4395.0 4455.0 i -650.932434
4455.0 4470.0 ssil -193.223389
4470.0 4485.0 ssil -191.899796 ZO
4485.0 4585.0 z -1217.612793
4585.0 4635.0 o -592.058411
4635.0 4650.0 ssil -193.227066
4650.0 4665.0 ssil -183.866653 LEUK
4665.0 4755.0 l -1008.335327
4755.0 4890.0 eu -1397.450928
4890.0 4905.0 k -250.758026
4905.0 4930.0 ssil -368.777496
4930.0 4945.0 ssil -222.650421 STAAT
4945.0 5050.0 s -1312.480469
5050.0 5095.0 t -634.847595
5095.0 5230.0 a -1744.484009
5230.0 5245.0 t -236.332809
5245.0 5295.0 ssil -705.239075
5295.0 5335.0 ssil -563.255127 BIJ
5335.0 5365.0 b -413.682617
5365.0 5450.0 ei -964.372314
5450.0 5465.0 ssil -185.776810
5465.0 5480.0 ssil -185.479599 HET
5480.0 5540.0 h -696.762268
5540.0 5625.0 ec -1194.135010
5625.0 5670.0 t -632.887634
5670.0 5690.0 ssil -279.680908
5690.0 5710.0 ssil -278.636841 GELE
5710.0 5765.0 gc -799.923340
5765.0 5870.0 ic -1322.789551
5870.0 5945.0 l -866.638794
5945.0 5995.0 @ -548.986755
5995.0 6010.0 ssil -190.249603
6010.0 6025.0 ssil -176.779434 LAKEN
6025.0 6075.0 l -638.929077
6075.0 6300.0 a -2734.682861
6300.0 6350.0 k -804.171936
6350.0 6435.0 @ -1045.987915
6435.0 6965.0 ssil -6367.748047
.
