#!MLF!#
"/net/aistaff/aki/_same-utterance/wav/01/Limburg/6705-1454269257-1196030.rec"
0.0 280.0 ssil -2619.884033 DE
280.0 295.0 d -201.498962
295.0 310.0 ssil -226.543518
310.0 325.0 ssil -250.008255 SPREI
325.0 435.0 s -1727.676636
435.0 485.0 p -731.943481
485.0 525.0 r -536.547913
525.0 935.0 ei -4531.541016
935.0 950.0 ssil -215.350525
950.0 965.0 ssil -240.085098 DIE
965.0 980.0 d -223.666473
980.0 1145.0 i -1907.289673
1145.0 1160.0 ssil -197.783142
1160.0 1175.0 ssil -214.191025 JIJ
1175.0 1225.0 j -574.360046
1225.0 1375.0 ei -1584.732910
1375.0 1390.0 ssil -221.192520
1390.0 1405.0 ssil -187.540497 BRACHT
1405.0 1520.0 b -1508.236938
1520.0 1615.0 r -1301.545654
1615.0 1790.0 ac -2173.797607
1790.0 1880.0 x -1263.426880
1880.0 1970.0 t -1288.187622
1970.0 1985.0 ssil -226.103378
1985.0 2000.0 ssil -219.458786 HEEFT
2000.0 2015.0 h -204.639023
2015.0 2115.0 e -1165.422852
2115.0 2130.0 f -231.377579
2130.0 2145.0 ssil -213.996704
2145.0 2160.0 ssil -201.733002 SUZAN
2160.0 2340.0 s -2330.149902
2340.0 2455.0 y -1285.944336
2455.0 2520.0 s -941.191528
2520.0 2635.0 ac -1339.293457
2635.0 2690.0 n -717.769348
2690.0 2705.0 ssil -242.014282
2705.0 2720.0 ssil -221.258698 ALTIJD
2720.0 2885.0 ac -2093.224854
2885.0 2955.0 l -1003.095825
2955.0 3020.0 t -1031.881592
3020.0 3060.0 ei -550.372803
3060.0 3080.0 t -314.651154
3080.0 3095.0 ssil -237.282700
3095.0 3110.0 ssil -211.187805 AL
3110.0 3225.0 ac -1165.190186
3225.0 3250.0 l -322.454712
3250.0 3265.0 ssil -215.358292
3265.0 3280.0 ssil -209.876602 GEWILD
3280.0 3295.0 gc -219.691788
3295.0 3365.0 @ -885.041626
3365.0 3525.0 w -1698.649780
3525.0 3540.0 ic -179.368118
3540.0 3750.0 l -2367.736816
3750.0 3790.0 ssil -580.367188
3790.0 3845.0 ssil -842.544067 OMDAT
3845.0 3950.0 oc -1466.552246
3950.0 4040.0 m -1036.835815
4040.0 4095.0 d -837.942200
4095.0 4275.0 ac -2400.566650
4275.0 4290.0 t -244.462860
4290.0 4305.0 ssil -243.874130
4305.0 4325.0 ssil -338.401184 DIE
4325.0 4345.0 d -355.202667
4345.0 4450.0 i -1181.208618
4450.0 4465.0 ssil -205.654312
4465.0 4480.0 ssil -203.802277 ZO
4480.0 4585.0 z -1295.967285
4585.0 4600.0 o -257.423828
4600.0 4620.0 ssil -302.099792
4620.0 4635.0 ssil -213.726532 LEUK
4635.0 4755.0 l -1611.507202
4755.0 4905.0 eu -1737.466553
4905.0 4940.0 k -490.839600
4940.0 4955.0 ssil -198.684265
4955.0 4970.0 ssil -208.164322 STAAT
4970.0 5045.0 s -993.427063
5045.0 5110.0 t -974.922791
5110.0 5270.0 a -1496.711060
5270.0 5285.0 t -256.384674
5285.0 5300.0 ssil -215.458649
5300.0 5315.0 ssil -190.590149 BIJ
5315.0 5405.0 b -1287.509277
5405.0 5570.0 ei -1663.647461
5570.0 5625.0 ssil -818.950134
5625.0 5645.0 ssil -313.195618 HET
5645.0 5660.0 h -230.158356
5660.0 5675.0 ec -240.166306
5675.0 5690.0 t -192.069519
5690.0 5705.0 ssil -197.570160
5705.0 5720.0 ssil -198.302261 GELE
5720.0 5745.0 x -369.475647
5745.0 5905.0 e -1567.482178
5905.0 5930.0 l -298.956665
5930.0 5990.0 @ -645.627869
5990.0 6005.0 ssil -214.687561
6005.0 6020.0 ssil -186.822693 LAKEN
6020.0 6085.0 l -741.894226
6085.0 6320.0 a -2641.953125
6320.0 6430.0 k -1549.443726
6430.0 6550.0 @ -1383.255493
6550.0 7060.0 ssil -6192.055664
.
