#!MLF!#
"/net/aistaff/aki/_same-utterance/wav/01/Limburg/6875-1454450323-1255539.rec"
0.0 25.0 ssil -260.936249 DE
25.0 50.0 d -358.341888
50.0 90.0 ssil -420.995148
90.0 580.0 ssil -5798.590332 SPREI
580.0 735.0 s -1937.523682
735.0 815.0 p -1190.419189
815.0 830.0 r -226.195465
830.0 935.0 ei -1325.488037
935.0 950.0 ssil -217.349533
950.0 965.0 ssil -220.707260 DIE
965.0 980.0 d -207.715637
980.0 1050.0 i -830.664917
1050.0 1065.0 ssil -211.390396
1065.0 1080.0 ssil -206.775558 JIJ
1080.0 1110.0 j -365.644867
1110.0 1190.0 ei -916.185181
1190.0 1205.0 ssil -212.454376
1205.0 1220.0 ssil -189.713654 BRACHT
1220.0 1295.0 b -954.228638
1295.0 1365.0 r -929.596985
1365.0 1530.0 ac -2156.017578
1530.0 1565.0 x -462.509308
1565.0 1665.0 t -1388.700195
1665.0 1680.0 ssil -223.528946
1680.0 1695.0 ssil -234.307007 HEEFT
1695.0 1760.0 e -762.318298
1760.0 1780.0 f -246.389725
1780.0 1920.0 t -1820.030396
1920.0 2015.0 ssil -1284.095459
2015.0 2055.0 ssil -652.027588 SUZAN
2055.0 2190.0 s -1790.243164
2190.0 2245.0 yc -751.916321
2245.0 2325.0 s -1082.505127
2325.0 2420.0 ac -1233.573242
2420.0 2465.0 n -607.319946
2465.0 2495.0 ssil -408.226074
2495.0 2515.0 ssil -292.229370 ALTIJD
2515.0 2615.0 ac -1234.605469
2615.0 2670.0 l -755.652649
2670.0 2730.0 t -857.149231
2730.0 2790.0 ei -709.327759
2790.0 2815.0 t -388.568848
2815.0 2830.0 ssil -231.671860
2830.0 2845.0 ssil -231.529099 AL
2845.0 2975.0 ac -1579.367798
2975.0 2995.0 l -264.553802
2995.0 3010.0 ssil -195.713867
3010.0 3025.0 ssil -188.944229 GEWILD
3025.0 3060.0 gc -453.312103
3060.0 3120.0 @ -709.573975
3120.0 3155.0 w -388.197388
3155.0 3225.0 ic -789.999756
3225.0 3355.0 l -1613.521606
3355.0 3490.0 t -1997.699097
3490.0 3525.0 ssil -584.211487
3525.0 3540.0 ssil -242.091019 OMDAT
3540.0 3585.0 oc -652.479370
3585.0 3665.0 m -930.673889
3665.0 3680.0 d -218.228012
3680.0 3725.0 ac -627.657532
3725.0 3740.0 t -246.062027
3740.0 3755.0 ssil -231.384583
3755.0 3770.0 ssil -242.860474 DIE
3770.0 3785.0 d -239.372879
3785.0 3865.0 i -973.284180
3865.0 3880.0 ssil -202.936340
3880.0 3895.0 ssil -217.793793 ZO
3895.0 3945.0 z -631.289124
3945.0 3975.0 o -388.364777
3975.0 3990.0 ssil -213.257721
3990.0 4005.0 ssil -211.894135 LEUK
4005.0 4070.0 l -868.073547
4070.0 4190.0 eu -1528.091919
4190.0 4205.0 k -235.635605
4205.0 4220.0 ssil -215.184357
4220.0 4235.0 ssil -210.306717 STAAT
4235.0 4295.0 s -793.474426
4295.0 4350.0 t -768.990967
4350.0 4490.0 a -1678.353638
4490.0 4505.0 t -268.796814
4505.0 4520.0 ssil -224.822144
4520.0 4535.0 ssil -227.065216 BIJ
4535.0 4575.0 b -579.469727
4575.0 4690.0 ei -1255.256958
4690.0 4710.0 ssil -277.854614
4710.0 4730.0 ssil -289.660675 HET
4730.0 4750.0 h -300.758392
4750.0 4765.0 ec -263.787750
4765.0 4785.0 t -276.126221
4785.0 4800.0 ssil -200.054413
4800.0 4815.0 ssil -196.657928 GELE
4815.0 4860.0 x -605.141418
4860.0 4955.0 e -1056.118286
4955.0 4995.0 l -536.176880
4995.0 5015.0 @ -232.578888
5015.0 5030.0 ssil -195.015305
5030.0 5045.0 ssil -212.646698 LAKEN
5045.0 5130.0 l -969.456116
5130.0 5330.0 a -2432.525879
5330.0 5395.0 k -924.171997
5395.0 5515.0 @ -1372.330200
5515.0 6155.0 ssil -7884.377930
.
