#!MLF!#
"/net/aistaff/aki/_same-utterance/wav/01/Limburg/7017-1454515986-1284071.rec"
0.0 535.0 ssil -4709.678711 DE
535.0 550.0 d -216.192352
550.0 890.0 ssil -3929.692383
890.0 980.0 ssil -1203.161133 SPREI
980.0 1110.0 z -1728.226440
1110.0 1155.0 p -659.149780
1155.0 1185.0 r -369.689301
1185.0 1355.0 ei -2116.934082
1355.0 1370.0 ssil -224.467484
1370.0 1385.0 ssil -232.348938 DIE
1385.0 1400.0 d -235.476181
1400.0 1425.0 i -330.282654
1425.0 1440.0 ssil -229.193466
1440.0 1455.0 ssil -219.264420 JIJ
1455.0 1575.0 j -1289.879395
1575.0 1645.0 ei -697.343262
1645.0 1675.0 ssil -418.671051
1675.0 1700.0 ssil -322.780792 BRACHT
1700.0 1730.0 b -362.173492
1730.0 1760.0 r -387.643738
1760.0 1905.0 ac -1866.058350
1905.0 2005.0 x -1395.928467
2005.0 2065.0 t -843.770325
2065.0 2080.0 ssil -229.032013
2080.0 2105.0 ssil -359.970795 HEEFT
2105.0 2130.0 h -319.051727
2130.0 2235.0 e -1217.707031
2235.0 2255.0 f -278.980347
2255.0 2270.0 ssil -206.112320
2270.0 2285.0 ssil -215.666290 SUZAN
2285.0 2320.0 z -512.976135
2320.0 2365.0 y -565.923523
2365.0 2445.0 s -1156.203247
2445.0 2550.0 ac -1257.811890
2550.0 2580.0 n -386.985291
2580.0 2595.0 ssil -225.922760
2595.0 2610.0 ssil -252.330566 ALTIJD
2610.0 2790.0 ac -2240.457520
2790.0 2855.0 l -974.263855
2855.0 2905.0 t -768.576050
2905.0 2970.0 ei -796.387878
2970.0 2985.0 t -263.814697
2985.0 3005.0 ssil -338.220001
3005.0 3020.0 ssil -261.130615 AL
3020.0 3180.0 ac -1902.435425
3180.0 3195.0 l -226.128738
3195.0 3210.0 ssil -214.865921
3210.0 3225.0 ssil -209.444595 GEWILD
3225.0 3270.0 x -623.848206
3270.0 3295.0 @ -332.400513
3295.0 3365.0 w -774.774231
3365.0 3420.0 ic -607.939758
3420.0 3515.0 l -1187.086914
3515.0 3640.0 t -1811.874023
3640.0 3685.0 ssil -578.223083
3685.0 4105.0 ssil -5153.943848 OMDAT
4105.0 4155.0 oc -623.069580
4155.0 4245.0 m -998.430115
4245.0 4260.0 d -208.472092
4260.0 4315.0 ac -741.655212
4315.0 4330.0 t -270.654388
4330.0 4345.0 ssil -233.080170
4345.0 4360.0 ssil -220.487457 DIE
4360.0 4375.0 d -215.473389
4375.0 4405.0 i -377.099915
4405.0 4420.0 ssil -215.708801
4420.0 4435.0 ssil -225.946564 ZO
4435.0 4510.0 z -962.799988
4510.0 4585.0 o -1018.882690
4585.0 4600.0 ssil -231.430984
4600.0 4615.0 ssil -195.536957 LEUK
4615.0 4665.0 l -635.816040
4665.0 4805.0 eu -1710.486572
4805.0 4830.0 k -366.222321
4830.0 4845.0 ssil -230.831299
4845.0 4860.0 ssil -238.359924 STAAT
4860.0 4890.0 s -415.401001
4890.0 4935.0 t -605.439453
4935.0 5085.0 a -1823.102539
5085.0 5105.0 t -310.791260
5105.0 5125.0 ssil -319.504364
5125.0 5160.0 ssil -516.160767 BIJ
5160.0 5235.0 b -967.874939
5235.0 5440.0 ei -2263.261719
5440.0 5470.0 ssil -447.929871
5470.0 5485.0 ssil -229.785294 HET
5485.0 5500.0 h -222.609283
5500.0 5515.0 ec -246.508087
5515.0 5530.0 t -213.527039
5530.0 5545.0 ssil -212.998932
5545.0 5560.0 ssil -218.463562 GELE
5560.0 5580.0 x -318.583832
5580.0 5705.0 ic -1533.588379
5705.0 5730.0 l -298.710419
5730.0 5780.0 @ -519.294128
5780.0 5795.0 ssil -202.294540
5795.0 5810.0 ssil -195.549683 LAKEN
5810.0 5890.0 l -875.520081
5890.0 6085.0 a -2361.616699
6085.0 6145.0 k -807.180115
6145.0 6185.0 @ -505.521118
6185.0 6330.0 n -1669.440308
6330.0 6780.0 ssil -5774.333984
.
