#!MLF!#
"/net/aistaff/aki/_same-utterance/wav/01/Limburg/7062-1454515049-1274496.rec"
0.0 150.0 ssil -1617.826660 DE
150.0 165.0 d -233.898483
165.0 255.0 ssil -990.062134
255.0 755.0 ssil -5916.703125 SPREI
755.0 910.0 s -2146.794922
910.0 955.0 p -665.452759
955.0 980.0 r -360.661926
980.0 1265.0 ei -3458.207764
1265.0 1280.0 ssil -201.311554
1280.0 1295.0 ssil -213.430908 DIE
1295.0 1310.0 d -234.298904
1310.0 1430.0 i -1238.258301
1430.0 1445.0 ssil -193.949860
1445.0 1460.0 ssil -199.046204 JIJ
1460.0 1515.0 j -622.356812
1515.0 1665.0 ei -1790.434448
1665.0 1680.0 ssil -206.023956
1680.0 1695.0 ssil -210.158356 BRACHT
1695.0 1735.0 b -546.866516
1735.0 1755.0 r -250.335663
1755.0 1975.0 ac -2840.896240
1975.0 2065.0 x -1363.971069
2065.0 2130.0 t -843.357849
2130.0 2220.0 ssil -1095.042969
2220.0 2250.0 ssil -433.982880 HEEFT
2250.0 2265.0 h -206.443115
2265.0 2385.0 e -1474.734619
2385.0 2400.0 f -259.303375
2400.0 2415.0 ssil -223.149124
2415.0 2430.0 ssil -223.471375 SUZAN
2430.0 2535.0 z -1378.425659
2535.0 2615.0 y -1026.683838
2615.0 2705.0 s -1373.225586
2705.0 2860.0 ac -1702.995361
2860.0 2905.0 n -666.181335
2905.0 2925.0 ssil -300.779694
2925.0 2955.0 ssil -472.227417 ALTIJD
2955.0 3075.0 ac -1559.800537
3075.0 3130.0 l -814.987610
3130.0 3180.0 t -790.951416
3180.0 3195.0 ei -254.996521
3195.0 3230.0 t -566.383606
3230.0 3250.0 ssil -343.054108
3250.0 3265.0 ssil -226.602875 AL
3265.0 3395.0 ac -1583.963257
3395.0 3425.0 l -423.962769
3425.0 3440.0 ssil -234.271133
3440.0 3455.0 ssil -220.766922 GEWILD
3455.0 3490.0 gc -522.820618
3490.0 3530.0 @ -465.547119
3530.0 3580.0 w -619.596680
3580.0 3655.0 ic -801.895508
3655.0 3795.0 l -1729.078003
3795.0 3870.0 t -1052.154785
3870.0 3940.0 ssil -1027.552612
3940.0 4230.0 ssil -3270.480225 OMDAT
4230.0 4290.0 oc -780.302002
4290.0 4375.0 m -1121.706665
4375.0 4405.0 d -466.992096
4405.0 4495.0 ac -1050.653809
4495.0 4510.0 t -249.717621
4510.0 4525.0 ssil -203.280350
4525.0 4540.0 ssil -222.524643 DIE
4540.0 4565.0 d -363.375336
4565.0 4670.0 i -1262.502075
4670.0 4685.0 ssil -243.579178
4685.0 4700.0 ssil -228.861618 ZO
4700.0 4755.0 z -742.881348
4755.0 4775.0 o -285.409058
4775.0 4790.0 ssil -219.342316
4790.0 4805.0 ssil -215.414658 LEUK
4805.0 4885.0 l -977.863525
4885.0 5025.0 eu -1779.573975
5025.0 5040.0 k -243.664597
5040.0 5055.0 ssil -244.225876
5055.0 5070.0 ssil -240.380905 STAAT
5070.0 5170.0 s -1393.908203
5170.0 5205.0 t -526.467224
5205.0 5385.0 a -2142.517822
5385.0 5455.0 t -1031.665283
5455.0 5475.0 ssil -274.415222
5475.0 5540.0 ssil -945.324768 BIJ
5540.0 5590.0 b -681.874023
5590.0 5810.0 ei -2485.081299
5810.0 5830.0 ssil -245.121658
5830.0 5850.0 ssil -280.935364 HET
5850.0 5865.0 h -209.540054
5865.0 5880.0 ec -225.004639
5880.0 5900.0 t -264.615234
5900.0 5915.0 ssil -189.371277
5915.0 5930.0 ssil -204.836517 GELE
5930.0 5970.0 x -588.431152
5970.0 6120.0 e -1761.897217
6120.0 6155.0 l -454.358032
6155.0 6180.0 @ -287.303589
6180.0 6195.0 ssil -199.939331
6195.0 6210.0 ssil -203.333893 LAKEN
6210.0 6295.0 l -1009.806641
6295.0 6500.0 a -2379.014404
6500.0 6550.0 k -719.767883
6550.0 6595.0 @ -542.647583
6595.0 6760.0 n -2094.962891
6760.0 7035.0 ssil -3224.060303
.
