#!MLF!#
"/net/aistaff/aki/_same-utterance/wav/01/Limburg/7358-1454698798-1358273.rec"
0.0 95.0 ssil -971.988892 DE
95.0 110.0 d -222.565933
110.0 1035.0 ssil -10613.395508
1035.0 1085.0 ssil -691.299927 SPREI
1085.0 1270.0 s -2348.404053
1270.0 1320.0 p -746.669128
1320.0 1345.0 r -350.852692
1345.0 1590.0 ei -2809.539062
1590.0 1605.0 ssil -205.802048
1605.0 1620.0 ssil -224.355408 DIE
1620.0 1635.0 d -218.996140
1635.0 1800.0 i -1836.396362
1800.0 1815.0 ssil -259.351196
1815.0 1830.0 ssil -236.398865 JIJ
1830.0 1845.0 j -205.811096
1845.0 1955.0 ei -1331.887451
1955.0 1975.0 ssil -264.543030
1975.0 2000.0 ssil -331.524689 BRACHT
2000.0 2030.0 b -453.993408
2030.0 2105.0 r -1148.466064
2105.0 2220.0 ac -1396.212524
2220.0 2365.0 x -1887.480835
2365.0 2400.0 ssil -453.896027
2400.0 2495.0 ssil -1217.943115 HEEFT
2495.0 2585.0 e -1112.054443
2585.0 2615.0 f -412.417603
2615.0 2630.0 ssil -206.340942
2630.0 2660.0 ssil -384.945221 SUZAN
2660.0 2805.0 s -1802.142700
2805.0 2885.0 y -943.210938
2885.0 2975.0 s -1202.849243
2975.0 3060.0 ac -914.902771
3060.0 3090.0 n -342.036530
3090.0 3105.0 ssil -203.734741
3105.0 3120.0 ssil -222.234299 ALTIJD
3120.0 3255.0 ac -1515.874878
3255.0 3330.0 l -1015.076477
3330.0 3380.0 t -712.419128
3380.0 3435.0 ei -696.450134
3435.0 3490.0 t -755.314087
3490.0 3505.0 ssil -238.303833
3505.0 3525.0 ssil -322.903412 AL
3525.0 3555.0 ac -386.522003
3555.0 3640.0 l -1023.060974
3640.0 3655.0 ssil -241.136765
3655.0 3685.0 ssil -449.690979 GEWILD
3685.0 3770.0 gc -1123.544922
3770.0 3800.0 @ -399.813629
3800.0 3915.0 w -1274.205811
3915.0 3930.0 ic -185.933075
3930.0 4155.0 l -2724.570801
4155.0 4225.0 t -977.886658
4225.0 4260.0 ssil -537.109863
4260.0 4315.0 ssil -675.515015 OMDAT
4315.0 4365.0 oc -598.917236
4365.0 4450.0 m -1005.434998
4450.0 4505.0 d -781.580261
4505.0 4640.0 ac -1608.161377
4640.0 4675.0 t -480.350861
4675.0 4690.0 ssil -210.559937
4690.0 4705.0 ssil -202.963516 DIE
4705.0 4720.0 d -234.890930
4720.0 4770.0 i -572.323364
4770.0 4785.0 ssil -207.754517
4785.0 4800.0 ssil -197.228653 ZO
4800.0 4910.0 z -1378.087891
4910.0 4950.0 o -430.569031
4950.0 4965.0 ssil -197.797928
4965.0 4980.0 ssil -184.036392 LEUK
4980.0 5020.0 l -441.864044
5020.0 5135.0 eu -1451.023438
5135.0 5155.0 k -329.340302
5155.0 5170.0 ssil -249.630096
5170.0 5185.0 ssil -249.629013 STAAT
5185.0 5245.0 s -858.053772
5245.0 5330.0 t -1174.867065
5330.0 5505.0 a -1909.338989
5505.0 5545.0 t -575.693542
5545.0 5595.0 ssil -637.307495
5595.0 5640.0 ssil -542.009277 BIJ
5640.0 5665.0 b -335.425751
5665.0 5755.0 ei -927.370239
5755.0 5775.0 ssil -250.132599
5775.0 5800.0 ssil -330.303040 HET
5800.0 5825.0 h -310.122131
5825.0 5845.0 ec -268.628845
5845.0 5915.0 t -950.022766
5915.0 5995.0 ssil -1070.964966
5995.0 6020.0 ssil -315.504181 GELE
6020.0 6050.0 gc -411.137329
6050.0 6160.0 ic -1420.298096
6160.0 6235.0 l -935.864990
6235.0 6265.0 @ -291.962555
6265.0 6280.0 ssil -181.570862
6280.0 6295.0 ssil -179.488876 LAKEN
6295.0 6370.0 l -798.504456
6370.0 6525.0 ac -1578.466187
6525.0 6665.0 k -1892.178467
6665.0 6700.0 @ -415.255463
6700.0 7060.0 ssil -4199.332031
.
