#!MLF!#
"/net/aistaff/aki/_same-utterance/wav/01/Limburg/7543-1455196857-1420747.rec"
0.0 290.0 ssil -2435.864746 DE
290.0 305.0 d -201.215469
305.0 335.0 ssil -465.774567
335.0 625.0 ssil -3507.540771 SPREI
625.0 770.0 s -1847.181763
770.0 830.0 p -858.209045
830.0 900.0 r -1053.006714
900.0 1065.0 ei -2191.387207
1065.0 1105.0 ssil -570.231812
1105.0 1125.0 ssil -303.781494 DIE
1125.0 1145.0 d -330.894379
1145.0 1195.0 i -673.409546
1195.0 1210.0 ssil -226.799774
1210.0 1225.0 ssil -213.816635 JIJ
1225.0 1320.0 j -1156.049072
1320.0 1430.0 ei -1200.255249
1430.0 1460.0 ssil -425.007233
1460.0 1475.0 ssil -207.970749 BRACHT
1475.0 1515.0 b -555.686340
1515.0 1565.0 r -822.503601
1565.0 1725.0 ac -1977.462280
1725.0 1825.0 x -1530.248413
1825.0 1885.0 t -838.760742
1885.0 2010.0 ssil -1625.636719
2010.0 2305.0 ssil -3475.314453 HEEFT
2305.0 2320.0 h -206.079819
2320.0 2445.0 e -1727.182983
2445.0 2495.0 f -724.840942
2495.0 2530.0 ssil -557.638123
2530.0 2545.0 ssil -233.463867 SUZAN
2545.0 2635.0 s -1173.952759
2635.0 2755.0 y -1573.381226
2755.0 2785.0 s -465.458710
2785.0 2920.0 ac -1791.463257
2920.0 2945.0 n -357.692108
2945.0 2960.0 ssil -237.908676
2960.0 2980.0 ssil -349.975433 ALTIJD
2980.0 3210.0 ac -2866.782471
3210.0 3245.0 l -637.162781
3245.0 3280.0 t -544.272583
3280.0 3425.0 ei -1724.294067
3425.0 3440.0 t -229.699158
3440.0 3455.0 ssil -225.042343
3455.0 3470.0 ssil -210.458130 AL
3470.0 3605.0 ac -1597.826904
3605.0 3620.0 l -224.631516
3620.0 3645.0 ssil -392.059174
3645.0 3695.0 ssil -731.282959 GEWILD
3695.0 3720.0 gc -342.509064
3720.0 3770.0 @ -657.729980
3770.0 3845.0 w -956.366516
3845.0 3895.0 ic -558.341125
3895.0 4045.0 l -1788.333130
4045.0 4085.0 ssil -533.987915
4085.0 4565.0 ssil -5785.929688 OMDAT
4565.0 4625.0 oc -912.346313
4625.0 4720.0 m -1247.150146
4720.0 4735.0 d -234.804886
4735.0 4800.0 ac -956.013733
4800.0 4815.0 t -257.208618
4815.0 4840.0 ssil -377.787201
4840.0 4855.0 ssil -258.797882 DIE
4855.0 4890.0 d -553.594543
4890.0 4945.0 i -865.697693
4945.0 4960.0 ssil -218.799255
4960.0 4975.0 ssil -210.300018 ZO
4975.0 5045.0 z -1023.223694
5045.0 5095.0 o -638.708679
5095.0 5110.0 ssil -225.328354
5110.0 5125.0 ssil -223.425873 LEUK
5125.0 5170.0 l -740.915222
5170.0 5335.0 eu -2108.311768
5335.0 5365.0 k -470.671295
5365.0 5380.0 ssil -227.960022
5380.0 5395.0 ssil -233.838120 STAAT
5395.0 5435.0 s -512.055359
5435.0 5520.0 t -1225.139160
5520.0 5760.0 a -2803.557373
5760.0 5800.0 t -595.641174
5800.0 5880.0 ssil -1088.946289
5880.0 5920.0 ssil -496.740234 BIJ
5920.0 5950.0 b -411.028717
5950.0 6060.0 ei -1223.558594
6060.0 6075.0 ssil -228.348236
6075.0 6090.0 ssil -227.027328 HET
6090.0 6105.0 h -228.423508
6105.0 6120.0 ec -282.346161
6120.0 6135.0 t -248.233688
6135.0 6155.0 ssil -301.428864
6155.0 6175.0 ssil -294.932709 GELE
6175.0 6250.0 gc -975.553345
6250.0 6385.0 ic -1750.264404
6385.0 6420.0 l -496.866547
6420.0 6460.0 @ -481.148132
6460.0 6475.0 ssil -220.372849
6475.0 6490.0 ssil -210.650787 LAKEN
6490.0 6555.0 l -868.988953
6555.0 6785.0 a -2701.148438
6785.0 6840.0 k -773.127441
6840.0 6870.0 @ -427.686432
6870.0 7110.0 n -2685.422607
7110.0 7545.0 ssil -5111.382812
.
