#!MLF!#
"/net/aistaff/aki/_same-utterance/wav/01/Limburg/8236-1457784146-1577304.rec"
0.0 340.0 ssil -2978.513428 DE
340.0 355.0 d -232.004196
355.0 565.0 ssil -2987.808350
565.0 1105.0 ssil -6995.241211 SPREI
1105.0 1260.0 z -2287.573975
1260.0 1325.0 p -938.044128
1325.0 1420.0 r -1290.793579
1420.0 1580.0 ei -1964.945557
1580.0 1595.0 ssil -219.828522
1595.0 1610.0 ssil -225.850479 DIE
1610.0 1630.0 d -305.632812
1630.0 1775.0 i -1644.506592
1775.0 1790.0 ssil -213.614273
1790.0 1805.0 ssil -208.984802 JIJ
1805.0 1820.0 j -188.112976
1820.0 1970.0 ei -1802.792236
1970.0 2005.0 ssil -476.439911
2005.0 2020.0 ssil -232.136200 BRACHT
2020.0 2045.0 b -396.036072
2045.0 2060.0 r -204.048950
2060.0 2340.0 ac -3602.951904
2340.0 2355.0 x -228.715225
2355.0 2380.0 ssil -402.607025
2380.0 2675.0 ssil -3679.402344 HEEFT
2675.0 2690.0 h -216.413818
2690.0 2810.0 e -1544.390625
2810.0 2835.0 f -357.853546
2835.0 2850.0 ssil -236.796967
2850.0 2870.0 ssil -280.925018 SUZAN
2870.0 2930.0 z -759.487793
2930.0 3005.0 y -934.798645
3005.0 3060.0 s -749.846619
3060.0 3270.0 ac -2605.637695
3270.0 3285.0 n -194.585312
3285.0 3300.0 ssil -201.673050
3300.0 3420.0 ssil -1558.619629 ALTIJD
3420.0 3485.0 ac -875.958923
3485.0 3645.0 l -1890.224854
3645.0 3680.0 t -515.386047
3680.0 3775.0 ei -1116.807129
3775.0 3790.0 t -240.087143
3790.0 3805.0 ssil -229.167831
3805.0 3820.0 ssil -228.478729 AL
3820.0 3870.0 ac -560.136780
3870.0 3950.0 l -960.078979
3950.0 3970.0 ssil -289.238525
3970.0 3985.0 ssil -204.626312 GEWILD
3985.0 4000.0 gc -208.055405
4000.0 4090.0 @ -1153.449951
4090.0 4150.0 w -737.143433
4150.0 4215.0 ic -876.123169
4215.0 4310.0 l -1145.949097
4310.0 4665.0 ssil -4382.517578
4665.0 4905.0 ssil -2890.378906 OMDAT
4905.0 5030.0 oc -1584.614868
5030.0 5045.0 m -233.906067
5045.0 5060.0 d -219.120316
5060.0 5130.0 ac -861.091675
5130.0 5145.0 t -263.302612
5145.0 5165.0 ssil -304.772217
5165.0 5185.0 ssil -307.700012 DIE
5185.0 5210.0 d -385.989655
5210.0 5285.0 i -1034.942993
5285.0 5300.0 ssil -212.490479
5300.0 5315.0 ssil -226.336014 ZO
5315.0 5370.0 z -712.667664
5370.0 5415.0 o -579.109985
5415.0 5430.0 ssil -214.869980
5430.0 5445.0 ssil -217.270828 LEUK
5445.0 5510.0 l -826.546387
5510.0 5645.0 eu -1390.741577
5645.0 5670.0 k -378.270691
5670.0 5685.0 ssil -211.859604
5685.0 5705.0 ssil -289.035431 STAAT
5705.0 5795.0 s -1150.041748
5795.0 5830.0 t -522.482727
5830.0 6005.0 a -1858.266968
6005.0 6020.0 t -202.834015
6020.0 6235.0 ssil -2528.625488
6235.0 6250.0 ssil -194.812805 BIJ
6250.0 6285.0 b -467.750366
6285.0 6425.0 ei -1438.202637
6425.0 6440.0 ssil -168.831406
6440.0 6485.0 ssil -600.972412 HET
6485.0 6500.0 h -206.127792
6500.0 6515.0 ec -258.346863
6515.0 6530.0 t -219.294708
6530.0 6545.0 ssil -208.489365
6545.0 6570.0 ssil -334.014679 GELE
6570.0 6600.0 gc -400.155396
6600.0 6780.0 ic -2219.910400
6780.0 6825.0 l -613.233459
6825.0 6875.0 @ -577.696533
6875.0 6890.0 ssil -200.200180
6890.0 6905.0 ssil -205.478027 LAKEN
6905.0 6940.0 l -477.415588
6940.0 7210.0 a -3027.742920
7210.0 7260.0 k -723.792175
7260.0 7315.0 @ -635.670593
7315.0 7445.0 n -1514.954102
7445.0 7685.0 ssil -2849.471191
.
