#!MLF!#
"/net/aistaff/aki/_same-utterance/wav/01/Limburg/8595-1457905705-1623513.rec"
0.0 100.0 ssil -913.050049 DE
100.0 115.0 d -226.607849
115.0 765.0 ssil -7907.102051
765.0 1455.0 ssil -8311.892578 SPREI
1455.0 1595.0 s -1842.726685
1595.0 1710.0 p -1637.887451
1710.0 1740.0 r -391.182831
1740.0 1950.0 ei -2403.406006
1950.0 1965.0 ssil -198.375046
1965.0 1980.0 ssil -196.977982 DIE
1980.0 2030.0 d -660.526428
2030.0 2180.0 i -1528.155151
2180.0 2195.0 ssil -240.109055
2195.0 2210.0 ssil -238.411057 JIJ
2210.0 2235.0 j -292.179169
2235.0 2305.0 ei -735.344910
2305.0 2320.0 ssil -204.348450
2320.0 2335.0 ssil -174.660950 BRACHT
2335.0 2400.0 b -858.909241
2400.0 2440.0 r -655.209778
2440.0 2625.0 ac -2357.845215
2625.0 2720.0 x -1353.597656
2720.0 2825.0 t -1448.314575
2825.0 2870.0 ssil -694.984253
2870.0 2885.0 ssil -246.111557 HEEFT
2885.0 2900.0 h -219.977402
2900.0 2995.0 e -1082.250854
2995.0 3010.0 f -228.855377
3010.0 3025.0 ssil -205.041351
3025.0 3040.0 ssil -202.948761 SUZAN
3040.0 3155.0 s -1451.558838
3155.0 3280.0 y -1559.493286
3280.0 3335.0 s -828.822449
3335.0 3460.0 ac -1558.829468
3460.0 3510.0 n -612.173584
3510.0 3525.0 ssil -236.063721
3525.0 3540.0 ssil -221.461472 ALTIJD
3540.0 3670.0 ac -1566.345703
3670.0 3735.0 l -854.446228
3735.0 3805.0 t -1159.317505
3805.0 3870.0 ei -862.354736
3870.0 3910.0 t -604.501343
3910.0 3925.0 ssil -228.542389
3925.0 3940.0 ssil -228.327011 AL
3940.0 4085.0 ac -1742.592896
4085.0 4100.0 l -226.863602
4100.0 4115.0 ssil -201.815048
4115.0 4130.0 ssil -207.017487 GEWILD
4130.0 4175.0 x -588.581726
4175.0 4285.0 w -1244.689209
4285.0 4375.0 ic -978.351318
4375.0 4485.0 l -1390.813232
4485.0 4610.0 t -1755.547363
4610.0 4975.0 ssil -4658.527832
4975.0 5035.0 ssil -752.240967 OMDAT
5035.0 5105.0 m -846.230530
5105.0 5150.0 d -625.684570
5150.0 5210.0 ac -740.013000
5210.0 5225.0 t -217.054306
5225.0 5240.0 ssil -181.818985
5240.0 5255.0 ssil -191.265762 DIE
5255.0 5290.0 d -555.506775
5290.0 5345.0 i -714.169434
5345.0 5360.0 ssil -204.573975
5360.0 5375.0 ssil -216.749649 ZO
5375.0 5470.0 z -1273.736694
5470.0 5515.0 o -618.787659
5515.0 5550.0 ssil -455.948669
5550.0 5580.0 ssil -371.637329 LEUK
5580.0 5610.0 l -436.646912
5610.0 5760.0 eu -1781.262207
5760.0 5790.0 k -455.997223
5790.0 5805.0 ssil -243.006592
5805.0 5820.0 ssil -251.270798 STAAT
5820.0 5870.0 s -704.974731
5870.0 5925.0 t -752.791748
5925.0 6085.0 a -2148.420410
6085.0 6115.0 t -418.670105
6115.0 6130.0 ssil -206.739273
6130.0 6145.0 ssil -188.954437 BIJ
6145.0 6185.0 b -643.768188
6185.0 6370.0 ei -1960.767090
6370.0 6385.0 ssil -213.091019
6385.0 6420.0 ssil -505.896912 HET
6420.0 6440.0 h -283.451599
6440.0 6455.0 ec -234.689026
6455.0 6470.0 t -225.585541
6470.0 6485.0 ssil -216.224960
6485.0 6500.0 ssil -211.318359 GELE
6500.0 6535.0 x -550.254028
6535.0 6675.0 e -1567.856323
6675.0 6695.0 l -292.142761
6695.0 6710.0 @ -233.123337
6710.0 6740.0 ssil -441.980774
6740.0 6765.0 ssil -381.055328 LAKEN
6765.0 6880.0 l -1322.575928
6880.0 7055.0 a -2102.563232
7055.0 7180.0 k -1631.810425
7180.0 7195.0 @ -210.729233
7195.0 7260.0 n -749.561218
7260.0 8010.0 ssil -8197.360352
.
