#!MLF!#
"/net/aistaff/aki/_same-utterance/wav/01/Limburg/8788-1457954862-1638195.rec"
0.0 195.0 ssil -1936.964355 DE
195.0 210.0 d -223.263931
210.0 660.0 ssil -5484.116699
660.0 1045.0 ssil -4755.508789 SPREI
1045.0 1195.0 z -1947.377930
1195.0 1250.0 p -823.297119
1250.0 1285.0 r -513.549744
1285.0 1420.0 ei -1640.523438
1420.0 1435.0 ssil -225.424500
1435.0 1450.0 ssil -238.725327 DIE
1450.0 1485.0 d -505.224060
1485.0 1670.0 i -1948.388428
1670.0 1685.0 ssil -202.076355
1685.0 1700.0 ssil -210.846313 JIJ
1700.0 1715.0 j -218.805618
1715.0 1735.0 ei -273.096405
1735.0 1750.0 ssil -234.377869
1750.0 1765.0 ssil -228.718262 BRACHT
1765.0 1785.0 b -308.493958
1785.0 1845.0 r -944.760132
1845.0 2045.0 ac -2596.174072
2045.0 2080.0 x -480.414825
2080.0 2160.0 t -1079.807129
2160.0 2180.0 ssil -305.287659
2180.0 2195.0 ssil -223.857742 HEEFT
2195.0 2265.0 e -884.273865
2265.0 2285.0 f -277.432434
2285.0 2300.0 ssil -197.241119
2300.0 2315.0 ssil -219.584930 SUZAN
2315.0 2400.0 s -1093.659424
2400.0 2440.0 @ -503.644653
2440.0 2515.0 s -983.625916
2515.0 2625.0 ac -1306.517700
2625.0 2670.0 n -598.950684
2670.0 2710.0 ssil -520.610779
2710.0 2785.0 ssil -1114.433472 ALTIJD
2785.0 2895.0 ac -1546.830444
2895.0 2990.0 l -1283.932983
2990.0 3040.0 t -725.366028
3040.0 3055.0 ei -236.012451
3055.0 3070.0 t -258.649933
3070.0 3085.0 ssil -253.927475
3085.0 3100.0 ssil -250.199005 AL
3100.0 3270.0 ac -2133.559326
3270.0 3285.0 l -232.575912
3285.0 3300.0 ssil -216.331848
3300.0 3315.0 ssil -205.752167 GEWILD
3315.0 3330.0 gc -226.970978
3330.0 3395.0 @ -827.380188
3395.0 3480.0 w -996.689453
3480.0 3510.0 ic -340.406616
3510.0 3665.0 l -2033.604004
3665.0 3735.0 t -919.869690
3735.0 4110.0 ssil -4590.219727
4110.0 4155.0 ssil -552.187500 OMDAT
4155.0 4225.0 oc -1054.347534
4225.0 4280.0 m -768.000793
4280.0 4310.0 d -443.091766
4310.0 4370.0 ac -829.453796
4370.0 4385.0 t -243.700500
4385.0 4400.0 ssil -232.977448
4400.0 4415.0 ssil -268.337891 DIE
4415.0 4455.0 d -644.840820
4455.0 4500.0 i -624.741272
4500.0 4515.0 ssil -210.694885
4515.0 4530.0 ssil -206.691757 ZO
4530.0 4630.0 z -1222.337524
4630.0 4645.0 o -230.998444
4645.0 4660.0 ssil -235.839172
4660.0 4675.0 ssil -197.761993 LEUK
4675.0 4715.0 l -492.012115
4715.0 4810.0 eu -1057.237061
4810.0 4825.0 k -235.306259
4825.0 4840.0 ssil -244.205719
4840.0 4855.0 ssil -244.726700 STAAT
4855.0 4970.0 s -1529.044189
4970.0 5010.0 t -577.583313
5010.0 5170.0 a -1598.556396
5170.0 5185.0 t -255.263351
5185.0 5225.0 ssil -507.681183
5225.0 5245.0 ssil -245.145966 BIJ
5245.0 5290.0 b -637.674500
5290.0 5485.0 ei -2108.184326
5485.0 5500.0 ssil -235.817932
5500.0 5515.0 ssil -226.322021 HET
5515.0 5530.0 h -231.245285
5530.0 5545.0 ec -263.510345
5545.0 5580.0 t -504.117584
5580.0 5595.0 ssil -220.599655
5595.0 5610.0 ssil -202.417847 GELE
5610.0 5645.0 x -519.065308
5645.0 5725.0 e -989.853760
5725.0 5755.0 l -386.750580
5755.0 5795.0 @ -467.853882
5795.0 5810.0 ssil -212.143509
5810.0 5825.0 ssil -218.527054 LAKEN
5825.0 5905.0 l -1023.480164
5905.0 6115.0 a -2609.715088
6115.0 6175.0 k -816.559143
6175.0 6400.0 @ -2907.464355
6400.0 7015.0 ssil -7049.119141
.
