#!MLF!#
"/net/aistaff/aki/_same-utterance/wav/01/Limburg/9096-1459547528-1725544.rec"
0.0 1215.0 ssil -13947.929688 DE
1215.0 1265.0 d -721.520691
1265.0 1320.0 @ -617.305176
1320.0 1335.0 ssil -205.865311
1335.0 1350.0 ssil -219.349487 SPREI
1350.0 1515.0 z -2252.597900
1515.0 1565.0 p -744.477661
1565.0 1605.0 r -537.124451
1605.0 1780.0 ei -2060.915527
1780.0 1795.0 ssil -208.800873
1795.0 1815.0 ssil -282.456635 DIE
1815.0 1855.0 d -546.395935
1855.0 1940.0 i -972.541321
1940.0 1955.0 ssil -224.045563
1955.0 1970.0 ssil -229.494293 JIJ
1970.0 2025.0 j -622.286682
2025.0 2105.0 ei -936.817261
2105.0 2160.0 ssil -730.132446
2160.0 2185.0 ssil -322.337677 BRACHT
2185.0 2220.0 b -516.397949
2220.0 2250.0 r -416.619110
2250.0 2470.0 ac -2604.369629
2470.0 2515.0 x -634.189575
2515.0 2600.0 t -1126.414917
2600.0 2775.0 ssil -1915.868042
2775.0 2930.0 ssil -1834.502319 HEEFT
2930.0 3065.0 e -1647.624146
3065.0 3080.0 f -229.180206
3080.0 3115.0 ssil -465.058167
3115.0 3130.0 ssil -232.612045 SUZAN
3130.0 3235.0 z -1380.882935
3235.0 3320.0 y -1062.360596
3320.0 3360.0 s -625.153687
3360.0 3445.0 ac -1056.574707
3445.0 3560.0 n -1527.183228
3560.0 3575.0 ssil -213.719376
3575.0 3590.0 ssil -257.131744 ALTIJD
3590.0 3720.0 ac -1803.114502
3720.0 3810.0 l -1300.961426
3810.0 3840.0 t -480.213470
3840.0 3935.0 ei -1160.450317
3935.0 3950.0 t -238.101074
3950.0 3980.0 ssil -439.955017
3980.0 4000.0 ssil -310.655396 AL
4000.0 4130.0 ac -1535.388062
4130.0 4180.0 l -597.177002
4180.0 4195.0 ssil -214.922821
4195.0 4210.0 ssil -209.112686 GEWILD
4210.0 4225.0 gc -206.594055
4225.0 4365.0 w -1645.365479
4365.0 4395.0 ic -389.043030
4395.0 4550.0 l -1897.878296
4550.0 4610.0 t -856.687256
4610.0 5175.0 ssil -6760.390625
5175.0 5355.0 ssil -2104.813477 OMDAT
5355.0 5410.0 oc -712.303833
5410.0 5520.0 m -1347.435059
5520.0 5545.0 d -360.942566
5545.0 5635.0 ac -1050.266479
5635.0 5650.0 t -233.823425
5650.0 5665.0 ssil -200.687088
5665.0 5680.0 ssil -234.149078 DIE
5680.0 5710.0 d -438.145569
5710.0 5760.0 i -629.282593
5760.0 5775.0 ssil -215.948334
5775.0 5790.0 ssil -226.944290 ZO
5790.0 5890.0 z -1371.579102
5890.0 5905.0 o -202.853256
5905.0 5920.0 ssil -200.787384
5920.0 5935.0 ssil -205.709061 LEUK
5935.0 6005.0 l -842.862000
6005.0 6140.0 eu -1697.233154
6140.0 6155.0 k -247.008194
6155.0 6170.0 ssil -229.615234
6170.0 6185.0 ssil -241.627945 STAAT
6185.0 6290.0 s -1452.501953
6290.0 6325.0 t -498.657288
6325.0 6530.0 a -2287.839844
6530.0 6555.0 t -335.227936
6555.0 6575.0 ssil -267.804932
6575.0 6705.0 ssil -1595.758301 BIJ
6705.0 6735.0 b -432.756195
6735.0 6895.0 ei -1721.380127
6895.0 6910.0 ssil -194.152573
6910.0 6925.0 ssil -205.984940 HET
6925.0 6940.0 h -205.605499
6940.0 6960.0 ec -294.473511
6960.0 6990.0 t -486.860748
6990.0 7005.0 ssil -203.751114
7005.0 7020.0 ssil -180.705505 GELE
7020.0 7075.0 gc -699.821533
7075.0 7225.0 ic -1831.773804
7225.0 7240.0 l -202.102203
7240.0 7260.0 @ -234.659485
7260.0 7275.0 ssil -215.243805
7275.0 7290.0 ssil -212.859787 LAKEN
7290.0 7435.0 l -1873.145142
7435.0 7660.0 a -2824.589355
7660.0 7720.0 k -805.838623
7720.0 7765.0 @ -598.741455
7765.0 9080.0 ssil -14946.583984
.
