#!MLF!#
"/net/aistaff/aki/_same-utterance/wav/01/Limburg/9109-1459848876-1730367.rec"
0.0 170.0 ssil -1526.390137 DE
170.0 185.0 d -222.171585
185.0 215.0 ssil -488.378632
215.0 425.0 ssil -2621.082764 SPREI
425.0 585.0 z -2085.839600
585.0 665.0 p -1154.276245
665.0 680.0 r -207.165421
680.0 840.0 ei -1673.084351
840.0 855.0 ssil -219.900711
855.0 870.0 ssil -235.044876 DIE
870.0 885.0 d -231.853577
885.0 945.0 i -732.338135
945.0 960.0 ssil -189.718918
960.0 975.0 ssil -187.088181 JIJ
975.0 1040.0 j -706.544739
1040.0 1215.0 ei -1978.984253
1215.0 1230.0 ssil -213.683395
1230.0 1245.0 ssil -234.315750 BRACHT
1245.0 1260.0 b -230.210083
1260.0 1275.0 r -194.807175
1275.0 1430.0 ac -1669.483765
1430.0 1495.0 x -932.750610
1495.0 1560.0 t -858.011475
1560.0 1595.0 ssil -419.248657
1595.0 1630.0 ssil -441.569244 HEEFT
1630.0 1720.0 e -1019.249451
1720.0 1815.0 f -1246.918457
1815.0 1835.0 ssil -265.650452
1835.0 1850.0 ssil -209.721436 SUZAN
1850.0 1960.0 z -1408.602539
1960.0 2045.0 @ -933.381653
2045.0 2060.0 s -250.990723
2060.0 2100.0 ac -526.248474
2100.0 2125.0 n -277.312805
2125.0 2140.0 ssil -189.968521
2140.0 2155.0 ssil -235.002487 ALTIJD
2155.0 2235.0 ac -1005.016724
2235.0 2280.0 l -640.058899
2280.0 2325.0 t -704.888855
2325.0 2340.0 ei -251.069977
2340.0 2355.0 t -243.410477
2355.0 2370.0 ssil -199.097122
2370.0 2385.0 ssil -196.439606 AL
2385.0 2520.0 ac -1723.016724
2520.0 2540.0 l -258.330566
2540.0 2555.0 ssil -191.096771
2555.0 2570.0 ssil -195.185196 GEWILD
2570.0 2615.0 gc -590.386536
2615.0 2730.0 w -1376.009399
2730.0 2760.0 ic -367.342682
2760.0 2880.0 l -1327.523804
2880.0 2950.0 ssil -950.910706
2950.0 3385.0 ssil -5421.379395 OMDAT
3385.0 3405.0 @ -299.642365
3405.0 3490.0 m -975.441467
3490.0 3505.0 d -190.584427
3505.0 3555.0 ac -620.422241
3555.0 3570.0 t -201.532333
3570.0 3585.0 ssil -181.628220
3585.0 3610.0 ssil -348.677124 DIE
3610.0 3635.0 d -390.280853
3635.0 3690.0 i -632.655090
3690.0 3705.0 ssil -194.074463
3705.0 3720.0 ssil -188.902542 ZO
3720.0 3820.0 z -1217.998413
3820.0 3895.0 o -852.266418
3895.0 3910.0 ssil -184.189209
3910.0 3925.0 ssil -181.509857 LEUK
3925.0 4025.0 l -1259.401733
4025.0 4155.0 eu -1667.152832
4155.0 4175.0 k -294.287964
4175.0 4190.0 ssil -222.158539
4190.0 4205.0 ssil -217.721527 STAAT
4205.0 4260.0 s -693.957764
4260.0 4295.0 t -490.172699
4295.0 4425.0 a -1315.843994
4425.0 4440.0 t -223.606430
4440.0 4485.0 ssil -545.630615
4485.0 4570.0 ssil -995.144958 BIJ
4570.0 4585.0 b -204.697800
4585.0 4705.0 ei -1331.370239
4705.0 4720.0 ssil -216.780075
4720.0 4735.0 ssil -201.543533 HET
4735.0 4750.0 h -202.199051
4750.0 4765.0 ec -239.095352
4765.0 4780.0 t -220.126068
4780.0 4795.0 ssil -223.432205
4795.0 4820.0 ssil -348.559296 GELE
4820.0 4875.0 gc -809.692566
4875.0 5015.0 ic -1719.106445
5015.0 5030.0 l -197.436493
5030.0 5095.0 @ -677.680847
5095.0 5110.0 ssil -197.299591
5110.0 5125.0 ssil -188.180405 LAKEN
5125.0 5145.0 l -251.037079
5145.0 5365.0 a -2433.394531
5365.0 5415.0 k -649.657410
5415.0 5435.0 @ -266.185699
5435.0 5455.0 ssil -262.954285
.
