#!MLF!#
"/net/aistaff/aki/_same-utterance/wav/01/Limburg/9128-1459854379-1731557.rec"
0.0 135.0 ssil -1455.466919 DE
135.0 155.0 d -293.242676
155.0 175.0 @ -299.388275
175.0 305.0 ssil -1788.005859
305.0 1040.0 ssil -8648.250000 SPREI
1040.0 1190.0 z -2193.655762
1190.0 1305.0 p -1779.959229
1305.0 1320.0 r -211.607559
1320.0 1485.0 ei -1725.723389
1485.0 1500.0 ssil -203.165543
1500.0 1515.0 ssil -238.810028 DIE
1515.0 1540.0 d -392.473877
1540.0 1600.0 i -696.080383
1600.0 1615.0 ssil -203.530136
1615.0 1630.0 ssil -205.785995 JIJ
1630.0 1690.0 j -679.518372
1690.0 1835.0 ei -1701.614258
1835.0 1900.0 ssil -969.627319
1900.0 1945.0 ssil -667.957947 BRACHT
1945.0 1965.0 b -331.269318
1965.0 1980.0 r -242.109863
1980.0 2090.0 ac -1321.783813
2090.0 2175.0 x -1193.097656
2175.0 2240.0 t -937.155396
2240.0 2255.0 ssil -211.458984
2255.0 2270.0 ssil -205.305420 HEEFT
2270.0 2320.0 h -644.457458
2320.0 2395.0 e -871.596741
2395.0 2415.0 f -284.526276
2415.0 2430.0 ssil -224.939148
2430.0 2455.0 ssil -359.225708 SUZAN
2455.0 2515.0 z -825.449158
2515.0 2580.0 @ -912.471558
2580.0 2645.0 s -931.137146
2645.0 2705.0 @ -789.028931
2705.0 2765.0 n -852.881592
2765.0 2785.0 ssil -373.970093
2785.0 2840.0 ssil -889.761902 ALTIJD
2840.0 2950.0 ac -1373.557007
2950.0 3000.0 l -711.438049
3000.0 3045.0 t -695.077576
3045.0 3080.0 ei -546.687683
3080.0 3100.0 t -322.774200
3100.0 3115.0 ssil -235.102509
3115.0 3130.0 ssil -234.488098 AL
3130.0 3220.0 l -1067.716431
3220.0 3235.0 ssil -210.371719
3235.0 3250.0 ssil -203.632263 GEWILD
3250.0 3295.0 gc -593.167419
3295.0 3345.0 @ -562.717896
3345.0 3405.0 w -609.118042
3405.0 3455.0 ic -570.458862
3455.0 3585.0 l -1497.595703
3585.0 3700.0 t -1555.229736
3700.0 3730.0 ssil -374.131744
3730.0 4225.0 ssil -6006.402344 OMDAT
4225.0 4285.0 oc -744.536316
4285.0 4310.0 m -315.673615
4310.0 4385.0 d -1035.478882
4385.0 4425.0 ac -577.771606
4425.0 4450.0 t -383.596466
4450.0 4470.0 ssil -326.312561
4470.0 4485.0 ssil -241.485733 DIE
4485.0 4505.0 d -314.759796
4505.0 4555.0 i -649.557495
4555.0 4570.0 ssil -225.860641
4570.0 4585.0 ssil -219.434296 ZO
4585.0 4665.0 z -1144.371826
4665.0 4690.0 o -345.294067
4690.0 4705.0 ssil -207.730438
4705.0 4725.0 ssil -264.527100 LEUK
4725.0 4790.0 l -788.809326
4790.0 4880.0 eu -1060.478760
4880.0 4895.0 k -226.048935
4895.0 4910.0 ssil -222.316864
4910.0 4925.0 ssil -253.734467 STAAT
4925.0 5005.0 s -1220.200195
5005.0 5055.0 t -765.176453
5055.0 5205.0 a -1793.998291
5205.0 5225.0 t -266.756287
5225.0 5240.0 ssil -204.556702
5240.0 5255.0 ssil -231.682892 BIJ
5255.0 5270.0 b -239.817352
5270.0 5285.0 ei -208.418167
5285.0 5335.0 ssil -595.724121
5335.0 5355.0 ssil -289.808411 HET
5355.0 5415.0 h -767.897278
5415.0 5530.0 ec -1329.478760
5530.0 5560.0 t -424.486908
5560.0 5575.0 ssil -230.480621
5575.0 5595.0 ssil -271.924500 GELE
5595.0 5665.0 gc -993.632629
5665.0 5775.0 e -1381.707886
5775.0 5830.0 l -782.652222
5830.0 5845.0 @ -233.915924
5845.0 5860.0 ssil -209.363831
5860.0 5875.0 ssil -192.545441 LAKEN
5875.0 5915.0 l -489.859924
5915.0 6100.0 a -2326.472900
6100.0 6160.0 k -801.731079
6160.0 6175.0 @ -240.473999
6175.0 6225.0 ssil -759.696838
.
