#!MLF!#
"/net/aistaff/aki/_same-utterance/wav/01/Limburg/9131-1459854379-1731934.rec"
0.0 305.0 ssil -2644.976074 DE
305.0 325.0 d -286.910553
325.0 895.0 ssil -6622.735352
895.0 1205.0 ssil -3927.561035 SPREI
1205.0 1375.0 z -2430.065674
1375.0 1415.0 p -628.379395
1415.0 1440.0 r -345.285675
1440.0 1625.0 ei -2167.266357
1625.0 1640.0 ssil -205.077637
1640.0 1655.0 ssil -217.308304 DIE
1655.0 1675.0 d -273.066742
1675.0 1710.0 i -435.180908
1710.0 1725.0 ssil -205.759781
1725.0 1740.0 ssil -206.578781 JIJ
1740.0 1830.0 j -914.919250
1830.0 1860.0 ei -383.186035
1860.0 1880.0 ssil -277.266205
1880.0 1900.0 ssil -282.076233 BRACHT
1900.0 1965.0 b -898.119385
1965.0 1990.0 r -322.566803
1990.0 2080.0 ac -1092.049438
2080.0 2190.0 x -1584.149048
2190.0 2255.0 ssil -914.145935
2255.0 2280.0 ssil -361.531921 HEEFT
2280.0 2405.0 e -1735.520142
2405.0 2420.0 f -233.975616
2420.0 2505.0 t -1224.444824
2505.0 2530.0 ssil -366.021515
2530.0 2545.0 ssil -215.904968 SUZAN
2545.0 2640.0 s -1230.752808
2640.0 2745.0 ac -1157.319458
2745.0 2795.0 n -653.071960
2795.0 2810.0 ssil -258.786835
2810.0 2825.0 ssil -234.804199 ALTIJD
2825.0 2930.0 ac -1438.444946
2930.0 3015.0 l -1144.694946
3015.0 3055.0 t -599.054199
3055.0 3100.0 ei -600.338806
3100.0 3115.0 t -230.936569
3115.0 3130.0 ssil -203.452225
3130.0 3145.0 ssil -221.953415 AL
3145.0 3185.0 ac -605.628845
3185.0 3280.0 l -1060.531982
3280.0 3295.0 ssil -218.357178
3295.0 3310.0 ssil -223.443512 GEWILD
3310.0 3330.0 gc -277.929840
3330.0 3460.0 w -1443.946289
3460.0 3485.0 ic -308.090881
3485.0 3600.0 l -1321.630005
3600.0 3735.0 t -1891.367676
3735.0 3750.0 ssil -218.246536
3750.0 4150.0 ssil -4804.035645 OMDAT
4150.0 4165.0 oc -205.974792
4165.0 4220.0 m -687.013672
4220.0 4235.0 d -206.732971
4235.0 4270.0 ac -485.005005
4270.0 4285.0 t -216.338562
4285.0 4300.0 ssil -203.707321
4300.0 4315.0 ssil -210.597183 DIE
4315.0 4335.0 d -289.697968
4335.0 4350.0 i -256.543396
4350.0 4365.0 ssil -212.245544
4365.0 4380.0 ssil -216.592484 ZO
4380.0 4485.0 z -1396.512939
4485.0 4500.0 o -202.663254
4500.0 4515.0 ssil -204.057449
4515.0 4530.0 ssil -199.285080 LEUK
4530.0 4565.0 l -426.639282
4565.0 4685.0 eu -1425.074341
4685.0 4715.0 k -509.819489
4715.0 4730.0 ssil -252.024933
4730.0 4745.0 ssil -222.790375 STAAT
4745.0 4810.0 s -915.930847
4810.0 4870.0 t -909.791992
4870.0 5040.0 a -1943.772461
5040.0 5075.0 t -580.643799
5075.0 5090.0 ssil -201.050049
5090.0 5125.0 ssil -428.290253 BIJ
5125.0 5165.0 b -578.954590
5165.0 5230.0 ei -773.574158
5230.0 5245.0 ssil -260.452118
5245.0 5260.0 ssil -254.208694 HET
5260.0 5275.0 h -212.472977
5275.0 5295.0 ec -268.209808
5295.0 5315.0 t -297.313782
5315.0 5330.0 ssil -216.574005
5330.0 5345.0 ssil -209.003250 GELE
5345.0 5430.0 gc -1176.763062
5430.0 5540.0 e -1316.970215
5540.0 5590.0 l -734.642700
5590.0 5610.0 @ -237.882034
5610.0 5625.0 ssil -194.724304
5625.0 5640.0 ssil -193.227509 LAKEN
5640.0 5715.0 l -907.910767
5715.0 5925.0 a -2348.670166
5925.0 5980.0 k -765.627625
5980.0 6030.0 @ -625.883606
6030.0 6315.0 ssil -3589.229248
.
