#!MLF!#
"/net/aistaff/aki/_same-utterance/wav/01/Limburg/9144-1459862835-1736299.rec"
0.0 310.0 ssil -2394.760498 DE
310.0 325.0 d -217.130081
325.0 340.0 ssil -228.698242
340.0 500.0 ssil -1893.441284 SPREI
500.0 515.0 s -186.323990
515.0 545.0 p -411.827972
545.0 570.0 r -313.333893
570.0 590.0 ei -242.891205
590.0 620.0 ssil -377.860321
620.0 660.0 ssil -488.946106 DIE
660.0 675.0 d -221.061707
675.0 690.0 i -234.901276
690.0 770.0 ssil -898.082947
770.0 815.0 ssil -553.033752 JIJ
815.0 830.0 j -249.599945
830.0 1270.0 ei -4800.535156
1270.0 1335.0 ssil -767.560547
1335.0 1395.0 ssil -639.627075 BRACHT
1395.0 1410.0 b -199.698059
1410.0 1425.0 r -204.358154
1425.0 1530.0 ac -1142.642090
1530.0 1550.0 x -256.165497
1550.0 1580.0 ssil -333.861542
1580.0 1645.0 ssil -733.949341 HEEFT
1645.0 1710.0 e -785.362366
1710.0 1725.0 f -203.654175
1725.0 1825.0 ssil -1275.399048
1825.0 1875.0 ssil -604.945679 SUZAN
1875.0 1890.0 s -230.857117
1890.0 1940.0 @ -642.902222
1940.0 1985.0 n -538.851440
1985.0 2015.0 ssil -410.319885
2015.0 2045.0 ssil -430.398193 ALTIJD
2045.0 2105.0 ac -716.539917
2105.0 2120.0 l -194.517288
2120.0 2135.0 t -205.312897
2135.0 2150.0 ei -201.564926
2150.0 2195.0 t -545.807678
2195.0 2225.0 ssil -361.835785
2225.0 2260.0 ssil -392.632080 AL
2260.0 2365.0 ac -1084.708618
2365.0 2380.0 l -193.158661
2380.0 2395.0 ssil -208.687515
2395.0 2410.0 ssil -200.996384 GEWILD
2410.0 2455.0 gc -567.357910
2455.0 2680.0 @ -2514.085938
2680.0 2870.0 w -2066.062988
2870.0 2890.0 ic -261.344391
2890.0 2905.0 l -207.706161
2905.0 3065.0 ssil -1891.835815
3065.0 3115.0 ssil -579.046326 OMDAT
3115.0 3275.0 @ -1758.658813
3275.0 3290.0 m -201.623428
3290.0 3320.0 d -399.787018
3320.0 3360.0 ac -499.121460
3360.0 3395.0 t -445.323151
3395.0 3460.0 ssil -768.572144
3460.0 3475.0 ssil -211.292496 DIE
3475.0 3490.0 d -193.838684
3490.0 3515.0 i -335.990662
3515.0 3540.0 ssil -335.124023
3540.0 3600.0 ssil -763.952637 ZO
3600.0 3650.0 z -660.107117
3650.0 3665.0 o -226.516754
3665.0 3695.0 ssil -399.620239
3695.0 3740.0 ssil -527.310364 LEUK
3740.0 3810.0 l -840.610229
3810.0 3960.0 eu -1661.875977
3960.0 3975.0 k -199.944290
3975.0 4065.0 ssil -997.443481
4065.0 4175.0 ssil -1252.212402 STAAT
4175.0 4200.0 s -336.565582
4200.0 4225.0 t -403.676788
4225.0 4360.0 a -1441.526001
4360.0 4385.0 t -328.724701
4385.0 4405.0 ssil -212.466888
4405.0 4480.0 ssil -874.129028 BIJ
4480.0 4505.0 b -356.562347
4505.0 4610.0 ei -1105.231323
4610.0 4830.0 ssil -2665.273438
4830.0 4900.0 ssil -816.501587 HET
4900.0 5220.0 h -3588.138916
5220.0 5250.0 ec -338.772339
5250.0 5270.0 t -268.170074
5270.0 5320.0 ssil -575.060242
5320.0 5345.0 ssil -313.445923 GELE
5345.0 5370.0 gc -326.912872
5370.0 5385.0 ic -208.470306
5385.0 5400.0 l -201.105240
5400.0 5475.0 @ -965.867859
5475.0 5535.0 ssil -719.327637
5535.0 5690.0 ssil -1843.985107 LAKEN
5690.0 5705.0 l -199.863251
5705.0 5720.0 ac -193.755707
5720.0 5740.0 k -292.784088
5740.0 5755.0 @ -187.752670
5755.0 5830.0 ssil -929.991577
.
