#!MLF!#
"/net/aistaff/aki/_same-utterance/wav/01/Limburg/9145-1459862133-1736353.rec"
0.0 15.0 ssil -152.819839 DE
15.0 30.0 d -177.072662
30.0 330.0 @ -2500.429688
330.0 1105.0 ssil -9444.477539
1105.0 1730.0 ssil -7849.324219 SPREI
1730.0 1880.0 s -1973.041748
1880.0 1945.0 p -873.806641
1945.0 1970.0 r -350.365295
1970.0 2160.0 ei -2414.996094
2160.0 2175.0 ssil -226.572342
2175.0 2190.0 ssil -217.980682 DIE
2190.0 2225.0 d -542.339722
2225.0 2350.0 i -1614.109985
2350.0 2365.0 ssil -243.483490
2365.0 2380.0 ssil -238.389816 JIJ
2380.0 2405.0 j -346.507782
2405.0 2525.0 ei -1508.576782
2525.0 2540.0 ssil -202.082199
2540.0 2555.0 ssil -203.117874 BRACHT
2555.0 2580.0 b -417.787323
2580.0 2635.0 r -881.436768
2635.0 2770.0 ac -1999.662720
2770.0 2875.0 x -1577.483765
2875.0 2950.0 t -1090.702148
2950.0 2965.0 ssil -234.890121
2965.0 2980.0 ssil -228.428619 HEEFT
2980.0 3075.0 e -1500.832153
3075.0 3090.0 f -253.345703
3090.0 3120.0 ssil -456.437683
3120.0 3150.0 ssil -469.634705 SUZAN
3150.0 3295.0 s -2117.413086
3295.0 3390.0 y -1356.668579
3390.0 3485.0 s -1548.794800
3485.0 3590.0 ac -1214.739624
3590.0 3720.0 n -1610.284546
3720.0 3755.0 ssil -436.028076
3755.0 3810.0 ssil -836.892273 ALTIJD
3810.0 3880.0 ac -1120.376099
3880.0 3990.0 l -1718.221680
3990.0 4030.0 t -727.828796
4030.0 4120.0 ei -1256.684204
4120.0 4135.0 t -245.495178
4135.0 4150.0 ssil -220.719574
4150.0 4175.0 ssil -445.259521 AL
4175.0 4385.0 ac -3132.591553
4385.0 4670.0 l -4196.784668
4670.0 4700.0 ssil -392.578033
4700.0 4745.0 ssil -750.377014 GEWILD
4745.0 4915.0 x -2549.141602
4915.0 4930.0 w -210.817642
4930.0 4945.0 ic -204.752335
4945.0 4965.0 l -251.078949
4965.0 4995.0 ssil -378.892517
4995.0 5010.0 ssil -264.013458 OMDAT
5010.0 5050.0 oc -595.912659
5050.0 5210.0 m -2142.179443
5210.0 5235.0 d -460.035767
5235.0 5335.0 ac -1532.829224
5335.0 5350.0 t -302.330994
5350.0 5400.0 ssil -704.645752
5400.0 5425.0 ssil -387.085327 DIE
5425.0 5455.0 d -576.178162
5455.0 5510.0 i -886.920532
5510.0 5525.0 ssil -277.967743
5525.0 5540.0 ssil -261.113586 ZO
5540.0 5630.0 z -1457.511475
5630.0 5895.0 o -3875.549316
5895.0 6725.0 ssil -13000.318359
6725.0 6935.0 ssil -3233.385010 LEUK
6935.0 7485.0 l -8355.963867
7485.0 7520.0 eu -425.703156
7520.0 7600.0 k -1351.298462
7600.0 9159.9999 ssil -20879.156250
9160.0 10225.0001 ssil -14516.952148 STAAT
10225.0001 10240.0001 s -265.756958
10240.0001 10505.0 t -3759.615967
10505.0 10520.0 a -223.869797
10520.0 10535.0 t -230.709320
10535.0 11585.0 ssil -14487.554688
11585.0 14940.0 ssil -45009.687500 BIJ
14940.0 14960.0 b -299.778717
14960.0 15335.0 ei -5051.330078
15335.0 16600.0 ssil -16900.597656
16600.0 17170.0 ssil -7557.177246 HET
17170.0 17455.0 h -3871.176758
17455.0 17480.0 ec -368.082855
17480.0 17500.0 t -296.785858
17500.0 20819.9999 ssil -44596.582031
20820.0 21165.0 ssil -4320.434570 GELE
21165.0 21205.0 gc -578.155396
21205.0 21355.0 e -1988.105957
21355.0 21370.0 l -216.051773
21370.0 21390.0 @ -256.123322
21390.0 21615.0 ssil -3274.868408
21615.0 22360.0 ssil -9099.461914 LAKEN
22360.0 22380.0 l -317.438080
22380.0 22455.0 a -1128.286377
22455.0 22480.0 k -488.461395
22480.0 22500.0 @ -313.810852
22500.0 22525.0 ssil -344.415771
.
