#!MLF!#
"/net/aistaff/aki/_same-utterance/wav/01/Limburg/9179-1459901812-1742922.rec"
0.0 335.0 ssil -2600.964355 DE
335.0 355.0 d -278.938324
355.0 735.0 ssil -4533.660156
735.0 800.0 ssil -898.044861 SPREI
800.0 980.0 z -2361.528076
980.0 1000.0 p -268.075226
1000.0 1060.0 r -942.468506
1060.0 1255.0 ei -2387.652588
1255.0 1270.0 ssil -184.870789
1270.0 1285.0 ssil -205.307663 DIE
1285.0 1300.0 d -223.910416
1300.0 1385.0 i -1003.216370
1385.0 1400.0 ssil -220.667984
1400.0 1415.0 ssil -225.976044 JIJ
1415.0 1450.0 j -382.568726
1450.0 1605.0 ei -1728.592041
1605.0 1620.0 ssil -208.102448
1620.0 1650.0 ssil -396.806732 BRACHT
1650.0 1665.0 b -220.382568
1665.0 1700.0 r -488.835236
1700.0 1835.0 ac -1723.283936
1835.0 1875.0 x -570.895081
1875.0 1930.0 ssil -814.329041
1930.0 2005.0 ssil -1045.445923 HEEFT
2005.0 2040.0 h -472.593628
2040.0 2100.0 e -713.014038
2100.0 2115.0 f -222.254791
2115.0 2170.0 ssil -809.469666
2170.0 2200.0 ssil -399.416718 SUZAN
2200.0 2320.0 s -1593.771118
2320.0 2335.0 @ -233.368851
2335.0 2435.0 s -1495.467041
2435.0 2535.0 ac -1082.169189
2535.0 2615.0 n -984.544800
2615.0 2640.0 ssil -318.725250
2640.0 2655.0 ssil -225.894516 ALTIJD
2655.0 2835.0 ac -2139.103516
2835.0 2865.0 l -417.425842
2865.0 2910.0 t -658.679688
2910.0 2960.0 ei -560.858765
2960.0 2975.0 t -227.383774
2975.0 3000.0 ssil -367.786774
3000.0 3015.0 ssil -226.679306 AL
3015.0 3155.0 ac -1533.261230
3155.0 3170.0 l -207.075424
3170.0 3185.0 ssil -225.533615
3185.0 3200.0 ssil -207.467331 GEWILD
3200.0 3230.0 gc -391.728607
3230.0 3280.0 @ -601.656555
3280.0 3360.0 w -970.781006
3360.0 3375.0 ic -176.857773
3375.0 3485.0 l -1309.197144
3485.0 3590.0 ssil -1375.058350
3590.0 4250.0 ssil -8217.501953 OMDAT
4250.0 4365.0 m -1532.633789
4365.0 4410.0 d -662.418701
4410.0 4500.0 ac -1035.554810
4500.0 4515.0 t -227.101089
4515.0 4530.0 ssil -196.250778
4530.0 4545.0 ssil -215.736191 DIE
4545.0 4575.0 d -432.186279
4575.0 4630.0 i -643.035706
4630.0 4645.0 ssil -229.823700
4645.0 4660.0 ssil -248.217590 ZO
4660.0 4720.0 z -821.520691
4720.0 4785.0 o -709.282532
4785.0 4800.0 ssil -218.488205
4800.0 4815.0 ssil -206.819946 LEUK
4815.0 4870.0 l -705.306824
4870.0 5010.0 eu -1591.085327
5010.0 5065.0 k -813.475769
5065.0 5085.0 ssil -319.151550
5085.0 5100.0 ssil -260.946167 STAAT
5100.0 5130.0 s -451.305176
5130.0 5190.0 t -797.881409
5190.0 5390.0 a -2101.046387
5390.0 5415.0 t -322.163147
5415.0 5565.0 ssil -1791.698975
5565.0 5585.0 ssil -263.506653 BIJ
5585.0 5635.0 b -741.406677
5635.0 5770.0 ei -1723.682373
5770.0 5785.0 ssil -211.133118
5785.0 5800.0 ssil -232.229965 HET
5800.0 5815.0 h -248.778976
5815.0 5830.0 ec -227.997955
5830.0 5845.0 t -230.062271
5845.0 5865.0 ssil -324.699890
5865.0 5885.0 ssil -318.889343 GELE
5885.0 5950.0 gc -907.521179
5950.0 6085.0 e -1423.283203
6085.0 6125.0 l -467.843140
6125.0 6140.0 @ -182.329895
6140.0 6155.0 ssil -197.160095
6155.0 6170.0 ssil -190.026688 LAKEN
6170.0 6240.0 l -799.291626
6240.0 6475.0 a -2514.884766
6475.0 6515.0 k -546.001770
6515.0 6555.0 @ -475.964996
6555.0 6630.0 n -819.036560
6630.0 7245.0 ssil -7271.396484
.
