#!MLF!#
"/net/aistaff/aki/_same-utterance/wav/01/Limburg/9181-1459944348-1744919.rec"
0.0 15.0 ssil -153.977554 DE
15.0 30.0 d -186.007919
30.0 630.0 @ -5152.770020
630.0 645.0 ssil -224.257095
645.0 665.0 ssil -339.967712 SPREI
665.0 680.0 s -249.879517
680.0 705.0 p -414.918671
705.0 720.0 r -230.837097
720.0 845.0 ei -1358.958374
845.0 865.0 ssil -274.031799
865.0 880.0 ssil -206.897827 DIE
880.0 905.0 d -371.515961
905.0 930.0 i -304.506287
930.0 945.0 ssil -206.875244
945.0 960.0 ssil -203.484192 JIJ
960.0 1005.0 j -482.047394
1005.0 1145.0 ei -1546.690063
1145.0 1160.0 ssil -187.087158
1160.0 1180.0 ssil -255.401855 BRACHT
1180.0 1210.0 b -438.058197
1210.0 1225.0 r -220.562302
1225.0 1350.0 ac -1568.240723
1350.0 1450.0 x -1383.794922
1450.0 1505.0 t -860.933655
1505.0 1520.0 ssil -223.261459
1520.0 1555.0 ssil -469.627563 HEEFT
1555.0 1630.0 e -893.282288
1630.0 1650.0 f -306.501495
1650.0 1675.0 ssil -387.324036
1675.0 1700.0 ssil -357.515839 SUZAN
1700.0 1755.0 z -781.011841
1755.0 1770.0 @ -225.786469
1770.0 1845.0 s -1004.468018
1845.0 1920.0 ac -852.695129
1920.0 1970.0 n -753.393372
1970.0 1985.0 ssil -234.548157
1985.0 2000.0 ssil -227.035629 ALTIJD
2000.0 2110.0 ac -1494.135986
2110.0 2125.0 l -270.277924
2125.0 2140.0 t -253.409851
2140.0 2155.0 ei -247.230011
2155.0 2190.0 t -526.127747
2190.0 2205.0 ssil -237.532867
2205.0 2220.0 ssil -221.722900 AL
2220.0 2305.0 ac -1063.550171
2305.0 2425.0 l -1608.973633
2425.0 2440.0 ssil -220.757477
2440.0 2455.0 ssil -196.909821 GEWILD
2455.0 2495.0 gc -559.878479
2495.0 2535.0 @ -462.780396
2535.0 2595.0 w -648.089294
2595.0 2625.0 ic -378.908936
2625.0 2790.0 l -1941.240479
2790.0 2840.0 t -814.695984
2840.0 2905.0 ssil -904.349182
2905.0 2975.0 ssil -890.578796 OMDAT
2975.0 3035.0 oc -841.272095
3035.0 3090.0 m -710.605896
3090.0 3120.0 d -456.672729
3120.0 3155.0 ac -460.243256
3155.0 3170.0 t -254.661087
3170.0 3190.0 ssil -296.477417
3190.0 3220.0 ssil -470.742523 DIE
3220.0 3245.0 d -376.710541
3245.0 3270.0 i -319.509918
3270.0 3285.0 ssil -231.142059
3285.0 3300.0 ssil -222.931198 ZO
3300.0 3400.0 z -1271.446777
3400.0 3465.0 o -817.124634
3465.0 3480.0 ssil -240.257202
3480.0 3495.0 ssil -232.025085 LEUK
3495.0 3515.0 l -273.758881
3515.0 3620.0 eu -1368.593018
3620.0 3645.0 k -386.676514
3645.0 3660.0 ssil -240.239655
3660.0 3675.0 ssil -254.353729 STAAT
3675.0 3750.0 s -1105.506836
3750.0 3785.0 t -541.672729
3785.0 3920.0 a -1722.937134
3920.0 4020.0 t -1326.637939
4020.0 4035.0 ssil -205.030991
4035.0 4100.0 ssil -759.155334 BIJ
4100.0 4125.0 b -369.372803
4125.0 4260.0 ei -1434.689575
4260.0 4275.0 ssil -224.805466
4275.0 4290.0 ssil -222.688126 HET
4290.0 4305.0 h -233.416977
4305.0 4325.0 ec -297.032745
4325.0 4395.0 t -997.273499
4395.0 4410.0 ssil -234.773972
4410.0 4425.0 ssil -236.348602 GELE
4425.0 4455.0 x -463.500763
4455.0 4540.0 e -918.435486
4540.0 4555.0 l -216.254089
4555.0 4610.0 @ -664.066772
4610.0 4625.0 ssil -211.682770
4625.0 4640.0 ssil -210.107574 LAKEN
4640.0 4705.0 l -780.080872
4705.0 4875.0 a -2132.949707
4875.0 4940.0 k -872.052917
4940.0 5020.0 @ -967.085693
5020.0 5270.0 ssil -2860.239990
.
