#!MLF!#
"/net/aistaff/aki/_same-utterance/wav/01/Limburg/9254-1460744035-1765414.rec"
0.0 15.0 ssil -162.927597 DE
15.0 30.0 d -186.410339
30.0 525.0 @ -4571.405762
525.0 540.0 ssil -266.457581
540.0 555.0 ssil -259.489716 SPREI
555.0 740.0 s -2421.639160
740.0 765.0 p -431.975098
765.0 820.0 r -847.868652
820.0 1125.0 ei -3530.954834
1125.0 1140.0 ssil -195.891113
1140.0 1160.0 ssil -295.281036 DIE
1160.0 1185.0 d -385.943970
1185.0 1355.0 i -1929.520630
1355.0 1370.0 ssil -211.391373
1370.0 1385.0 ssil -180.661392 JIJ
1385.0 1400.0 j -175.740204
1400.0 1415.0 ei -216.031952
1415.0 1430.0 ssil -212.469772
1430.0 1445.0 ssil -206.898117 BRACHT
1445.0 1480.0 b -508.051575
1480.0 1530.0 r -730.770081
1530.0 1700.0 ac -2101.181641
1700.0 1870.0 x -2344.906494
1870.0 2010.0 t -1842.444946
2010.0 2440.0 ssil -5074.797363
2440.0 2485.0 ssil -565.135681 HEEFT
2485.0 2580.0 h -1166.101074
2580.0 2665.0 e -1059.445190
2665.0 2690.0 f -362.631317
2690.0 2720.0 ssil -478.612213
2720.0 2735.0 ssil -244.052322 SUZAN
2735.0 2825.0 z -1224.204712
2825.0 2905.0 y -1012.356689
2905.0 2970.0 s -912.933350
2970.0 3065.0 ac -1284.995850
3065.0 3150.0 n -1039.818970
3150.0 3180.0 ssil -405.005157
3180.0 3200.0 ssil -273.207886 ALTIJD
3200.0 3310.0 ac -1552.102905
3310.0 3415.0 l -1780.321167
3415.0 3455.0 t -646.172241
3455.0 3600.0 ei -1650.926880
3600.0 3630.0 t -444.514557
3630.0 3645.0 ssil -220.609329
3645.0 3660.0 ssil -199.608444 AL
3660.0 3675.0 l -258.809174
3675.0 3690.0 ssil -208.020432
3690.0 3705.0 ssil -203.262375 GEWILD
3705.0 3745.0 gc -580.850525
3745.0 3815.0 @ -714.382690
3815.0 3835.0 w -189.043396
3835.0 3900.0 ic -607.944275
3900.0 4085.0 l -2340.718506
4085.0 4255.0 t -2302.764404
4255.0 5035.0 ssil -9883.659180
5035.0 5055.0 ssil -344.751740 OMDAT
5055.0 5200.0 oc -1969.598267
5200.0 5270.0 m -827.706665
5270.0 5300.0 d -422.309418
5300.0 5370.0 ac -791.112366
5370.0 5385.0 t -273.358734
5385.0 5400.0 ssil -264.925232
5400.0 5420.0 ssil -405.100281 DIE
5420.0 5450.0 d -523.400085
5450.0 5540.0 i -1065.534302
5540.0 5555.0 ssil -239.381332
5555.0 5570.0 ssil -228.124466 ZO
5570.0 5650.0 s -1217.146729
5650.0 5730.0 o -1016.725098
5730.0 5745.0 ssil -203.869812
5745.0 5760.0 ssil -217.595367 LEUK
5760.0 5790.0 l -465.947205
5790.0 5900.0 eu -1301.660278
5900.0 5925.0 k -399.977081
5925.0 5940.0 ssil -252.950027
5940.0 5955.0 ssil -246.911194 STAAT
5955.0 6090.0 s -1768.278564
6090.0 6125.0 t -532.918945
6125.0 6340.0 a -2361.783447
6340.0 6425.0 t -1187.869141
6425.0 6460.0 ssil -523.864014
6460.0 6485.0 ssil -404.788727 BIJ
6485.0 6580.0 b -1243.838501
6580.0 6730.0 ei -1656.040405
6730.0 6745.0 ssil -217.438141
6745.0 6760.0 ssil -216.217926 HET
6760.0 6775.0 h -205.273453
6775.0 6790.0 ec -227.277298
6790.0 6820.0 t -437.160553
6820.0 6845.0 ssil -369.191101
6845.0 6865.0 ssil -247.429031 GELE
6865.0 6935.0 gc -955.169312
6935.0 7035.0 e -1185.518799
7035.0 7065.0 l -475.168976
7065.0 7180.0 @ -1447.981689
7180.0 7320.0 ssil -2008.120361
7320.0 7450.0 ssil -1784.040161 LAKEN
7450.0 7580.0 l -1833.260010
7580.0 7725.0 a -1899.457886
7725.0 7815.0 k -1275.005737
7815.0 7855.0 @ -562.117615
7855.0 8195.0 ssil -4139.772461
.
