#!MLF!#
"/net/aistaff/aki/_same-utterance/wav/01/Limburg/9531-1463917891-1830615.rec"
0.0 115.0 ssil -1156.449585 DE
115.0 130.0 d -246.321655
130.0 450.0 ssil -3907.147461
450.0 515.0 ssil -859.989624 SPREI
515.0 690.0 z -2202.406982
690.0 705.0 p -263.419281
705.0 745.0 r -526.489685
745.0 825.0 ei -1108.221558
825.0 840.0 ssil -218.215317
840.0 860.0 ssil -271.525238 DIE
860.0 875.0 d -206.615036
875.0 910.0 i -509.804138
910.0 930.0 ssil -268.161713
930.0 945.0 ssil -211.561340 JIJ
945.0 1060.0 j -1364.975586
1060.0 1195.0 ei -1612.194580
1195.0 1210.0 ssil -211.758911
1210.0 1230.0 ssil -287.957153 BRACHT
1230.0 1250.0 b -291.128662
1250.0 1275.0 r -324.895294
1275.0 1385.0 ac -1338.081787
1385.0 1470.0 x -1143.757080
1470.0 1485.0 ssil -198.829529
1485.0 1515.0 ssil -387.132874 HEEFT
1515.0 1565.0 h -607.569580
1565.0 1610.0 e -566.412292
1610.0 1625.0 f -227.685364
1625.0 1640.0 ssil -186.200058
1640.0 1655.0 ssil -200.071213 SUZAN
1655.0 1715.0 z -801.767395
1715.0 1775.0 y -777.146362
1775.0 1840.0 s -892.369080
1840.0 1905.0 ac -742.200684
1905.0 1985.0 n -1102.843750
1985.0 2035.0 ssil -628.385071
2035.0 2095.0 ssil -1005.643860 ALTIJD
2095.0 2135.0 ac -586.564758
2135.0 2285.0 l -2043.961182
2285.0 2310.0 t -401.213470
2310.0 2400.0 ei -1074.497925
2400.0 2415.0 t -244.937408
2415.0 2430.0 ssil -220.921967
2430.0 2445.0 ssil -220.241104 AL
2445.0 2545.0 ac -1295.506836
2545.0 2585.0 l -508.304382
2585.0 2610.0 ssil -320.384674
2610.0 2640.0 ssil -347.466644 GEWILD
2640.0 2655.0 gc -189.990173
2655.0 2670.0 @ -189.450485
2670.0 2775.0 w -1156.790894
2775.0 2795.0 ic -243.380234
2795.0 2945.0 l -1835.579712
2945.0 2970.0 t -357.234497
2970.0 3000.0 ssil -391.659821
3000.0 3345.0 ssil -4199.078125 OMDAT
3345.0 3365.0 @ -297.895233
3365.0 3430.0 m -866.128479
3430.0 3450.0 d -309.925049
3450.0 3520.0 ac -954.440796
3520.0 3535.0 t -260.705322
3535.0 3550.0 ssil -250.015793
3550.0 3565.0 ssil -253.786255 DIE
3565.0 3580.0 d -243.774750
3580.0 3620.0 i -500.601654
3620.0 3635.0 ssil -207.462601
3635.0 3650.0 ssil -211.836212 ZO
3650.0 3725.0 z -933.098816
3725.0 3760.0 o -442.696838
3760.0 3775.0 ssil -222.398529
3775.0 3790.0 ssil -194.652298 LEUK
3790.0 3840.0 l -648.429688
3840.0 3965.0 eu -1562.044312
3965.0 3985.0 k -308.128235
3985.0 4000.0 ssil -210.996674
4000.0 4015.0 ssil -199.238754 STAAT
4015.0 4040.0 s -323.494110
4040.0 4085.0 t -588.049561
4085.0 4210.0 a -1525.574097
4210.0 4225.0 t -235.239441
4225.0 4260.0 ssil -436.612823
4260.0 4275.0 ssil -190.343002 BIJ
4275.0 4300.0 b -357.400024
4300.0 4415.0 ei -1421.680786
4415.0 4430.0 ssil -211.290878
4430.0 4445.0 ssil -217.002213 HET
4445.0 4460.0 h -220.647736
4460.0 4480.0 ec -295.691803
4480.0 4495.0 t -212.372559
4495.0 4520.0 ssil -340.119568
4520.0 4535.0 ssil -187.343002 GELE
4535.0 4585.0 gc -662.477173
4585.0 4705.0 ic -1584.341309
4705.0 4730.0 l -321.405579
4730.0 4770.0 @ -437.572327
4770.0 4785.0 ssil -208.161804
4785.0 4800.0 ssil -193.086105 LAKEN
4800.0 4855.0 l -657.435547
4855.0 5070.0 a -2722.454102
5070.0 5105.0 k -486.174591
5105.0 5150.0 @ -556.137390
5150.0 5290.0 n -1500.710938
5290.0 5875.0 ssil -7023.192871
.
