#!MLF!#
"/net/aistaff/aki/_same-utterance/wav/01/Limburg/9726-1464120308-1884028.rec"
0.0 80.0 ssil -758.766541 DE
80.0 95.0 d -201.760559
95.0 120.0 ssil -314.883148
120.0 790.0 ssil -7985.571777 SPREI
790.0 910.0 s -1573.625610
910.0 1000.0 p -1188.497803
1000.0 1025.0 r -350.363434
1025.0 1180.0 ei -1808.074341
1180.0 1195.0 ssil -245.736832
1195.0 1210.0 ssil -229.349670 DIE
1210.0 1225.0 d -229.986603
1225.0 1305.0 i -931.669434
1305.0 1320.0 ssil -200.611542
1320.0 1335.0 ssil -210.303558 JIJ
1335.0 1385.0 j -531.954712
1385.0 1460.0 ei -820.088623
1460.0 1475.0 ssil -212.185471
1475.0 1490.0 ssil -200.987152 BRACHT
1490.0 1565.0 b -970.123840
1565.0 1600.0 r -427.994629
1600.0 1795.0 ac -2279.347168
1795.0 1895.0 x -1342.975586
1895.0 1940.0 t -597.646973
1940.0 1955.0 ssil -226.106079
1955.0 1970.0 ssil -218.738724 HEEFT
1970.0 1985.0 h -213.265930
1985.0 2085.0 e -1225.338623
2085.0 2100.0 f -236.975525
2100.0 2115.0 ssil -218.221008
2115.0 2130.0 ssil -217.869202 SUZAN
2130.0 2215.0 s -1051.692139
2215.0 2300.0 y -1073.132812
2300.0 2350.0 s -760.512878
2350.0 2505.0 ac -1804.052124
2505.0 2545.0 n -467.838684
2545.0 2560.0 ssil -214.622528
2560.0 2575.0 ssil -225.580475 ALTIJD
2575.0 2725.0 ac -1674.879395
2725.0 2770.0 l -644.115784
2770.0 2815.0 t -650.286255
2815.0 2860.0 ei -592.541504
2860.0 2875.0 t -262.428650
2875.0 2890.0 ssil -218.274307
2890.0 2905.0 ssil -209.449631 AL
2905.0 3015.0 l -1205.106323
3015.0 3030.0 ssil -211.347137
3030.0 3045.0 ssil -209.078705 GEWILD
3045.0 3100.0 gc -717.522644
3100.0 3180.0 @ -988.272766
3180.0 3220.0 w -507.571625
3220.0 3295.0 ic -834.680725
3295.0 3440.0 l -1662.282715
3440.0 3535.0 t -1202.778076
3535.0 3770.0 ssil -2875.638916
3770.0 3855.0 ssil -1073.639893 OMDAT
3855.0 3875.0 @ -266.830719
3875.0 3950.0 m -867.424805
3950.0 3980.0 d -434.290771
3980.0 4030.0 ac -652.115112
4030.0 4050.0 t -323.247955
4050.0 4065.0 ssil -224.342896
4065.0 4080.0 ssil -237.088547 DIE
4080.0 4095.0 d -262.369110
4095.0 4165.0 i -894.422546
4165.0 4180.0 ssil -219.863510
4180.0 4195.0 ssil -216.591919 ZO
4195.0 4265.0 z -888.423584
4265.0 4365.0 o -1278.837036
4365.0 4380.0 ssil -209.658951
4380.0 4395.0 ssil -205.076202 LEUK
4395.0 4430.0 l -461.195251
4430.0 4550.0 eu -1323.663208
4550.0 4605.0 k -835.970886
4605.0 4620.0 ssil -211.057999
4620.0 4635.0 ssil -203.324127 STAAT
4635.0 4690.0 s -699.100159
4690.0 4720.0 t -450.636230
4720.0 4845.0 a -1412.107788
4845.0 4865.0 t -299.934570
4865.0 4880.0 ssil -197.430099
4880.0 4900.0 ssil -272.989441 BIJ
4900.0 4930.0 b -445.140015
4930.0 5050.0 ei -1204.264282
5050.0 5065.0 ssil -234.707993
5065.0 5080.0 ssil -227.327133 HET
5080.0 5095.0 h -210.262207
5095.0 5110.0 ec -249.630707
5110.0 5125.0 t -221.626892
5125.0 5140.0 ssil -231.802582
5140.0 5155.0 ssil -219.781952 GELE
5155.0 5240.0 gc -1129.570190
5240.0 5350.0 ic -1364.611206
5350.0 5410.0 l -694.831665
5410.0 5440.0 @ -325.878204
5440.0 5455.0 ssil -188.211456
5455.0 5470.0 ssil -216.177704 LAKEN
5470.0 5540.0 l -828.241699
5540.0 5730.0 a -1983.682983
5730.0 5830.0 k -1303.591187
5830.0 5905.0 @ -894.407776
5905.0 5990.0 n -989.319336
5990.0 6315.0 ssil -3705.105713
.
