#!MLF!#
"/net/aistaff/aki/_same-utterance/wav/01/Limburg/9925-1464126828-1890288.rec"
0.0 100.0 ssil -917.519592 DE
100.0 115.0 d -216.455032
115.0 145.0 ssil -515.681824
145.0 515.0 ssil -4518.080566 SPREI
515.0 680.0 s -2002.755005
680.0 705.0 p -375.835510
705.0 770.0 r -1052.911865
770.0 980.0 ei -2445.663086
980.0 995.0 ssil -200.172577
995.0 1010.0 ssil -192.764328 DIE
1010.0 1110.0 d -1201.755859
1110.0 1220.0 i -1090.087646
1220.0 1235.0 ssil -210.368546
1235.0 1250.0 ssil -191.041443 JIJ
1250.0 1270.0 j -237.784058
1270.0 1345.0 ei -840.687378
1345.0 1360.0 ssil -206.156372
1360.0 1395.0 ssil -560.761597 BRACHT
1395.0 1450.0 b -873.454041
1450.0 1585.0 r -1686.754150
1585.0 1645.0 ac -813.845947
1645.0 1745.0 x -1516.247070
1745.0 1840.0 t -1153.680542
1840.0 1855.0 ssil -181.521835
1855.0 1985.0 ssil -1544.872803 HEEFT
1985.0 2000.0 h -178.774414
2000.0 2095.0 e -1115.539429
2095.0 2110.0 f -230.414825
2110.0 2125.0 ssil -229.157257
2125.0 2140.0 ssil -232.197296 SUZAN
2140.0 2245.0 s -1380.483276
2245.0 2290.0 y -606.302490
2290.0 2385.0 s -1304.199829
2385.0 2465.0 ac -943.932983
2465.0 2565.0 n -1288.901733
2565.0 2600.0 ssil -478.796539
2600.0 2615.0 ssil -221.554001 ALTIJD
2615.0 2690.0 ac -897.125244
2690.0 2750.0 l -821.592773
2750.0 2800.0 t -716.009521
2800.0 2815.0 ei -234.469833
2815.0 2830.0 t -291.685913
2830.0 2850.0 ssil -345.263275
2850.0 2870.0 ssil -347.188416 AL
2870.0 3000.0 ac -1613.825562
3000.0 3030.0 l -425.639771
3030.0 3045.0 ssil -210.061844
3045.0 3060.0 ssil -180.005096 GEWILD
3060.0 3095.0 gc -457.450348
3095.0 3205.0 w -1183.678955
3205.0 3220.0 ic -166.883789
3220.0 3365.0 l -1829.869385
3365.0 3440.0 t -1019.037903
3440.0 3480.0 ssil -581.824280
3480.0 3920.0 ssil -5136.213379 OMDAT
3920.0 3960.0 m -471.916016
3960.0 3990.0 d -411.780518
3990.0 4055.0 ac -717.139709
4055.0 4070.0 t -220.169662
4070.0 4085.0 ssil -198.565430
4085.0 4100.0 ssil -207.698074 DIE
4100.0 4140.0 d -571.972900
4140.0 4160.0 i -242.002747
4160.0 4175.0 ssil -194.777634
4175.0 4190.0 ssil -203.986237 ZO
4190.0 4285.0 z -1193.090820
4285.0 4300.0 o -297.721741
4300.0 4315.0 ssil -222.833817
4315.0 4330.0 ssil -229.514313 LEUK
4330.0 4385.0 l -699.338440
4385.0 4465.0 eu -882.098145
4465.0 4495.0 k -433.515930
4495.0 4510.0 ssil -235.446198
4510.0 4540.0 ssil -454.644165 STAAT
4540.0 4605.0 s -778.985168
4605.0 4655.0 t -695.035645
4655.0 4840.0 a -2109.795898
4840.0 4885.0 t -643.299011
4885.0 4920.0 ssil -433.528320
4920.0 4935.0 ssil -198.391922 BIJ
4935.0 4975.0 b -559.421997
4975.0 5095.0 ei -1414.578369
5095.0 5115.0 ssil -294.995819
5115.0 5130.0 ssil -233.831070 HET
5130.0 5145.0 h -236.807404
5145.0 5160.0 ec -223.490768
5160.0 5175.0 t -214.595490
5175.0 5190.0 ssil -204.254608
5190.0 5205.0 ssil -218.319565 GELE
5205.0 5240.0 x -519.189758
5240.0 5315.0 e -846.779297
5315.0 5345.0 l -444.107086
5345.0 5365.0 @ -288.176270
5365.0 5380.0 ssil -210.146652
5380.0 5395.0 ssil -197.636032 LAKEN
5395.0 5505.0 l -1264.226074
5505.0 5705.0 a -2265.451904
5705.0 5745.0 k -582.427673
5745.0 5860.0 @ -1405.741455
5860.0 6360.0 ssil -5569.278809
.
