#!MLF!#
"/net/aistaff/aki/_same-utterance/wav/03/Groningen_and_Drenthe/11271-1464811258-2196494.rec"
0.0 945.0 ssil -11656.677734 JEANNETTE
945.0 1040.0 sc -1261.117676
1040.0 1075.0 @ -497.113251
1075.0 1145.0 n -910.725708
1145.0 1250.0 ec -1343.271240
1250.0 1270.0 t -285.766449
1270.0 1285.0 ssil -183.908676
1285.0 1310.0 ssil -331.715546 LACHT
1310.0 1385.0 l -985.838196
1385.0 1520.0 ac -1619.395508
1520.0 1620.0 x -1217.933350
1620.0 1720.0 t -1299.291992
1720.0 1800.0 ssil -1025.218384
1800.0 1820.0 ssil -301.179932 NADAT
1820.0 1850.0 n -419.158691
1850.0 1940.0 a -1005.353882
1940.0 1955.0 d -215.586487
1955.0 2020.0 ac -815.945007
2020.0 2035.0 t -235.960236
2035.0 2050.0 ssil -216.804901
2050.0 2065.0 ssil -211.144730 ZE
2065.0 2150.0 s -1070.958374
2150.0 2165.0 ssil -193.659134
2165.0 2180.0 ssil -187.672562 DOOR
2180.0 2215.0 d -444.381256
2215.0 2345.0 o -1496.908569
2345.0 2360.0 ssil -197.925400
2360.0 2375.0 ssil -209.693359 EEN
2375.0 2390.0 @ -208.738022
2390.0 2405.0 ssil -219.363617
2405.0 2420.0 ssil -237.814880 ONBEKENDE
2420.0 2550.0 oc -1781.558594
2550.0 2640.0 n -1088.618530
2640.0 2715.0 @ -1166.625732
2715.0 2765.0 k -844.220032
2765.0 2825.0 ec -851.444641
2825.0 2880.0 n -640.386536
2880.0 2895.0 d -232.016556
2895.0 2960.0 @ -855.358826
2960.0 2975.0 ssil -189.685547
2975.0 2995.0 ssil -232.620117 PERSOON
2995.0 3030.0 p -490.537048
3030.0 3085.0 r -740.441895
3085.0 3180.0 s -1242.717041
3180.0 3300.0 o -1387.103638
3300.0 3315.0 n -200.351944
3315.0 3330.0 ssil -207.014618
3330.0 3345.0 ssil -224.342468 IS
3345.0 3395.0 ic -663.872009
3395.0 3440.0 s -615.053406
3440.0 3455.0 ssil -213.050613
3455.0 3470.0 ssil -212.089294 GEKUST
3470.0 3515.0 x -623.160583
3515.0 3560.0 @ -565.535889
3560.0 3735.0 k -2480.081543
3735.0 3765.0 u -457.373932
3765.0 3925.0 s -2070.460205
3925.0 4010.0 t -1109.068359
4010.0 4320.0 ssil -3589.175293
.
