#!MLF!#
"/net/aistaff/aki/_same-utterance/wav/03/Groningen_and_Drenthe/14576-1464468621-2107941.rec"
0.0 535.0 ssil -6370.791504 JEANNETTE
535.0 695.0 sc -2055.979004
695.0 755.0 @ -720.227356
755.0 855.0 n -1087.067871
855.0 985.0 ec -1528.652954
985.0 1000.0 t -213.797882
1000.0 1060.0 ssil -855.408325
1060.0 1075.0 ssil -215.855194 LACHT
1075.0 1235.0 l -1896.234131
1235.0 1335.0 ac -1123.897461
1335.0 1435.0 x -1324.893066
1435.0 1490.0 ssil -707.111389
1490.0 1530.0 ssil -549.376099 NADAT
1530.0 1580.0 n -646.756287
1580.0 1660.0 a -902.014099
1660.0 1725.0 d -839.304260
1725.0 1790.0 ac -745.824646
1790.0 1815.0 t -345.317688
1815.0 1835.0 ssil -275.309082
1835.0 1850.0 ssil -238.571976 ZE
1850.0 1920.0 s -902.741699
1920.0 1950.0 @ -363.824310
1950.0 1965.0 ssil -187.531143
1965.0 1980.0 ssil -180.360733 DOOR
1980.0 2055.0 d -1033.542969
2055.0 2165.0 o -1144.619507
2165.0 2220.0 r -589.562561
2220.0 2235.0 ssil -197.121475
2235.0 2250.0 ssil -211.677277 EEN
2250.0 2265.0 @ -212.632248
2265.0 2280.0 ssil -218.684982
2280.0 2295.0 ssil -230.163101 ONBEKENDE
2295.0 2405.0 oc -1351.086914
2405.0 2505.0 n -1075.651489
2505.0 2530.0 b -374.441772
2530.0 2620.0 @ -1225.389160
2620.0 2675.0 k -834.604736
2675.0 2755.0 ec -996.541443
2755.0 2795.0 n -481.383881
2795.0 2810.0 d -214.000519
2810.0 2870.0 @ -729.951050
2870.0 2885.0 ssil -190.742249
2885.0 2905.0 ssil -242.400497 PERSOON
2905.0 2975.0 p -889.383545
2975.0 3085.0 s -1570.276855
3085.0 3190.0 o -1182.515259
3190.0 3225.0 n -423.614899
3225.0 3240.0 ssil -222.661667
3240.0 3255.0 ssil -257.388489 IS
3255.0 3345.0 ic -1212.947754
3345.0 3420.0 s -920.544617
3420.0 3435.0 ssil -192.452789
3435.0 3450.0 ssil -222.807190 GEKUST
3450.0 3510.0 x -799.095581
3510.0 3540.0 @ -407.299194
3540.0 3720.0 k -2398.183105
3720.0 3780.0 u -784.404358
3780.0 3925.0 s -1771.972534
3925.0 3995.0 t -892.871521
3995.0 4040.0 ssil -505.441467
.
