#!MLF!#
"/net/aistaff/aki/_same-utterance/wav/03/Groningen_and_Drenthe/15537-1466621254-2363299.rec"
0.0 795.0 ssil -8902.737305 JEANNETTE
795.0 945.0 sc -1884.187866
945.0 960.0 @ -185.149963
960.0 1025.0 n -744.847107
1025.0 1145.0 ec -1393.734863
1145.0 1175.0 t -468.604828
1175.0 1200.0 ssil -373.128174
1200.0 1215.0 ssil -206.376740 LACHT
1215.0 1345.0 l -1648.576538
1345.0 1420.0 ac -973.424622
1420.0 1555.0 x -1784.658325
1555.0 1605.0 t -762.757019
1605.0 1770.0 ssil -1954.707520
1770.0 2050.0 ssil -3549.204346 NADAT
2050.0 2090.0 n -529.663879
2090.0 2165.0 a -993.399353
2165.0 2200.0 d -473.290283
2200.0 2285.0 ac -1048.962524
2285.0 2330.0 t -618.451294
2330.0 2345.0 ssil -197.208160
2345.0 2360.0 ssil -194.475952 ZE
2360.0 2395.0 z -464.299591
2395.0 2420.0 @ -290.777618
2420.0 2435.0 ssil -201.428391
2435.0 2450.0 ssil -232.290176 DOOR
2450.0 2495.0 d -667.733521
2495.0 2590.0 o -1115.951782
2590.0 2605.0 ssil -223.530243
2605.0 2620.0 ssil -239.434067 EEN
2620.0 2635.0 n -207.201553
2635.0 2650.0 ssil -212.111191
2650.0 2665.0 ssil -215.186096 ONBEKENDE
2665.0 2765.0 oc -1167.534058
2765.0 2820.0 n -676.196167
2820.0 2865.0 b -618.112244
2865.0 2945.0 @ -1155.766602
2945.0 3000.0 k -840.362366
3000.0 3060.0 ec -746.902893
3060.0 3105.0 n -610.247742
3105.0 3120.0 d -219.545578
3120.0 3220.0 @ -1240.161133
3220.0 3235.0 ssil -214.693909
3235.0 3250.0 ssil -219.359482 PERSOON
3250.0 3275.0 p -347.164673
3275.0 3295.0 @ -303.612244
3295.0 3410.0 s -1477.547729
3410.0 3525.0 o -1310.524536
3525.0 3575.0 n -635.670593
3575.0 3590.0 ssil -214.809326
3590.0 3605.0 ssil -205.113571 IS
3605.0 3630.0 ic -356.921478
3630.0 3720.0 s -1221.415161
3720.0 3775.0 ssil -799.519226
3775.0 3850.0 ssil -1088.510986 GEKUST
3850.0 3900.0 x -700.453857
3900.0 3990.0 @ -1037.031860
3990.0 4005.0 k -235.130676
4005.0 4020.0 u -251.485077
4020.0 4145.0 s -1683.699097
4145.0 4200.0 t -804.999756
4200.0 4320.0 ssil -1411.436646
.
