#!MLF!#
"/net/aistaff/aki/_same-utterance/wav/03/Groningen_and_Drenthe/16209-1464515554-2117515.rec"
0.0 440.0 ssil -5483.240234 JEANNETTE
440.0 530.0 sc -1088.999023
530.0 610.0 @ -934.293091
610.0 655.0 n -523.715820
655.0 780.0 ec -1360.640015
780.0 795.0 t -206.459442
795.0 810.0 ssil -191.347656
810.0 835.0 ssil -338.178711 LACHT
835.0 935.0 l -1155.417969
935.0 1065.0 ac -1399.376709
1065.0 1115.0 x -710.321777
1115.0 1205.0 ssil -1154.817139
1205.0 1455.0 ssil -3197.675537 NADAT
1455.0 1495.0 n -520.144592
1495.0 1585.0 @ -1092.202148
1585.0 1600.0 d -200.427719
1600.0 1670.0 ac -847.880859
1670.0 1685.0 t -222.821411
1685.0 1700.0 ssil -194.196167
1700.0 1715.0 ssil -191.591064 ZE
1715.0 1760.0 z -608.505310
1760.0 1790.0 ssil -429.311188
1790.0 1815.0 ssil -348.389526 DOOR
1815.0 1915.0 d -1346.529175
1915.0 1965.0 o -569.914490
1965.0 1980.0 ssil -209.914658
1980.0 1995.0 ssil -187.080841 EEN
1995.0 2035.0 n -470.637115
2035.0 2050.0 ssil -193.072662
2050.0 2065.0 ssil -208.628342 ONBEKENDE
2065.0 2170.0 oc -1289.011597
2170.0 2265.0 n -1177.457520
2265.0 2295.0 b -405.069489
2295.0 2365.0 @ -924.629944
2365.0 2455.0 k -1239.596558
2455.0 2555.0 ec -1137.096680
2555.0 2570.0 n -207.249130
2570.0 2585.0 d -199.891037
2585.0 2615.0 @ -365.599060
2615.0 2630.0 ssil -179.628967
2630.0 2665.0 ssil -423.173706 PERSOON
2665.0 2695.0 p -434.860931
2695.0 2730.0 @ -430.322693
2730.0 2840.0 s -1452.490479
2840.0 3005.0 o -1770.451904
3005.0 3055.0 n -557.934082
3055.0 3070.0 ssil -183.999420
3070.0 3085.0 ssil -190.105835 IS
3085.0 3115.0 ic -365.420563
3115.0 3140.0 s -354.263580
3140.0 3165.0 ssil -347.002350
3165.0 3305.0 ssil -1759.161255 GEKUST
3305.0 3355.0 gc -691.752075
3355.0 3505.0 @ -1790.545288
3505.0 3530.0 k -368.603119
3530.0 3545.0 u -255.252792
3545.0 3580.0 s -529.914856
3580.0 3655.0 t -1044.104126
3655.0 4065.0 ssil -4995.216309
.
