#!MLF!#
"/net/aistaff/aki/_same-utterance/wav/03/Groningen_and_Drenthe/16266-1464423948-2080317.rec"
0.0 895.0 ssil -9574.545898 JEANNETTE
895.0 1035.0 sc -1794.513916
1035.0 1080.0 @ -551.487915
1080.0 1155.0 n -987.995239
1155.0 1295.0 ec -1608.698242
1295.0 1310.0 t -256.911682
1310.0 1325.0 ssil -230.390106
1325.0 1340.0 ssil -218.521927 LACHT
1340.0 1420.0 l -973.550842
1420.0 1510.0 ac -1072.186401
1510.0 1635.0 x -1654.086548
1635.0 1885.0 t -3110.016357
1885.0 1950.0 ssil -851.867432
1950.0 1965.0 ssil -242.831543 NADAT
1965.0 2050.0 n -1071.606445
2050.0 2195.0 ac -1598.670776
2195.0 2210.0 d -208.771606
2210.0 2305.0 ac -1076.673706
2305.0 2330.0 t -376.543427
2330.0 2345.0 ssil -204.589615
2345.0 2360.0 ssil -177.214996 ZE
2360.0 2445.0 s -1025.148193
2445.0 2475.0 @ -357.535614
2475.0 2490.0 ssil -193.062210
2490.0 2505.0 ssil -186.350769 DOOR
2505.0 2575.0 d -956.385681
2575.0 2720.0 o -1854.609985
2720.0 2735.0 ssil -227.808487
2735.0 2750.0 ssil -205.607147 EEN
2750.0 2785.0 @ -443.325226
2785.0 2850.0 n -839.060181
2850.0 2895.0 ssil -612.983826
2895.0 2915.0 ssil -302.267242 ONBEKENDE
2915.0 3105.0 oc -2215.204346
3105.0 3120.0 n -244.464813
3120.0 3145.0 b -381.724915
3145.0 3235.0 @ -1224.349854
3235.0 3290.0 k -798.071228
3290.0 3345.0 ec -687.178528
3345.0 3425.0 n -939.262512
3425.0 3445.0 d -275.437592
3445.0 3525.0 @ -1027.172119
3525.0 3545.0 ssil -247.938751
3545.0 3565.0 ssil -265.836426 PERSOON
3565.0 3590.0 p -375.880463
3590.0 3640.0 r -657.197205
3640.0 3755.0 s -1488.802856
3755.0 3875.0 o -1351.371338
3875.0 3905.0 n -402.495575
3905.0 3920.0 ssil -239.812790
3920.0 3935.0 ssil -246.222504 IS
3935.0 4015.0 ic -1085.984497
4015.0 4090.0 s -1042.986572
4090.0 4150.0 ssil -807.767944
4150.0 4280.0 ssil -1821.679810 GEKUST
4280.0 4305.0 x -422.778839
4305.0 4420.0 @ -1464.000854
4420.0 4465.0 k -644.727661
4465.0 4480.0 u -232.679504
4480.0 4530.0 s -674.372620
4530.0 4625.0 t -1273.826294
4625.0 4715.0 ssil -1165.726929
.
