#!MLF!#
"/net/aistaff/aki/_same-utterance/wav/03/Groningen_and_Drenthe/16334-1464156888-1897346.rec"
0.0 555.0 ssil -6727.663574 JEANNETTE
555.0 655.0 sc -1300.222412
655.0 690.0 @ -504.743958
690.0 745.0 n -687.934082
745.0 885.0 ec -1849.520264
885.0 940.0 t -846.396423
940.0 955.0 ssil -228.976303
955.0 970.0 ssil -215.171478 LACHT
970.0 1080.0 l -1251.053345
1080.0 1165.0 ac -997.900818
1165.0 1295.0 x -1709.955933
1295.0 1375.0 t -1129.388550
1375.0 1390.0 ssil -245.830536
1390.0 1415.0 ssil -375.721558 NADAT
1415.0 1460.0 n -596.423462
1460.0 1555.0 a -1063.283813
1555.0 1600.0 d -615.858093
1600.0 1660.0 ac -705.774292
1660.0 1675.0 t -235.568237
1675.0 1690.0 ssil -244.035156
1690.0 1705.0 ssil -236.658417 ZE
1705.0 1800.0 s -1228.590332
1800.0 1815.0 ssil -236.482544
1815.0 1830.0 ssil -218.756470 DOOR
1830.0 1875.0 d -645.756897
1875.0 1935.0 o -622.631531
1935.0 1995.0 r -781.018311
1995.0 2010.0 ssil -199.409637
2010.0 2025.0 ssil -198.782562 EEN
2025.0 2055.0 @ -389.929230
2055.0 2070.0 ssil -203.328751
2070.0 2085.0 ssil -206.389053 ONBEKENDE
2085.0 2220.0 oc -1556.038086
2220.0 2300.0 n -967.096741
2300.0 2370.0 @ -1069.269165
2370.0 2430.0 k -957.729492
2430.0 2515.0 ec -1003.647034
2515.0 2545.0 n -366.970612
2545.0 2560.0 d -203.084198
2560.0 2575.0 @ -201.634399
2575.0 2590.0 ssil -203.629868
2590.0 2605.0 ssil -212.865738 PERSOON
2605.0 2645.0 p -623.596558
2645.0 2690.0 @ -575.163757
2690.0 2795.0 s -1384.085083
2795.0 2900.0 o -1183.702515
2900.0 2950.0 n -566.451599
2950.0 2965.0 ssil -243.447952
2965.0 2980.0 ssil -231.336182 IS
2980.0 3000.0 ic -261.372040
3000.0 3065.0 s -925.624878
3065.0 3080.0 ssil -239.569412
3080.0 3095.0 ssil -204.165756 GEKUST
3095.0 3125.0 x -402.226074
3125.0 3170.0 @ -555.569214
3170.0 3270.0 k -1293.820801
3270.0 3360.0 u -1272.290527
3360.0 3495.0 s -1833.850708
3495.0 3570.0 t -1096.350830
3570.0 3950.0 ssil -4502.534180
.
