#!MLF!#
"/net/aistaff/aki/_same-utterance/wav/03/Groningen_and_Drenthe/1669-1449217965-174402.rec"
0.0 135.0 ssil -1708.587036 JEANNETTE
135.0 200.0 z -873.486938
200.0 245.0 @ -632.858826
245.0 300.0 n -702.490906
300.0 340.0 ec -538.366516
340.0 420.0 t -1144.003540
420.0 435.0 ssil -277.032837
435.0 450.0 ssil -257.712799 LACHT
450.0 540.0 l -1234.409424
540.0 615.0 ac -1013.778503
615.0 705.0 x -1245.598145
705.0 810.0 t -1328.571533
810.0 825.0 ssil -216.584747
825.0 840.0 ssil -237.708405 NADAT
840.0 855.0 n -224.517380
855.0 905.0 @ -707.226501
905.0 940.0 d -456.207581
940.0 1000.0 ac -752.136414
1000.0 1015.0 t -225.537155
1015.0 1030.0 ssil -217.527863
1030.0 1050.0 ssil -271.453461 ZE
1050.0 1155.0 s -1337.645386
1155.0 1170.0 ssil -229.666672
1170.0 1185.0 ssil -223.082718 DOOR
1185.0 1210.0 d -395.964935
1210.0 1320.0 o -1389.571655
1320.0 1335.0 ssil -230.888489
1335.0 1350.0 ssil -234.717392 EEN
1350.0 1365.0 @ -243.540894
1365.0 1385.0 ssil -264.459656
1385.0 1400.0 ssil -228.396332 ONBEKENDE
1400.0 1460.0 oc -791.241211
1460.0 1525.0 n -699.893311
1525.0 1550.0 b -347.545441
1550.0 1635.0 @ -1148.446655
1635.0 1685.0 k -631.239807
1685.0 1735.0 ec -623.499573
1735.0 1790.0 n -592.876953
1790.0 1805.0 d -222.741318
1805.0 1845.0 @ -560.943604
1845.0 1860.0 ssil -189.963821
1860.0 1885.0 ssil -332.600220 PERSOON
1885.0 1920.0 p -477.109192
1920.0 1950.0 @ -407.974579
1950.0 2065.0 s -1380.253540
2065.0 2165.0 o -1274.540039
2165.0 2180.0 n -201.740768
2180.0 2195.0 ssil -218.053024
2195.0 2210.0 ssil -233.174515 IS
2210.0 2230.0 ic -290.941742
2230.0 2310.0 s -1081.566162
2310.0 2325.0 ssil -235.494446
2325.0 2345.0 ssil -309.078156 GEKUST
2345.0 2390.0 gc -721.985901
2390.0 2415.0 @ -343.970032
2415.0 2535.0 k -1605.290283
2535.0 2565.0 u -464.643402
2565.0 2700.0 s -1599.750488
2700.0 2805.0 t -1265.450195
2805.0 3110.0 ssil -3373.724854
.
