#!MLF!#
"/net/aistaff/aki/_same-utterance/wav/03/Groningen_and_Drenthe/16771-1466357838-2342844.rec"
0.0 485.0 ssil -5032.581055 JEANNETTE
485.0 620.0 z -1755.110474
620.0 700.0 @ -949.417358
700.0 780.0 n -1001.749573
780.0 935.0 ec -1997.590820
935.0 950.0 t -261.162964
950.0 965.0 ssil -231.558411
965.0 980.0 ssil -227.423019 LACHT
980.0 1055.0 l -987.233704
1055.0 1175.0 ac -1306.557373
1175.0 1295.0 x -1693.737061
1295.0 1355.0 ssil -791.013550
1355.0 1445.0 ssil -1181.535156 NADAT
1445.0 1500.0 n -729.203918
1500.0 1650.0 a -1663.727173
1650.0 1690.0 d -562.930176
1690.0 1760.0 ac -883.165222
1760.0 1835.0 t -1086.384277
1835.0 1850.0 ssil -219.814148
1850.0 1865.0 ssil -214.795746 ZE
1865.0 1885.0 z -305.178070
1885.0 1900.0 ssil -220.314606
1900.0 1915.0 ssil -219.816269 DOOR
1915.0 1995.0 d -1042.699829
1995.0 2080.0 o -960.781189
2080.0 2095.0 ssil -204.504669
2095.0 2110.0 ssil -197.594742 EEN
2110.0 2165.0 @ -679.080261
2165.0 2195.0 n -400.084076
2195.0 2215.0 ssil -254.365417
2215.0 2235.0 ssil -271.024536 ONBEKENDE
2235.0 2380.0 oc -1798.089844
2380.0 2420.0 n -531.637451
2420.0 2440.0 b -286.512878
2440.0 2495.0 @ -876.808899
2495.0 2570.0 k -1200.509644
2570.0 2665.0 ec -1239.011597
2665.0 2710.0 n -550.747131
2710.0 2730.0 d -314.737091
2730.0 2800.0 @ -865.083130
2800.0 2815.0 ssil -186.696060
2815.0 2830.0 ssil -216.016510 PERSOON
2830.0 2865.0 p -536.397644
2865.0 2885.0 @ -297.283905
2885.0 3005.0 s -1606.423950
3005.0 3135.0 o -1492.196899
3135.0 3150.0 n -213.647568
3150.0 3165.0 ssil -204.101547
3165.0 3180.0 ssil -202.873688 IS
3180.0 3255.0 ic -875.894348
3255.0 3350.0 s -1261.378906
3350.0 3420.0 ssil -940.915405
3420.0 3505.0 ssil -1154.438354 GEKUST
3505.0 3545.0 x -626.035583
3545.0 3625.0 @ -871.741272
3625.0 3640.0 k -225.314941
3640.0 3655.0 u -232.062042
3655.0 3810.0 s -1959.409912
3810.0 3870.0 t -799.710449
3870.0 4410.0 ssil -6459.916992
.
