#!MLF!#
"/net/aistaff/aki/_same-utterance/wav/03/Groningen_and_Drenthe/17145-1472373218-2444218.rec"
0.0 690.0 ssil -8073.330078 JEANNETTE
690.0 835.0 sc -1733.102295
835.0 860.0 @ -324.314270
860.0 945.0 n -1002.403748
945.0 1095.0 ec -1976.854736
1095.0 1110.0 t -228.686813
1110.0 1130.0 ssil -323.721832
1130.0 1150.0 ssil -369.815338 LACHT
1150.0 1210.0 l -817.149841
1210.0 1315.0 ac -1335.651489
1315.0 1460.0 x -1907.594971
1460.0 1555.0 t -1427.525024
1555.0 1595.0 ssil -564.828003
1595.0 1625.0 ssil -475.915894 NADAT
1625.0 1695.0 n -888.019897
1695.0 1820.0 a -1468.159790
1820.0 1850.0 d -456.717743
1850.0 1930.0 ac -989.825134
1930.0 1945.0 t -252.246338
1945.0 1965.0 ssil -275.388275
1965.0 1985.0 ssil -307.485870 ZE
1985.0 2095.0 s -1415.923340
2095.0 2125.0 @ -391.362000
2125.0 2140.0 ssil -249.939957
2140.0 2155.0 ssil -218.001129 DOOR
2155.0 2270.0 d -1379.530273
2270.0 2405.0 o -1372.478149
2405.0 2420.0 ssil -190.060242
2420.0 2435.0 ssil -188.704041 EEN
2435.0 2450.0 @ -199.627487
2450.0 2465.0 ssil -228.946350
2465.0 2480.0 ssil -203.326996 ONBEKENDE
2480.0 2530.0 oc -578.508423
2530.0 2710.0 n -1786.318848
2710.0 2755.0 b -569.960144
2755.0 2905.0 @ -1983.023071
2905.0 2955.0 k -715.187073
2955.0 3040.0 ec -953.384155
3040.0 3105.0 n -784.219910
3105.0 3185.0 d -1079.542725
3185.0 3245.0 @ -703.551514
3245.0 3260.0 ssil -187.088318
3260.0 3275.0 ssil -215.519318 PERSOON
3275.0 3290.0 p -235.333542
3290.0 3375.0 @ -1023.200073
3375.0 3515.0 s -1650.068726
3515.0 3630.0 o -1099.503540
3630.0 3755.0 n -1267.622559
3755.0 3770.0 ssil -220.528336
3770.0 3785.0 ssil -204.091614 IS
3785.0 3875.0 ic -1004.827332
3875.0 3955.0 s -984.125916
3955.0 4050.0 ssil -1211.575684
4050.0 4115.0 ssil -857.497559 GEKUST
4115.0 4155.0 x -633.030212
4155.0 4245.0 @ -1051.147095
4245.0 4260.0 k -227.238647
4260.0 4275.0 u -247.348465
4275.0 4440.0 s -2012.146484
4440.0 4510.0 t -950.505066
4510.0 5435.0 ssil -11242.108398
.
