#!MLF!#
"/net/aistaff/aki/_same-utterance/wav/03/Groningen_and_Drenthe/2108-1450886287-769637.rec"
0.0 455.0 ssil -5400.904297 JEANNETTE
455.0 590.0 sc -1711.279053
590.0 605.0 @ -228.831818
605.0 680.0 n -1037.976196
680.0 775.0 ec -1288.177979
775.0 840.0 t -945.092041
840.0 855.0 ssil -229.967209
855.0 870.0 ssil -233.174454 LACHT
870.0 955.0 l -1174.662231
955.0 1075.0 ac -1535.146484
1075.0 1160.0 x -1254.057373
1160.0 1200.0 t -551.750916
1200.0 1215.0 ssil -237.749802
1215.0 1235.0 ssil -281.403015 NADAT
1235.0 1325.0 n -1217.975464
1325.0 1405.0 a -908.471313
1405.0 1450.0 d -625.633850
1450.0 1515.0 ac -884.071838
1515.0 1545.0 t -430.152191
1545.0 1560.0 ssil -207.113541
1560.0 1575.0 ssil -186.623413 ZE
1575.0 1605.0 z -386.443390
1605.0 1620.0 ssil -231.809555
1620.0 1635.0 ssil -215.186798 DOOR
1635.0 1700.0 d -866.204163
1700.0 1780.0 o -1072.837524
1780.0 1795.0 ssil -221.274200
1795.0 1810.0 ssil -200.404007 EEN
1810.0 1865.0 @ -706.854065
1865.0 1880.0 ssil -226.495743
1880.0 1895.0 ssil -265.733337 ONBEKENDE
1895.0 2060.0 oc -2311.884033
2060.0 2135.0 n -1078.369019
2135.0 2165.0 @ -426.250061
2165.0 2210.0 k -714.533752
2210.0 2380.0 ec -1880.702026
2380.0 2395.0 n -214.762787
2395.0 2410.0 d -207.057449
2410.0 2450.0 @ -524.390991
2450.0 2485.0 ssil -428.555969
2485.0 2510.0 ssil -353.944458 PERSOON
2510.0 2535.0 p -348.915619
2535.0 2565.0 r -453.063477
2565.0 2675.0 s -1452.756592
2675.0 2815.0 o -1697.987427
2815.0 2895.0 n -1114.108154
2895.0 2910.0 ssil -262.333221
2910.0 2925.0 ssil -232.676376 IS
2925.0 2980.0 ic -674.183411
2980.0 3130.0 s -2013.136108
3130.0 3155.0 ssil -392.816071
3155.0 3205.0 ssil -705.462769 GEKUST
3205.0 3240.0 gc -523.787720
3240.0 3315.0 @ -809.821106
3315.0 3330.0 k -229.032532
3330.0 3345.0 u -250.029541
3345.0 3515.0 s -2077.116455
3515.0 3810.0 ssil -3476.870605
.
