#!MLF!#
"/net/aistaff/aki/_same-utterance/wav/03/Groningen_and_Drenthe/214-1449569356-84080.rec"
0.0 15.0 ssil -155.546677 JEANNETTE
15.0 30.0 z -213.597687
30.0 45.0 @ -159.465775
45.0 295.0 n -2088.167969
295.0 310.0 ec -229.714127
310.0 335.0 t -375.224304
335.0 1400.0001 ssil -13750.566406
1400.0 1510.0 ssil -1696.495605 LACHT
1510.0 1590.0 l -1018.879028
1590.0 1720.0 ac -1844.439331
1720.0 1900.0 x -2361.915771
1900.0 1960.0 t -778.928284
1960.0 2140.0 ssil -2168.515869
2140.0 2230.0 ssil -1102.614990 NADAT
2230.0 2280.0 n -696.459961
2280.0 2415.0 a -2015.006714
2415.0 2445.0 d -540.691162
2445.0 2555.0 ac -1539.618774
2555.0 2570.0 t -256.373230
2570.0 2620.0 ssil -781.779907
2620.0 2635.0 ssil -207.460678 ZE
2635.0 2680.0 s -638.905457
2680.0 2725.0 @ -589.492798
2725.0 2740.0 ssil -193.174866
2740.0 2755.0 ssil -191.034653 DOOR
2755.0 2800.0 d -579.809937
2800.0 2905.0 o -1164.475220
2905.0 2940.0 r -487.457581
2940.0 2955.0 ssil -218.992523
2955.0 2970.0 ssil -214.312622 EEN
2970.0 2990.0 @ -246.181808
2990.0 3035.0 n -538.721924
3035.0 3055.0 ssil -269.092468
3055.0 3070.0 ssil -241.171173 ONBEKENDE
3070.0 3265.0 oc -2490.800049
3265.0 3280.0 n -199.567474
3280.0 3305.0 b -344.420685
3305.0 3425.0 @ -1577.816284
3425.0 3500.0 k -1151.683960
3500.0 3585.0 ec -933.500671
3585.0 3665.0 n -915.346680
3665.0 3685.0 d -269.492126
3685.0 3750.0 @ -802.417542
3750.0 3765.0 ssil -222.658005
3765.0 3800.0 ssil -505.430908 PERSOON
3800.0 3825.0 p -389.218903
3825.0 3895.0 r -963.271973
3895.0 3980.0 s -1191.807495
3980.0 4140.0 o -1796.782349
4140.0 4180.0 n -460.589661
4180.0 4195.0 ssil -214.123337
4195.0 4210.0 ssil -207.563492 IS
4210.0 4245.0 ic -490.248901
4245.0 4340.0 s -1375.827515
4340.0 4355.0 ssil -212.661133
4355.0 4370.0 ssil -216.888260 GEKUST
4370.0 4530.0 gc -2223.723633
4530.0 4715.0 @ -2163.051025
4715.0 4730.0 k -205.510681
4730.0 4745.0 u -243.811691
4745.0 4815.0 s -1054.887573
4815.0 4930.0 t -1599.449951
4930.0 5455.0 ssil -6263.097656
.
