#!MLF!#
"/net/aistaff/aki/_same-utterance/wav/03/Groningen_and_Drenthe/2381-1450103823-670635.rec"
0.0 15.0 ssil -149.519928 JEANNETTE
15.0 30.0 z -206.820145
30.0 515.0 @ -4158.173340
515.0 530.0 n -251.852402
530.0 595.0 ec -1053.317749
595.0 655.0 t -905.532898
655.0 675.0 ssil -283.650452
675.0 695.0 ssil -291.806610 LACHT
695.0 815.0 l -1505.705566
815.0 930.0 ac -1440.300049
930.0 1005.0 x -1065.362793
1005.0 1105.0 t -1443.081787
1105.0 1120.0 ssil -187.210129
1120.0 1160.0 ssil -546.536438 NADAT
1160.0 1290.0 n -1533.390137
1290.0 1445.0 a -2156.860840
1445.0 1480.0 d -524.082031
1480.0 1545.0 ac -826.895996
1545.0 1565.0 t -293.653748
1565.0 1580.0 ssil -210.583878
1580.0 1595.0 ssil -222.088516 ZE
1595.0 1690.0 s -1306.288818
1690.0 1715.0 @ -299.331146
1715.0 1730.0 ssil -222.846939
1730.0 1745.0 ssil -203.476730 DOOR
1745.0 1800.0 d -752.247864
1800.0 1885.0 o -900.870728
1885.0 1900.0 ssil -232.782761
1900.0 1915.0 ssil -209.107071 EEN
1915.0 1950.0 @ -413.859375
1950.0 2010.0 n -776.288025
2010.0 2025.0 ssil -222.964996
2025.0 2055.0 ssil -403.595947 ONBEKENDE
2055.0 2160.0 oc -1244.218262
2160.0 2225.0 n -733.617249
2225.0 2260.0 b -486.660156
2260.0 2310.0 @ -695.648132
2310.0 2380.0 k -1082.230347
2380.0 2440.0 ec -759.404236
2440.0 2500.0 n -612.631104
2500.0 2540.0 d -540.579651
2540.0 2575.0 @ -488.824005
2575.0 2590.0 ssil -201.349915
2590.0 2620.0 ssil -421.590363 PERSOON
2620.0 2670.0 p -756.202209
2670.0 2705.0 @ -479.279419
2705.0 2835.0 s -1709.535278
2835.0 2970.0 o -1470.751221
2970.0 3015.0 n -526.372437
3015.0 3030.0 ssil -229.667633
3030.0 3045.0 ssil -206.929489 IS
3045.0 3095.0 ic -597.705994
3095.0 3180.0 s -1050.078857
3180.0 3195.0 ssil -223.685577
3195.0 3210.0 ssil -232.300262 GEKUST
3210.0 3240.0 x -399.335663
3240.0 3305.0 @ -788.535522
3305.0 3410.0 k -1463.531372
3410.0 3470.0 u -713.129089
3470.0 3635.0 s -2144.559082
3635.0 3690.0 t -789.253784
3690.0 4065.0 ssil -4424.043945
.
