#!MLF!#
"/net/aistaff/aki/_same-utterance/wav/03/Groningen_and_Drenthe/299-1449078189-30695.rec"
0.0 800.0 ssil -9541.579102 JEANNETTE
800.0 915.0 sc -1602.132324
915.0 955.0 @ -573.585022
955.0 1020.0 n -744.118042
1020.0 1170.0 ec -2030.576294
1170.0 1205.0 t -540.851562
1205.0 1220.0 ssil -250.430527
1220.0 1255.0 ssil -652.808777 LACHT
1255.0 1375.0 l -1723.492310
1375.0 1520.0 ac -1769.570435
1520.0 1650.0 x -1877.893311
1650.0 1820.0 t -2203.831787
1820.0 1900.0 ssil -1010.863708
1900.0 1995.0 ssil -1350.210083 NADAT
1995.0 2090.0 n -1197.358765
2090.0 2240.0 a -1910.476440
2240.0 2275.0 d -525.897888
2275.0 2355.0 ac -967.334412
2355.0 2370.0 t -212.569458
2370.0 2385.0 ssil -197.359634
2385.0 2405.0 ssil -301.116058 ZE
2405.0 2480.0 s -1012.631409
2480.0 2520.0 @ -486.876678
2520.0 2535.0 ssil -217.119995
2535.0 2550.0 ssil -208.929504 DOOR
2550.0 2620.0 d -938.907532
2620.0 2715.0 o -987.136414
2715.0 2740.0 r -366.811920
2740.0 2755.0 ssil -239.687042
2755.0 2770.0 ssil -210.185516 EEN
2770.0 2885.0 @ -1403.036255
2885.0 2900.0 ssil -208.001312
2900.0 2915.0 ssil -249.672058 ONBEKENDE
2915.0 3015.0 oc -1259.691772
3015.0 3110.0 n -1246.892822
3110.0 3210.0 @ -1408.871582
3210.0 3260.0 k -803.293640
3260.0 3325.0 ec -780.281372
3325.0 3400.0 n -950.170105
3400.0 3415.0 d -223.168488
3415.0 3450.0 @ -479.935089
3450.0 3480.0 ssil -417.719116
3480.0 3505.0 ssil -337.459686 PERSOON
3505.0 3545.0 p -571.251831
3545.0 3585.0 r -507.390686
3585.0 3735.0 s -1836.530396
3735.0 3900.0 o -1736.572266
3900.0 3980.0 n -989.991943
3980.0 4020.0 ssil -499.365875
4020.0 4035.0 ssil -238.684616 IS
4035.0 4085.0 ic -747.323792
4085.0 4185.0 s -1341.621582
4185.0 4265.0 ssil -1081.468384
4265.0 4400.0 ssil -1790.296753 GEKUST
4400.0 4420.0 gc -330.637054
4420.0 4535.0 @ -1410.808960
4535.0 4550.0 k -211.176559
4550.0 4565.0 u -248.033035
4565.0 4735.0 s -2187.798096
4735.0 4795.0 t -868.664307
4795.0 5225.0 ssil -4930.557129
.
