#!MLF!#
"/net/aistaff/aki/_same-utterance/wav/03/Groningen_and_Drenthe/313-1457822089-1615187.rec"
0.0 1160.0 ssil -13906.004883 JEANNETTE
1160.0 1255.0 z -1226.471924
1255.0 1325.0 @ -846.782227
1325.0 1375.0 n -607.282349
1375.0 1495.0 ec -1435.978271
1495.0 1520.0 t -372.084717
1520.0 1535.0 ssil -224.158279
1535.0 1550.0 ssil -206.539688 LACHT
1550.0 1685.0 l -1607.283569
1685.0 1810.0 ac -1553.589600
1810.0 1950.0 x -1854.537109
1950.0 2020.0 t -951.623047
2020.0 2035.0 ssil -204.759094
2035.0 2080.0 ssil -577.696472 NADAT
2080.0 2130.0 n -624.939697
2130.0 2320.0 a -1947.242920
2320.0 2380.0 d -859.832947
2380.0 2475.0 ac -1214.521851
2475.0 2515.0 t -559.892639
2515.0 2530.0 ssil -210.900024
2530.0 2545.0 ssil -212.568970 ZE
2545.0 2630.0 s -1111.497559
2630.0 2645.0 ssil -213.535736
2645.0 2660.0 ssil -192.921021 DOOR
2660.0 2715.0 d -718.645081
2715.0 2825.0 o -1272.562622
2825.0 2840.0 ssil -189.117371
2840.0 2855.0 ssil -183.807236 EEN
2855.0 2890.0 @ -433.006104
2890.0 2975.0 n -1084.724121
2975.0 2990.0 ssil -211.454712
2990.0 3005.0 ssil -227.724457 ONBEKENDE
3005.0 3085.0 oc -954.557556
3085.0 3140.0 n -590.987671
3140.0 3165.0 b -374.518524
3165.0 3230.0 @ -954.611816
3230.0 3285.0 k -845.431152
3285.0 3335.0 ec -690.861511
3335.0 3365.0 n -358.233612
3365.0 3380.0 d -226.471329
3380.0 3450.0 @ -963.118286
3450.0 3465.0 ssil -172.669754
3465.0 3480.0 ssil -203.883469 PERSOON
3480.0 3520.0 p -564.243347
3520.0 3575.0 r -768.022949
3575.0 3685.0 s -1537.946411
3685.0 3845.0 o -1718.810547
3845.0 3885.0 n -462.022156
3885.0 3900.0 ssil -197.977386
3900.0 3915.0 ssil -230.817764 IS
3915.0 3975.0 ic -776.197693
3975.0 4030.0 s -784.645996
4030.0 4045.0 ssil -221.507828
4045.0 4060.0 ssil -225.679184 GEKUST
4060.0 4145.0 x -1049.629517
4145.0 4255.0 @ -1437.912842
4255.0 4340.0 k -1240.516479
4340.0 4395.0 u -810.276855
4395.0 4580.0 s -2439.253906
4580.0 4650.0 t -951.226807
4650.0 6105.0 ssil -16974.910156
.
