#!MLF!#
"/net/aistaff/aki/_same-utterance/wav/03/Groningen_and_Drenthe/333-1449176519-139638.rec"
0.0 710.0 ssil -8574.268555 JEANNETTE
710.0 815.0 z -1426.723267
815.0 875.0 @ -919.702271
875.0 965.0 n -1194.035278
965.0 1090.0 ec -1676.647461
1090.0 1145.0 t -752.051758
1145.0 1175.0 ssil -440.504944
1175.0 1190.0 ssil -225.859924 LACHT
1190.0 1300.0 l -1437.206909
1300.0 1420.0 ac -1323.119873
1420.0 1505.0 x -1204.481323
1505.0 1615.0 t -1384.912109
1615.0 1930.0 ssil -3557.936768
1930.0 1975.0 ssil -567.407654 NADAT
1975.0 2030.0 n -724.054749
2030.0 2225.0 a -2170.139893
2225.0 2240.0 d -245.092545
2240.0 2270.0 ac -438.810883
2270.0 2295.0 t -352.935181
2295.0 2310.0 ssil -196.791718
2310.0 2325.0 ssil -198.724976 ZE
2325.0 2405.0 s -1015.794067
2405.0 2445.0 @ -547.040771
2445.0 2460.0 ssil -240.896072
2460.0 2475.0 ssil -202.273163 DOOR
2475.0 2540.0 d -865.470459
2540.0 2615.0 o -846.100769
2615.0 2690.0 r -1122.965942
2690.0 2705.0 ssil -228.592041
2705.0 2720.0 ssil -220.343262 EEN
2720.0 2740.0 @ -289.726501
2740.0 2755.0 ssil -210.232361
2755.0 2785.0 ssil -379.367737 ONBEKENDE
2785.0 2895.0 oc -1293.215454
2895.0 2995.0 n -1115.107056
2995.0 3060.0 @ -1001.892029
3060.0 3135.0 k -1067.245483
3135.0 3185.0 ec -635.591309
3185.0 3220.0 n -413.437531
3220.0 3255.0 d -459.857025
3255.0 3315.0 @ -796.175781
3315.0 3330.0 ssil -216.036469
3330.0 3345.0 ssil -182.870575 PERSOON
3345.0 3385.0 p -563.550354
3385.0 3425.0 @ -533.330811
3425.0 3555.0 s -1745.892456
3555.0 3700.0 o -1685.833740
3700.0 3790.0 n -1098.761353
3790.0 3850.0 ssil -818.869385
3850.0 3905.0 ssil -710.107971 IS
3905.0 3950.0 ic -716.228516
3950.0 4040.0 s -1204.787231
4040.0 4055.0 ssil -226.267838
4055.0 4075.0 ssil -264.316162 GEKUST
4075.0 4100.0 x -347.753967
4100.0 4200.0 @ -1342.995728
4200.0 4275.0 k -1048.739258
4275.0 4355.0 u -1035.569580
4355.0 4610.0 s -3335.766357
4610.0 4650.0 t -563.174011
4650.0 4665.0 ssil -197.067398
.
