#!MLF!#
"/net/aistaff/aki/_same-utterance/wav/03/Groningen_and_Drenthe/4378-1450346050-706093.rec"
0.0 15.0 ssil -176.962219 JEANNETTE
15.0 30.0 z -232.272720
30.0 45.0 @ -174.786346
45.0 245.0 n -1980.447632
245.0 270.0 ec -381.278442
270.0 305.0 t -493.813965
305.0 925.0 ssil -7559.525391
925.0 1140.0 ssil -3057.863281 LACHT
1140.0 1230.0 l -1262.641968
1230.0 1330.0 ac -1135.028931
1330.0 1385.0 x -727.999268
1385.0 1400.0 ssil -180.895355
1400.0 1485.0 ssil -1083.168701 NADAT
1485.0 1525.0 n -585.379700
1525.0 1610.0 a -1070.983765
1610.0 1640.0 d -395.114166
1640.0 1685.0 ac -621.084656
1685.0 1725.0 t -533.887512
1725.0 1740.0 ssil -195.483231
1740.0 1755.0 ssil -195.923859 ZE
1755.0 1830.0 s -781.927612
1830.0 1855.0 ssil -340.921692
1855.0 1870.0 ssil -202.875198 DOOR
1870.0 1925.0 d -714.231140
1925.0 2055.0 o -1390.947021
2055.0 2070.0 ssil -203.252716
2070.0 2085.0 ssil -213.252274 EEN
2085.0 2135.0 n -684.745728
2135.0 2170.0 ssil -643.469971
2170.0 2235.0 ssil -969.543396 ONBEKENDE
2235.0 2305.0 oc -919.715271
2305.0 2410.0 n -1327.445312
2410.0 2510.0 @ -1325.208374
2510.0 2565.0 k -754.127502
2565.0 2630.0 ec -810.564087
2630.0 2685.0 n -649.481995
2685.0 2700.0 d -235.234360
2700.0 2790.0 @ -1164.838013
2790.0 2805.0 ssil -182.470566
2805.0 2820.0 ssil -206.544128 PERSOON
2820.0 2850.0 p -429.488922
2850.0 2870.0 @ -293.037048
2870.0 2995.0 s -1658.841797
2995.0 3120.0 o -1473.292847
3120.0 3140.0 n -275.999359
3140.0 3155.0 ssil -223.797607
3155.0 3170.0 ssil -219.884369 IS
3170.0 3215.0 ic -702.855164
3215.0 3255.0 s -711.591980
3255.0 3270.0 ssil -266.941345
3270.0 3285.0 ssil -238.246887 GEKUST
3285.0 3345.0 x -790.720947
3345.0 3430.0 @ -1103.564331
3430.0 3525.0 k -1348.664185
3525.0 3540.0 u -243.804184
3540.0 3700.0 s -1968.039673
3700.0 3780.0 t -1008.893677
3780.0 4155.0 ssil -4438.408203
.
