#!MLF!#
"/net/aistaff/aki/_same-utterance/wav/03/Groningen_and_Drenthe/4737-1451217787-791687.rec"
0.0 630.0 ssil -7137.648438 JEANNETTE
630.0 730.0 sc -1218.224731
730.0 760.0 @ -413.785797
760.0 850.0 n -1145.885986
850.0 985.0 ec -1698.998047
985.0 1035.0 t -689.264648
1035.0 1050.0 ssil -210.031708
1050.0 1070.0 ssil -257.546783 LACHT
1070.0 1190.0 l -1360.645874
1190.0 1280.0 ac -1006.702698
1280.0 1365.0 x -1055.133423
1365.0 1460.0 ssil -1155.685303
1460.0 1610.0 ssil -1836.438599 NADAT
1610.0 1655.0 n -568.018616
1655.0 1785.0 a -1465.306763
1785.0 1825.0 d -567.827332
1825.0 1910.0 ac -995.016724
1910.0 1980.0 t -917.265442
1980.0 1995.0 ssil -187.364914
1995.0 2010.0 ssil -188.298630 ZE
2010.0 2050.0 s -524.814453
2050.0 2065.0 ssil -213.247345
2065.0 2080.0 ssil -211.426834 DOOR
2080.0 2125.0 d -595.345276
2125.0 2215.0 o -1042.815918
2215.0 2230.0 ssil -192.776169
2230.0 2245.0 ssil -178.611252 EEN
2245.0 2315.0 @ -738.354919
2315.0 2355.0 n -435.314453
2355.0 2370.0 ssil -202.140137
2370.0 2385.0 ssil -205.184448 ONBEKENDE
2385.0 2485.0 oc -1064.781860
2485.0 2620.0 n -1615.501099
2620.0 2635.0 @ -198.881897
2635.0 2690.0 k -781.545532
2690.0 2780.0 ec -1010.608704
2780.0 2840.0 n -660.303162
2840.0 2865.0 d -315.805023
2865.0 2900.0 @ -415.531281
2900.0 2915.0 ssil -183.940872
2915.0 2945.0 ssil -345.443481 PERSOON
2945.0 2995.0 p -613.560669
2995.0 3045.0 r -619.625854
3045.0 3165.0 s -1579.809570
3165.0 3295.0 o -1424.254150
3295.0 3350.0 n -681.132690
3350.0 3365.0 ssil -207.109085
3365.0 3380.0 ssil -181.860550 IS
3380.0 3425.0 ic -542.067810
3425.0 3470.0 s -594.396179
3470.0 3485.0 ssil -213.854538
3485.0 3500.0 ssil -205.707077 GEKUST
3500.0 3555.0 gc -655.445496
3555.0 3645.0 @ -1067.961182
3645.0 3725.0 k -1070.533325
3725.0 3795.0 u -883.931580
3795.0 3935.0 s -1700.264038
3935.0 3995.0 t -757.578247
3995.0 4530.0 ssil -6136.104492
.
