#!MLF!#
"/net/aistaff/aki/_same-utterance/wav/03/Groningen_and_Drenthe/5153-1453228107-908929.rec"
0.0 505.0 ssil -6162.993164 JEANNETTE
505.0 620.0 sc -1502.369751
620.0 685.0 @ -787.319641
685.0 765.0 n -1029.605347
765.0 875.0 ec -1327.983032
875.0 950.0 t -1050.020752
950.0 995.0 ssil -591.459961
995.0 1020.0 ssil -370.976471 LACHT
1020.0 1140.0 l -1667.108765
1140.0 1255.0 ac -1561.045166
1255.0 1400.0 x -1875.389648
1400.0 1500.0 t -1297.679688
1500.0 1575.0 ssil -841.783691
1575.0 1655.0 ssil -1014.450378 NADAT
1655.0 1670.0 n -236.841156
1670.0 1755.0 @ -1033.713989
1755.0 1820.0 d -840.530029
1820.0 1900.0 ac -958.854736
1900.0 1925.0 t -336.652802
1925.0 1940.0 ssil -197.723816
1940.0 1955.0 ssil -196.547806 ZE
1955.0 2030.0 s -911.945007
2030.0 2070.0 @ -473.876587
2070.0 2085.0 ssil -216.179779
2085.0 2100.0 ssil -209.444870 DOOR
2100.0 2165.0 d -897.396729
2165.0 2285.0 o -1345.875122
2285.0 2300.0 ssil -205.200348
2300.0 2315.0 ssil -195.865219 EEN
2315.0 2375.0 @ -772.750671
2375.0 2420.0 n -567.432068
2420.0 2435.0 ssil -249.777130
2435.0 2450.0 ssil -216.935196 ONBEKENDE
2450.0 2590.0 oc -1738.142822
2590.0 2705.0 n -1347.314209
2705.0 2780.0 @ -1080.118042
2780.0 2830.0 k -796.389954
2830.0 2925.0 ec -1102.483398
2925.0 2985.0 n -715.234375
2985.0 3010.0 d -358.568298
3010.0 3080.0 @ -849.783325
3080.0 3095.0 ssil -199.451385
3095.0 3130.0 ssil -400.591034 PERSOON
3130.0 3165.0 p -487.043335
3165.0 3185.0 @ -259.534454
3185.0 3240.0 r -728.676575
3240.0 3370.0 s -1714.529175
3370.0 3490.0 o -1376.613770
3490.0 3535.0 n -530.422302
3535.0 3550.0 ssil -216.238068
3550.0 3565.0 ssil -196.400299 IS
3565.0 3605.0 ic -492.317047
3605.0 3665.0 s -786.795593
3665.0 3680.0 ssil -226.009811
3680.0 3695.0 ssil -212.705185 GEKUST
3695.0 3760.0 x -889.057129
3760.0 3860.0 @ -1277.570679
3860.0 3935.0 k -1136.303711
3935.0 4020.0 u -1177.316040
4020.0 4115.0 s -1162.152954
4115.0 4550.0 ssil -5187.302246
.
