#!MLF!#
"/net/aistaff/aki/_same-utterance/wav/03/Groningen_and_Drenthe/6556-1463069497-1809457.rec"
0.0 765.0 ssil -9193.396484 JEANNETTE
765.0 835.0 sc -852.838501
835.0 915.0 @ -1090.466431
915.0 980.0 n -860.745361
980.0 1075.0 ec -1210.599854
1075.0 1155.0 t -1089.332031
1155.0 1170.0 ssil -201.649323
1170.0 1190.0 ssil -261.434601 LACHT
1190.0 1295.0 l -1439.425781
1295.0 1405.0 ac -1390.404297
1405.0 1530.0 x -1680.726196
1530.0 1650.0 t -1586.403442
1650.0 1670.0 ssil -261.581421
1670.0 1695.0 ssil -291.883728 NADAT
1695.0 1730.0 n -448.838654
1730.0 1745.0 d -261.807037
1745.0 1895.0 ac -1869.850708
1895.0 1910.0 t -220.964432
1910.0 1925.0 ssil -227.284958
1925.0 1940.0 ssil -215.754395 ZE
1940.0 2030.0 z -1091.885376
2030.0 2045.0 ssil -201.459549
2045.0 2060.0 ssil -216.231110 DOOR
2060.0 2095.0 d -505.803894
2095.0 2200.0 o -1304.597656
2200.0 2215.0 ssil -189.422302
2215.0 2230.0 ssil -193.007172 EEN
2230.0 2250.0 @ -266.390839
2250.0 2285.0 ssil -388.237549
2285.0 2310.0 ssil -296.957428 ONBEKENDE
2310.0 2380.0 oc -902.658936
2380.0 2420.0 n -494.581360
2420.0 2450.0 b -450.332672
2450.0 2535.0 @ -1197.540649
2535.0 2580.0 k -705.298889
2580.0 2625.0 ec -579.252136
2625.0 2660.0 n -448.676880
2660.0 2675.0 d -225.088806
2675.0 2725.0 @ -731.759094
2725.0 2745.0 ssil -260.505951
2745.0 2770.0 ssil -341.947784 PERSOON
2770.0 2790.0 p -307.990051
2790.0 2840.0 r -725.764404
2840.0 2945.0 s -1416.234131
2945.0 3070.0 o -1566.322510
3070.0 3125.0 n -716.410828
3125.0 3140.0 ssil -208.549988
3140.0 3155.0 ssil -209.136215 IS
3155.0 3185.0 ic -441.192902
3185.0 3320.0 s -1778.502441
3320.0 3345.0 ssil -385.611481
3345.0 3400.0 ssil -715.209961 GEKUST
3400.0 3445.0 gc -608.438660
3445.0 3510.0 @ -798.201538
3510.0 3525.0 k -230.887360
3525.0 3540.0 u -248.025421
3540.0 3665.0 s -1580.355469
3665.0 3715.0 t -718.864441
3715.0 4275.0 ssil -6604.631836
.
