#!MLF!#
"/net/aistaff/aki/_same-utterance/wav/03/Groningen_and_Drenthe/7039-1454516947-1285558.rec"
0.0 330.0 ssil -4112.686035 JEANNETTE
330.0 450.0 z -1564.417603
450.0 530.0 @ -1092.685547
530.0 600.0 n -907.073303
600.0 735.0 ec -1841.756470
735.0 785.0 t -761.165222
785.0 820.0 ssil -513.593567
820.0 845.0 ssil -360.805359 LACHT
845.0 925.0 l -1044.010986
925.0 1025.0 ac -1215.437378
1025.0 1250.0 x -2923.346680
1250.0 1315.0 t -977.889893
1315.0 1335.0 ssil -286.717102
1335.0 1390.0 ssil -682.996582 NADAT
1390.0 1480.0 n -1118.256958
1480.0 1595.0 a -1514.916016
1595.0 1650.0 d -776.603638
1650.0 1705.0 ac -812.298218
1705.0 1725.0 t -297.977356
1725.0 1740.0 ssil -232.504639
1740.0 1760.0 ssil -310.692047 ZE
1760.0 1895.0 s -1774.980835
1895.0 1910.0 ssil -239.361099
1910.0 1925.0 ssil -202.228561 DOOR
1925.0 2000.0 d -1068.620361
2000.0 2035.0 o -432.143860
2035.0 2120.0 r -1063.662109
2120.0 2135.0 ssil -216.508240
2135.0 2150.0 ssil -195.491089 EEN
2150.0 2255.0 n -1308.389282
2255.0 2270.0 ssil -194.794525
2270.0 2285.0 ssil -234.308731 ONBEKENDE
2285.0 2345.0 oc -763.860413
2345.0 2420.0 n -819.518494
2420.0 2455.0 b -486.527130
2455.0 2535.0 @ -1125.558838
2535.0 2590.0 k -779.543823
2590.0 2635.0 ec -580.204590
2635.0 2705.0 n -784.263794
2705.0 2720.0 d -200.651398
2720.0 2765.0 @ -557.415283
2765.0 2780.0 ssil -171.197403
2780.0 2795.0 ssil -176.043198 PERSOON
2795.0 2850.0 p -744.407715
2850.0 2920.0 r -942.675232
2920.0 3055.0 s -1597.099976
3055.0 3185.0 o -1544.459351
3185.0 3225.0 n -449.907379
3225.0 3240.0 ssil -212.736740
3240.0 3255.0 ssil -210.823273 IS
3255.0 3320.0 ic -784.696350
3320.0 3425.0 s -1403.234375
3425.0 3440.0 ssil -202.034653
3440.0 3460.0 ssil -284.434357 GEKUST
3460.0 3505.0 x -590.662903
3505.0 3615.0 @ -1469.239502
3615.0 3680.0 k -949.976379
3680.0 3745.0 u -838.557922
3745.0 4045.0 s -3725.673096
4045.0 4645.0 ssil -7228.942383
.
