#!MLF!#
"/net/aistaff/aki/_same-utterance/wav/03/Groningen_and_Drenthe/7055-1458852073-1705387.rec"
0.0 15.0 ssil -152.083359 JEANNETTE
15.0 30.0 z -205.661041
30.0 45.0 @ -154.811066
45.0 660.0 n -4799.266602
660.0 675.0 ec -248.007401
675.0 695.0 t -257.301117
695.0 1090.0 ssil -5521.172852
1090.0 1270.0 ssil -2689.905273 LACHT
1270.0 1450.0 l -2504.862061
1450.0 1565.0 ac -1211.047974
1565.0 1720.0 x -1959.755859
1720.0 1795.0 t -970.576233
1795.0 2010.0 ssil -2392.807129
2010.0 2230.0 ssil -2457.243408 NADAT
2230.0 2290.0 n -786.629272
2290.0 2460.0 a -2037.963867
2460.0 2490.0 d -430.680054
2490.0 2615.0 ac -1492.623047
2615.0 2695.0 t -1091.257568
2695.0 2730.0 ssil -479.386444
2730.0 2980.0 ssil -2922.244873 ZE
2980.0 3100.0 s -1501.829590
3100.0 3120.0 @ -264.012329
3120.0 3140.0 ssil -249.230087
3140.0 3155.0 ssil -228.879868 DOOR
3155.0 3200.0 d -736.019958
3200.0 3335.0 o -1764.018799
3335.0 3350.0 ssil -211.554565
3350.0 3365.0 ssil -201.669327 EEN
3365.0 3395.0 @ -458.191406
3395.0 3410.0 ssil -243.683090
3410.0 3425.0 ssil -221.548798 ONBEKENDE
3425.0 3575.0 oc -2179.148193
3575.0 3625.0 n -709.064880
3625.0 3650.0 b -377.197571
3650.0 3735.0 @ -1326.525513
3735.0 3790.0 k -815.066650
3790.0 3845.0 ec -717.159912
3845.0 3890.0 n -591.519470
3890.0 3930.0 d -585.157227
3930.0 3965.0 @ -427.328918
3965.0 3980.0 ssil -190.811325
3980.0 3995.0 ssil -222.397598 PERSOON
3995.0 4020.0 p -386.825256
4020.0 4045.0 @ -344.773865
4045.0 4185.0 s -1825.966431
4185.0 4305.0 o -1282.171753
4305.0 4330.0 n -319.980896
4330.0 4345.0 ssil -220.767563
4345.0 4360.0 ssil -230.028625 IS
4360.0 4420.0 ic -754.799011
4420.0 4525.0 s -1296.117432
4525.0 4570.0 ssil -678.551636
4570.0 4590.0 ssil -281.991119 GEKUST
4590.0 4625.0 gc -449.923706
4625.0 4640.0 @ -216.046051
4640.0 4710.0 k -1084.356079
4710.0 4765.0 u -819.862793
4765.0 4910.0 s -1851.326782
4910.0 4975.0 t -862.046509
4975.0 5690.0 ssil -8121.230469
.
