#!MLF!#
"/net/aistaff/aki/_same-utterance/wav/03/Groningen_and_Drenthe/7275-1454889886-1386983.rec"
0.0 970.0 ssil -12452.878906 JEANNETTE
970.0 1115.0 sc -2062.560547
1115.0 1140.0 @ -446.134033
1140.0 1230.0 n -1261.141235
1230.0 1370.0 ec -1916.488770
1370.0 1385.0 t -250.975937
1385.0 1400.0 ssil -232.258224
1400.0 1415.0 ssil -229.055817 LACHT
1415.0 1525.0 l -1396.951538
1525.0 1615.0 ac -1215.366333
1615.0 1725.0 x -1425.667603
1725.0 1820.0 t -1289.983154
1820.0 1885.0 ssil -856.814636
1885.0 2255.0 ssil -4485.921387 NADAT
2255.0 2310.0 n -807.725647
2310.0 2450.0 a -1751.224365
2450.0 2470.0 d -305.479614
2470.0 2555.0 ac -1212.396729
2555.0 2590.0 t -498.106171
2590.0 2605.0 ssil -197.865723
2605.0 2630.0 ssil -304.667786 ZE
2630.0 2680.0 s -672.470032
2680.0 2705.0 @ -362.272766
2705.0 2720.0 ssil -215.532837
2720.0 2735.0 ssil -190.997330 DOOR
2735.0 2800.0 d -905.850037
2800.0 2915.0 o -1533.260254
2915.0 2980.0 r -845.077271
2980.0 2995.0 ssil -197.931564
2995.0 3010.0 ssil -210.350357 EEN
3010.0 3030.0 @ -273.419800
3030.0 3045.0 ssil -190.479538
3045.0 3075.0 ssil -431.285614 ONBEKENDE
3075.0 3135.0 oc -838.438477
3135.0 3240.0 n -1372.212769
3240.0 3325.0 @ -1210.223022
3325.0 3385.0 k -864.880920
3385.0 3460.0 ec -1007.426758
3460.0 3540.0 n -1029.913940
3540.0 3555.0 d -222.773468
3555.0 3590.0 @ -447.447845
3590.0 3620.0 ssil -375.201294
3620.0 3635.0 ssil -181.049744 PERSOON
3635.0 3700.0 p -860.743958
3700.0 3720.0 r -275.069397
3720.0 3845.0 s -1661.151855
3845.0 3950.0 o -1372.275391
3950.0 3995.0 n -541.519226
3995.0 4010.0 ssil -214.493057
4010.0 4025.0 ssil -221.597183 IS
4025.0 4050.0 ic -352.307831
4050.0 4095.0 s -651.263123
4095.0 4110.0 ssil -214.489075
4110.0 4125.0 ssil -216.887695 GEKUST
4125.0 4175.0 x -692.838867
4175.0 4220.0 @ -621.522461
4220.0 4365.0 k -1920.696899
4365.0 4445.0 u -1058.664673
4445.0 4685.0 s -2864.629150
4685.0 5110.0 ssil -5191.232422
.
