#!MLF!#
"/net/aistaff/aki/_same-utterance/wav/03/Groningen_and_Drenthe/7355-1454696177-1357370.rec"
0.0 685.0 ssil -8589.367188 JEANNETTE
685.0 810.0 z -1656.038208
810.0 895.0 @ -1217.664551
895.0 965.0 n -870.056030
965.0 1090.0 ec -1563.143311
1090.0 1105.0 t -224.163345
1105.0 1180.0 ssil -1087.419434
1180.0 1215.0 ssil -440.291779 LACHT
1215.0 1335.0 l -1663.492310
1335.0 1430.0 ac -1205.637085
1430.0 1585.0 x -1919.491333
1585.0 1625.0 ssil -547.607483
1625.0 1745.0 ssil -1631.265381 NADAT
1745.0 1815.0 n -975.729553
1815.0 1880.0 ac -885.717896
1880.0 1925.0 d -632.016235
1925.0 2040.0 ac -1647.767822
2040.0 2065.0 t -340.321808
2065.0 2080.0 ssil -210.170822
2080.0 2095.0 ssil -204.156815 ZE
2095.0 2170.0 z -1040.894653
2170.0 2185.0 ssil -210.262375
2185.0 2200.0 ssil -199.126175 DOOR
2200.0 2260.0 d -838.747742
2260.0 2375.0 o -1366.878540
2375.0 2430.0 r -656.253052
2430.0 2445.0 ssil -215.856995
2445.0 2460.0 ssil -210.718796 EEN
2460.0 2490.0 n -425.821564
2490.0 2505.0 ssil -240.200821
2505.0 2520.0 ssil -215.460526 ONBEKENDE
2520.0 2650.0 oc -1684.718018
2650.0 2685.0 n -481.152832
2685.0 2720.0 b -507.011108
2720.0 2815.0 @ -1287.899780
2815.0 2865.0 k -732.275208
2865.0 2920.0 ec -774.637451
2920.0 2980.0 n -742.841980
2980.0 2995.0 d -233.445282
2995.0 3055.0 @ -790.106873
3055.0 3070.0 ssil -183.012360
3070.0 3110.0 ssil -474.061951 PERSOON
3110.0 3135.0 p -348.883820
3135.0 3165.0 r -477.159546
3165.0 3295.0 s -1730.754883
3295.0 3460.0 o -1914.883301
3460.0 3540.0 n -927.465149
3540.0 3555.0 ssil -211.145676
3555.0 3570.0 ssil -205.453934 IS
3570.0 3615.0 ic -630.913757
3615.0 3790.0 s -2277.512939
3790.0 3825.0 ssil -455.246033
3825.0 3880.0 ssil -705.079468 GEKUST
3880.0 3915.0 x -493.907562
3915.0 3995.0 @ -1047.636230
3995.0 4010.0 k -235.370132
4010.0 4025.0 u -275.848480
4025.0 4205.0 s -2261.111572
4205.0 4265.0 t -808.147278
4265.0 4410.0 ssil -1792.070679
.
