#!MLF!#
"/net/aistaff/aki/_same-utterance/wav/03/Groningen_and_Drenthe/7440-1454901393-1387181.rec"
0.0 465.0 ssil -4909.904785 JEANNETTE
465.0 565.0 sc -1395.315430
565.0 650.0 @ -1041.519897
650.0 710.0 n -742.523987
710.0 850.0 ec -1753.970337
850.0 865.0 t -240.050720
865.0 885.0 ssil -307.360382
885.0 905.0 ssil -298.979706 LACHT
905.0 975.0 l -867.313232
975.0 1150.0 ac -2081.980469
1150.0 1315.0 x -2178.472412
1315.0 1345.0 ssil -355.912567
1345.0 1430.0 ssil -988.523315 NADAT
1430.0 1445.0 n -207.367676
1445.0 1465.0 d -283.129333
1465.0 1640.0 ac -2140.231201
1640.0 1655.0 t -244.012421
1655.0 1670.0 ssil -227.404343
1670.0 1685.0 ssil -212.854950 ZE
1685.0 1740.0 s -710.832092
1740.0 1765.0 ssil -331.760742
1765.0 1800.0 ssil -418.022186 DOOR
1800.0 1850.0 d -659.269714
1850.0 1940.0 o -1016.278198
1940.0 1955.0 ssil -195.464813
1955.0 1970.0 ssil -186.315002 EEN
1970.0 2045.0 n -810.501587
2045.0 2060.0 ssil -212.738953
2060.0 2075.0 ssil -227.747299 ONBEKENDE
2075.0 2235.0 oc -2076.657959
2235.0 2280.0 n -554.351685
2280.0 2300.0 b -323.563629
2300.0 2415.0 @ -1470.304199
2415.0 2455.0 k -617.412720
2455.0 2535.0 ec -915.454163
2535.0 2600.0 n -839.068054
2600.0 2630.0 d -450.313293
2630.0 2645.0 @ -215.790268
2645.0 2685.0 ssil -478.056763
2685.0 2735.0 ssil -630.833801 PERSOON
2735.0 2765.0 p -443.762939
2765.0 2815.0 r -684.562073
2815.0 2955.0 s -1834.533569
2955.0 3075.0 o -1397.130005
3075.0 3180.0 n -1252.484131
3180.0 3195.0 ssil -174.146271
3195.0 3210.0 ssil -177.385437 IS
3210.0 3260.0 ic -612.454651
3260.0 3290.0 s -472.060944
3290.0 3305.0 ssil -207.220230
3305.0 3320.0 ssil -203.751175 GEKUST
3320.0 3555.0 gc -3066.447266
3555.0 3675.0 @ -1339.823120
3675.0 3705.0 k -412.948608
3705.0 3720.0 u -278.519135
3720.0 3795.0 s -931.737793
3795.0 4110.0 ssil -3727.452637
.
