#!MLF!#
"/net/aistaff/aki/_same-utterance/wav/03/Groningen_and_Drenthe/7790-1456078174-1491556.rec"
0.0 15.0 ssil -154.845871 JEANNETTE
15.0 30.0 z -210.159225
30.0 45.0 @ -155.699509
45.0 60.0 n -151.572220
60.0 515.0 ec -3772.223633
515.0 530.0 t -236.644287
530.0 1115.0 ssil -7638.926758
1115.0 1200.0 ssil -1298.050537 LACHT
1200.0 1375.0 l -2262.062988
1375.0 1510.0 ac -1656.041870
1510.0 1620.0 x -1455.904785
1620.0 1745.0 t -1703.407349
1745.0 1765.0 ssil -316.429657
1765.0 1780.0 ssil -217.894882 NADAT
1780.0 1805.0 n -361.217987
1805.0 1880.0 @ -896.311157
1880.0 1900.0 d -303.807678
1900.0 2005.0 ac -1363.038696
2005.0 2030.0 t -404.545135
2030.0 2045.0 ssil -233.987534
2045.0 2060.0 ssil -217.299423 ZE
2060.0 2110.0 s -702.195984
2110.0 2140.0 @ -394.068054
2140.0 2155.0 ssil -221.949356
2155.0 2170.0 ssil -243.235870 DOOR
2170.0 2215.0 d -692.159851
2215.0 2320.0 o -1115.284058
2320.0 2335.0 ssil -202.965942
2335.0 2350.0 ssil -195.241501 EEN
2350.0 2370.0 n -246.075394
2370.0 2385.0 ssil -189.851456
2385.0 2400.0 ssil -192.276627 ONBEKENDE
2400.0 2530.0 oc -1492.980469
2530.0 2585.0 n -693.905640
2585.0 2620.0 b -528.331543
2620.0 2700.0 @ -1211.797485
2700.0 2760.0 k -927.126587
2760.0 2820.0 ec -716.369202
2820.0 2880.0 n -790.660828
2880.0 2910.0 d -387.760925
2910.0 2965.0 @ -747.237732
2965.0 2980.0 ssil -200.831955
2980.0 3000.0 ssil -292.528503 PERSOON
3000.0 3025.0 p -368.296875
3025.0 3055.0 r -375.265961
3055.0 3215.0 s -2158.887207
3215.0 3345.0 o -1314.255127
3345.0 3390.0 n -467.483276
3390.0 3420.0 ssil -408.674103
3420.0 3435.0 ssil -197.571075 IS
3435.0 3495.0 ic -749.900269
3495.0 3585.0 s -1271.766846
3585.0 3600.0 ssil -214.051956
3600.0 3615.0 ssil -185.511124 GEKUST
3615.0 3645.0 x -395.781921
3645.0 3675.0 @ -378.869476
3675.0 3825.0 k -1975.372559
3825.0 3915.0 u -1116.683838
3915.0 4075.0 s -2070.227295
4075.0 4110.0 t -491.463684
4110.0 4505.0 ssil -4576.899414
.
