#!MLF!#
"/net/aistaff/aki/_same-utterance/wav/03/Groningen_and_Drenthe/7834-1456830319-1542771.rec"
0.0 275.0 ssil -3062.618408 JEANNETTE
275.0 370.0 sc -1292.088379
370.0 410.0 @ -532.774658
410.0 455.0 n -617.240845
455.0 555.0 ec -1361.306030
555.0 675.0 t -1821.018677
675.0 690.0 ssil -221.925934
690.0 710.0 ssil -314.886505 LACHT
710.0 815.0 l -1395.152344
815.0 900.0 ac -1051.971680
900.0 1030.0 x -1933.059570
1030.0 1095.0 t -900.367432
1095.0 1135.0 ssil -605.478882
1135.0 1180.0 ssil -713.160278 NADAT
1180.0 1225.0 n -739.765259
1225.0 1285.0 a -788.092712
1285.0 1330.0 d -642.094788
1330.0 1370.0 ac -649.869568
1370.0 1385.0 t -326.853394
1385.0 1415.0 ssil -521.119751
1415.0 1435.0 ssil -372.158844 ZE
1435.0 1510.0 s -1275.833130
1510.0 1535.0 @ -356.091675
1535.0 1550.0 ssil -212.837875
1550.0 1565.0 ssil -199.393845 DOOR
1565.0 1620.0 d -764.409973
1620.0 1745.0 o -1393.894043
1745.0 1760.0 ssil -238.678329
1760.0 1775.0 ssil -211.403488 EEN
1775.0 1795.0 n -269.795105
1795.0 1810.0 ssil -230.108902
1810.0 1825.0 ssil -232.231598 ONBEKENDE
1825.0 1930.0 oc -1372.402222
1930.0 2085.0 n -2215.949219
2085.0 2115.0 @ -381.235138
2115.0 2170.0 k -1019.725159
2170.0 2230.0 ec -726.348328
2230.0 2295.0 n -786.571533
2295.0 2310.0 d -255.739243
2310.0 2390.0 @ -1062.995728
2390.0 2485.0 ssil -1555.510132
2485.0 2595.0 ssil -2036.522339 PERSOON
2595.0 2625.0 p -461.831024
2625.0 2755.0 r -1567.500610
2755.0 2770.0 s -270.399292
2770.0 2785.0 o -210.412415
2785.0 2835.0 n -606.527710
2835.0 2850.0 ssil -262.570435
2850.0 2865.0 ssil -234.225632 IS
2865.0 2910.0 ic -620.497253
2910.0 2965.0 s -771.052307
2965.0 2995.0 ssil -522.768372
2995.0 3010.0 ssil -263.030426 GEKUST
3010.0 3065.0 x -828.751831
3065.0 3115.0 @ -626.737366
3115.0 3210.0 k -1279.411621
3210.0 3265.0 u -753.079895
3265.0 3425.0 s -2051.230225
3425.0 3485.0 ssil -822.936829
.
