#!MLF!#
"/net/aistaff/aki/_same-utterance/wav/03/Groningen_and_Drenthe/8763-1458123392-1666196.rec"
0.0 480.0 ssil -4970.285156 JEANNETTE
480.0 580.0 sc -1254.351807
580.0 615.0 @ -470.273193
615.0 690.0 n -1065.336060
690.0 805.0 ec -1435.354248
805.0 825.0 t -314.919128
825.0 855.0 ssil -445.544312
855.0 870.0 ssil -227.926392 LACHT
870.0 990.0 l -1636.527222
990.0 1105.0 ac -1421.009399
1105.0 1220.0 x -1496.806641
1220.0 1380.0 ssil -2160.921387
1380.0 1515.0 ssil -1548.853271 NADAT
1515.0 1570.0 n -744.949280
1570.0 1630.0 a -796.287842
1630.0 1695.0 d -981.923340
1695.0 1785.0 ac -1271.281982
1785.0 1800.0 t -237.428040
1800.0 1815.0 ssil -205.129364
1815.0 1830.0 ssil -206.467377 ZE
1830.0 1900.0 s -873.625427
1900.0 1925.0 @ -338.340546
1925.0 1950.0 ssil -310.662598
1950.0 1965.0 ssil -194.670547 DOOR
1965.0 2000.0 d -470.617096
2000.0 2125.0 o -1419.183350
2125.0 2205.0 r -1053.070312
2205.0 2225.0 ssil -319.190765
2225.0 2240.0 ssil -198.010208 EEN
2240.0 2290.0 @ -596.930420
2290.0 2310.0 ssil -297.692719
2310.0 2325.0 ssil -228.787964 ONBEKENDE
2325.0 2395.0 oc -900.675903
2395.0 2490.0 n -1174.327026
2490.0 2515.0 b -386.092682
2515.0 2620.0 @ -1600.193481
2620.0 2665.0 k -672.089600
2665.0 2755.0 ec -1142.255249
2755.0 2815.0 n -731.662476
2815.0 2830.0 d -215.116989
2830.0 2855.0 @ -277.369873
2855.0 2870.0 ssil -189.611633
2870.0 2885.0 ssil -230.959564 PERSOON
2885.0 2915.0 p -457.020691
2915.0 2960.0 @ -637.929077
2960.0 3100.0 s -1823.997437
3100.0 3245.0 o -1677.106323
3245.0 3340.0 n -1171.776001
3340.0 3365.0 ssil -377.406982
3365.0 3380.0 ssil -251.864288 IS
3380.0 3495.0 ic -1417.825439
3495.0 3645.0 s -1996.222290
3645.0 3705.0 ssil -793.213135
3705.0 3755.0 ssil -650.973450 GEKUST
3755.0 3820.0 gc -911.160095
3820.0 3930.0 @ -1411.331665
3930.0 3945.0 k -244.142075
3945.0 3960.0 u -243.146408
3960.0 4165.0 s -2644.355713
4165.0 4260.0 t -1281.011475
4260.0 4760.0 ssil -5928.055664
.
