#!MLF!#
"/net/aistaff/aki/_same-utterance/wav/03/Groningen_and_Drenthe/9363-1462390048-1799670.rec"
0.0 825.0 ssil -7985.117188 JEANNETTE
825.0 960.0 z -1614.460571
960.0 990.0 @ -340.402039
990.0 1100.0 n -1084.861694
1100.0 1240.0 ec -1679.324585
1240.0 1280.0 t -575.895752
1280.0 1295.0 ssil -202.283966
1295.0 1310.0 ssil -191.289200 LACHT
1310.0 1485.0 l -2021.216064
1485.0 1650.0 ac -1883.849976
1650.0 1775.0 x -1614.835327
1775.0 1875.0 t -1324.843872
1875.0 2055.0 ssil -2044.131104
2055.0 2395.0 ssil -3739.811523 NADAT
2395.0 2480.0 n -922.435059
2480.0 2585.0 a -1247.407715
2585.0 2655.0 d -965.255493
2655.0 2765.0 ac -1397.891235
2765.0 2785.0 t -307.617889
2785.0 2800.0 ssil -203.615738
2800.0 2815.0 ssil -205.134735 ZE
2815.0 2905.0 s -1096.469604
2905.0 2920.0 @ -183.772202
2920.0 2935.0 ssil -181.933029
2935.0 2950.0 ssil -184.516632 DOOR
2950.0 3005.0 d -751.848694
3005.0 3045.0 o -444.997894
3045.0 3085.0 r -520.042175
3085.0 3100.0 ssil -215.531250
3100.0 3115.0 ssil -203.486145 EEN
3115.0 3180.0 @ -625.359131
3180.0 3275.0 n -990.686401
3275.0 3310.0 ssil -459.311798
3310.0 3340.0 ssil -410.435608 ONBEKENDE
3340.0 3490.0 oc -1788.895386
3490.0 3670.0 n -2281.866211
3670.0 3705.0 @ -378.107849
3705.0 3770.0 k -914.158630
3770.0 3850.0 ec -855.471313
3850.0 3920.0 n -731.781433
3920.0 3935.0 d -193.753418
3935.0 4000.0 @ -760.404297
4000.0 4015.0 ssil -177.655396
4015.0 4090.0 ssil -884.324646 PERSOON
4090.0 4110.0 p -268.182861
4110.0 4190.0 @ -957.891418
4190.0 4335.0 s -1778.967651
4335.0 4490.0 o -1453.915283
4490.0 4630.0 n -1528.783447
4630.0 4850.0 ssil -2328.455078
4850.0 4895.0 ssil -541.333679 IS
4895.0 5010.0 ic -1365.897705
5010.0 5090.0 s -1006.697510
5090.0 5250.0 ssil -2106.499512
5250.0 5355.0 ssil -1247.922729 GEKUST
5355.0 5395.0 x -559.803223
5395.0 5530.0 @ -1558.494263
5530.0 5550.0 k -324.171478
5550.0 5565.0 u -278.318024
5565.0 5665.0 s -1263.397461
5665.0 5725.0 t -765.217041
5725.0 6245.0 ssil -5901.399902
.
