#!MLF!#
"/net/aistaff/aki/_same-utterance/wav/03/Groningen_and_Drenthe/9623-1463764307-1834253.rec"
0.0 535.0 ssil -6308.935547 JEANNETTE
535.0 670.0 sc -1634.455078
670.0 710.0 @ -546.020264
710.0 790.0 n -954.153748
790.0 915.0 ec -1601.646851
915.0 965.0 t -763.213135
965.0 985.0 ssil -271.404938
985.0 1005.0 ssil -275.402496 LACHT
1005.0 1125.0 l -1501.130981
1125.0 1255.0 ac -1541.947266
1255.0 1425.0 x -2316.879639
1425.0 1515.0 t -1180.262695
1515.0 1550.0 ssil -464.950195
1550.0 1600.0 ssil -668.181885 NADAT
1600.0 1655.0 n -779.121033
1655.0 1775.0 a -1358.935303
1775.0 1810.0 d -495.363159
1810.0 1930.0 ac -1547.923462
1930.0 1945.0 t -224.228439
1945.0 1960.0 ssil -213.529648
1960.0 1975.0 ssil -224.716599 ZE
1975.0 2015.0 s -542.781250
2015.0 2040.0 @ -319.415283
2040.0 2055.0 ssil -208.857056
2055.0 2070.0 ssil -198.844833 DOOR
2070.0 2130.0 d -783.482727
2130.0 2305.0 o -1888.357422
2305.0 2320.0 ssil -195.667206
2320.0 2335.0 ssil -178.313995 EEN
2335.0 2360.0 n -304.454132
2360.0 2375.0 ssil -202.621506
2375.0 2390.0 ssil -194.076080 ONBEKENDE
2390.0 2505.0 oc -1319.112183
2505.0 2610.0 n -1405.996216
2610.0 2630.0 b -286.614136
2630.0 2790.0 @ -1976.137451
2790.0 2830.0 k -614.268005
2830.0 2935.0 ec -1395.895508
2935.0 3050.0 n -1572.809082
3050.0 3085.0 d -475.992645
3085.0 3130.0 @ -553.979248
3130.0 3145.0 ssil -209.286270
3145.0 3160.0 ssil -233.732178 PERSOON
3160.0 3175.0 p -228.469727
3175.0 3195.0 @ -264.458374
3195.0 3335.0 s -1821.117065
3335.0 3520.0 o -2116.521973
3520.0 3645.0 n -1561.246582
3645.0 3660.0 ssil -186.507675
3660.0 3675.0 ssil -228.580643 IS
3675.0 3750.0 ic -945.354553
3750.0 3815.0 s -862.288574
3815.0 3830.0 ssil -236.915298
3830.0 3845.0 ssil -210.707321 GEKUST
3845.0 3885.0 x -536.113647
3885.0 4015.0 @ -1672.019775
4015.0 4125.0 k -1515.040527
4125.0 4155.0 u -464.004059
4155.0 4340.0 s -2372.151855
4340.0 4460.0 t -1686.042358
4460.0 4575.0 ssil -1657.560913
.
