#!MLF!#
"/net/aistaff/aki/_same-utterance/wav/04/Oost_Overijsel-Gelderland/11791-1466163588-2331628.rec"
0.0 15.0 ssil -171.767059 KORT
15.0 30.0 k -219.441772
30.0 45.0 oc -188.610016
45.0 360.0 r -3481.632568
360.0 970.0 ssil -7458.605469
970.0 1045.0 ssil -1192.441406 NA
1045.0 1060.0 n -268.580048
1060.0 1195.0 a -1793.554077
1195.0 1210.0 ssil -219.636871
1210.0 1225.0 ssil -221.357635 HET
1225.0 1250.0 h -388.624420
1250.0 1425.0 ec -2258.551270
1425.0 1440.0 t -238.145401
1440.0 1460.0 ssil -291.445343
1460.0 1475.0 ssil -188.258057 WIELERFESTIJN
1475.0 1515.0 w -525.035889
1515.0 1585.0 i -921.825745
1585.0 1635.0 l -774.676453
1635.0 1685.0 @ -721.002625
1685.0 1725.0 r -574.412781
1725.0 1850.0 f -1710.322266
1850.0 1950.0 ec -1160.096313
1950.0 2050.0 s -1349.731323
2050.0 2095.0 t -676.095276
2095.0 2315.0 ei -2555.917480
2315.0 2420.0 n -1258.015503
2420.0 2455.0 ssil -482.012939
2455.0 2470.0 ssil -212.542496 VERBRUIKTE
2470.0 2515.0 f -602.616455
2515.0 2545.0 ec -448.579803
2545.0 2585.0 r -558.385254
2585.0 2620.0 b -552.653381
2620.0 2645.0 r -320.814636
2645.0 2820.0 ui -2302.604492
2820.0 2860.0 k -739.124207
2860.0 2890.0 t -480.386230
2890.0 2915.0 @ -348.551208
2915.0 2930.0 ssil -252.618546
2930.0 2975.0 ssil -624.101135 DRIES
2975.0 3025.0 d -792.041748
3025.0 3065.0 r -610.863037
3065.0 3225.0 i -1957.146729
3225.0 3430.0 s -2763.032715
3430.0 3475.0 ssil -547.429016
3475.0 3525.0 ssil -607.504639 DE
3525.0 3550.0 d -360.020111
3550.0 3645.0 @ -1123.862183
3645.0 3660.0 ssil -204.928162
3660.0 3675.0 ssil -201.421356 REST
3675.0 3690.0 r -202.011902
3690.0 3850.0 ec -1932.166260
3850.0 3955.0 s -1529.747314
3955.0 4095.0 t -1939.735596
4095.0 4120.0 ssil -409.336060
4120.0 4145.0 ssil -351.871368 VAN
4145.0 4210.0 f -857.703979
4210.0 4275.0 ac -792.882812
4275.0 4310.0 n -455.142273
4310.0 4325.0 ssil -204.980194
4325.0 4340.0 ssil -210.544891 DE
4340.0 4355.0 d -197.587296
4355.0 4415.0 @ -696.500732
4415.0 4430.0 ssil -211.179733
4430.0 4445.0 ssil -221.442749 DEODORANT
4445.0 4490.0 d -672.418396
4490.0 4615.0 e -1439.780273
4615.0 4710.0 o -1197.208252
4710.0 4745.0 d -470.977966
4745.0 4785.0 oc -514.932800
4785.0 4830.0 r -625.619995
4830.0 4975.0 ac -1667.589600
4975.0 5045.0 n -916.753174
5045.0 5060.0 ssil -258.687195
.
