#!MLF!#
"/net/aistaff/aki/_same-utterance/wav/04/Oost_Overijsel-Gelderland/14656-1464341353-2016800.rec"
0.0 15.0 ssil -158.330963 KORT
15.0 30.0 k -205.283875
30.0 45.0 oc -175.097122
45.0 60.0 r -161.024704
60.0 75.0 ssil -158.330963
75.0 90.0 ssil -158.330963 NA
90.0 680.0 n -5938.570801
680.0 790.0 a -1405.148193
790.0 825.0 ssil -530.223755
825.0 910.0 ssil -1198.753418 HET
910.0 925.0 h -256.659302
925.0 1115.0 ec -2264.537109
1115.0 1130.0 t -269.072998
1130.0 1165.0 ssil -571.521606
1165.0 1180.0 ssil -226.793747 WIELERFESTIJN
1180.0 1210.0 w -431.218048
1210.0 1295.0 i -1007.331726
1295.0 1315.0 l -284.272736
1315.0 1330.0 @ -223.625137
1330.0 1390.0 r -903.330200
1390.0 1420.0 f -435.465302
1420.0 1485.0 ec -940.921021
1485.0 1625.0 s -1749.021484
1625.0 1655.0 t -464.608490
1655.0 1880.0 ei -2554.439697
1880.0 1935.0 n -750.062988
1935.0 2015.0 ssil -1064.493164
2015.0 2270.0 ssil -3050.663086 VERBRUIKTE
2270.0 2345.0 f -974.737427
2345.0 2400.0 ec -727.729553
2400.0 2415.0 r -213.420959
2415.0 2450.0 b -482.182678
2450.0 2495.0 r -573.387756
2495.0 2635.0 ui -1696.594482
2635.0 2650.0 k -221.027115
2650.0 2725.0 t -1085.751099
2725.0 2740.0 @ -239.578949
2740.0 2755.0 ssil -239.505600
2755.0 2770.0 ssil -220.739883 DRIES
2770.0 2815.0 d -650.639771
2815.0 2890.0 r -1153.039795
2890.0 2945.0 i -743.123657
2945.0 3015.0 s -936.257629
3015.0 3030.0 ssil -226.401581
3030.0 3045.0 ssil -224.990555 DE
3045.0 3070.0 d -374.143982
3070.0 3120.0 @ -750.112366
3120.0 3135.0 ssil -229.122879
3135.0 3150.0 ssil -228.099411 REST
3150.0 3165.0 r -208.231949
3165.0 3235.0 ec -896.264709
3235.0 3350.0 s -1426.465698
3350.0 3365.0 ssil -220.911774
3365.0 3380.0 ssil -218.129089 VAN
3380.0 3400.0 v -295.089996
3400.0 3465.0 ac -810.945068
3465.0 3505.0 n -477.094360
3505.0 3520.0 ssil -218.298569
3520.0 3535.0 ssil -214.781387 DE
3535.0 3550.0 d -221.522064
3550.0 3570.0 ssil -282.605164
3570.0 3585.0 ssil -201.626633 DEODORANT
3585.0 3635.0 d -703.560669
3635.0 3715.0 e -894.084656
3715.0 3805.0 o -1104.111938
3805.0 3840.0 d -546.559570
3840.0 3855.0 oc -226.196442
3855.0 3925.0 r -932.856750
3925.0 4050.0 ac -1421.062866
4050.0 4105.0 n -771.878540
4105.0 4255.0 t -1957.772095
4255.0 4575.0 ssil -4200.481445
.
