#!MLF!#
"/net/aistaff/aki/_same-utterance/wav/04/Oost_Overijsel-Gelderland/14949-1464440245-2089991.rec"
0.0 710.0 ssil -8089.726562 KORT
710.0 770.0 k -838.923096
770.0 870.0 oc -1448.678833
870.0 1020.0 r -2257.815918
1020.0 1135.0 t -1415.466919
1135.0 1150.0 ssil -208.353043
1150.0 1175.0 ssil -344.880981 NA
1175.0 1250.0 n -971.157898
1250.0 1455.0 a -2343.438965
1455.0 1470.0 ssil -208.412445
1470.0 1485.0 ssil -209.778519 HET
1485.0 1500.0 h -184.214020
1500.0 1520.0 ec -257.174103
1520.0 1535.0 t -234.689133
1535.0 1550.0 ssil -204.648773
1550.0 1565.0 ssil -192.256241 WIELERFESTIJN
1565.0 1590.0 w -387.851624
1590.0 1725.0 i -1694.836914
1725.0 1750.0 l -376.306641
1750.0 1815.0 @ -799.984253
1815.0 1830.0 r -186.582474
1830.0 1890.0 f -803.912903
1890.0 1960.0 ec -915.082764
1960.0 2075.0 s -1468.203369
2075.0 2145.0 t -897.531860
2145.0 2340.0 ei -2610.864014
2340.0 2550.0 n -2655.109131
2550.0 2575.0 ssil -357.761230
2575.0 2870.0 ssil -3285.118164 VERBRUIKTE
2870.0 2970.0 f -1281.152466
2970.0 3005.0 ec -419.449280
3005.0 3055.0 r -628.539551
3055.0 3070.0 b -205.743561
3070.0 3160.0 r -1304.670898
3160.0 3350.0 ui -2445.946045
3350.0 3370.0 k -323.399475
3370.0 3415.0 t -649.628357
3415.0 3440.0 @ -336.692749
3440.0 3455.0 ssil -237.201385
3455.0 3470.0 ssil -205.924500 DRIES
3470.0 3570.0 d -1255.520142
3570.0 3585.0 r -189.989075
3585.0 3765.0 i -2247.276611
3765.0 3860.0 s -1341.892944
3860.0 3875.0 ssil -207.743164
3875.0 3900.0 ssil -318.164154 DE
3900.0 3945.0 d -588.179138
3945.0 4025.0 @ -995.444580
4025.0 4040.0 ssil -234.498398
4040.0 4055.0 ssil -220.707886 REST
4055.0 4105.0 r -650.919067
4105.0 4210.0 ec -1500.983765
4210.0 4375.0 s -2144.205566
4375.0 4460.0 t -1111.685791
4460.0 4480.0 ssil -253.056488
4480.0 4515.0 ssil -438.911041 VAN
4515.0 4635.0 f -1391.367065
4635.0 4730.0 ac -1266.140381
4730.0 4785.0 n -649.236145
4785.0 4800.0 ssil -197.992020
4800.0 4815.0 ssil -220.036438 DE
4815.0 4830.0 d -238.843445
4830.0 4905.0 @ -847.017029
4905.0 4920.0 ssil -193.923447
4920.0 4935.0 ssil -194.687988 DEODORANT
4935.0 5000.0 d -858.571899
5000.0 5160.0 e -1802.050537
5160.0 5175.0 o -202.820511
5175.0 5305.0 d -1732.120361
5305.0 5320.0 oc -195.845917
5320.0 5420.0 r -1183.902588
5420.0 5575.0 ac -1957.380249
5575.0 5630.0 n -667.189575
5630.0 5800.0 t -2001.665894
5800.0 6270.0 ssil -5241.105469
.
