#!MLF!#
"/net/aistaff/aki/_same-utterance/wav/04/Oost_Overijsel-Gelderland/16505-1464544283-2128907.rec"
0.0 15.0 ssil -142.116821 KORT
15.0 30.0 k -191.668228
30.0 45.0 oc -172.446014
45.0 60.0 r -149.665878
60.0 75.0 ssil -142.116821
75.0 90.0 ssil -142.116821 NA
90.0 105.0 n -147.535583
105.0 615.0 a -3489.170898
615.0 1650.0 ssil -12524.375000
1650.0 1780.0 ssil -1927.412598 HET
1780.0 1935.0 h -1731.059570
1935.0 2015.0 ec -987.825562
2015.0 2030.0 t -242.546585
2030.0 2045.0 ssil -211.614777
2045.0 2060.0 ssil -196.418503 WIELERFESTIJN
2060.0 2155.0 w -1072.338989
2155.0 2210.0 i -696.579651
2210.0 2260.0 l -664.104248
2260.0 2315.0 @ -753.366089
2315.0 2390.0 r -967.158203
2390.0 2450.0 f -750.590637
2450.0 2510.0 ec -774.029968
2510.0 2640.0 s -1603.158813
2640.0 2680.0 t -581.448608
2680.0 2840.0 ei -1581.768188
2840.0 2995.0 n -2000.904297
2995.0 3045.0 ssil -621.787170
3045.0 3085.0 ssil -504.450928 VERBRUIKTE
3085.0 3115.0 v -374.928864
3115.0 3140.0 ec -289.592102
3140.0 3225.0 r -1020.177856
3225.0 3250.0 b -312.429657
3250.0 3430.0 r -2343.588135
3430.0 3445.0 ui -208.773422
3445.0 3460.0 k -234.307022
3460.0 3500.0 t -590.005737
3500.0 3515.0 @ -194.000671
3515.0 3530.0 ssil -166.538467
3530.0 3555.0 ssil -329.044495 DRIES
3555.0 3605.0 d -690.383911
3605.0 3640.0 r -450.517578
3640.0 3735.0 i -1262.904297
3735.0 3810.0 s -1060.649658
3810.0 3825.0 ssil -197.087189
3825.0 3840.0 ssil -193.723907 DE
3840.0 3870.0 d -425.027863
3870.0 3915.0 @ -506.189178
3915.0 3930.0 ssil -185.706650
3930.0 3945.0 ssil -178.411575 REST
3945.0 3960.0 r -199.735062
3960.0 4070.0 ec -1366.279907
4070.0 4140.0 s -906.259460
4140.0 4155.0 ssil -222.977982
4155.0 4170.0 ssil -199.773438 VAN
4170.0 4190.0 v -284.858521
4190.0 4245.0 ac -596.114868
4245.0 4260.0 n -245.005051
4260.0 4280.0 ssil -306.904022
4280.0 4300.0 ssil -283.024841 DE
4300.0 4315.0 d -251.581116
4315.0 4340.0 ssil -404.617767
4340.0 4375.0 ssil -491.476990 DEODORANT
4375.0 4460.0 d -1030.106689
4460.0 4545.0 e -845.583435
4545.0 4620.0 o -853.768250
4620.0 4640.0 d -293.794586
4640.0 4680.0 oc -458.334320
4680.0 4715.0 r -460.471375
4715.0 4845.0 ac -1486.580200
4845.0 4915.0 n -802.334839
4915.0 5130.0 ssil -2749.918457
.
