#!MLF!#
"/net/aistaff/aki/_same-utterance/wav/04/Oost_Overijsel-Gelderland/2625-1452285330-872242.rec"
0.0 15.0 ssil -175.386749 KORT
15.0 30.0 k -223.149414
30.0 45.0 oc -184.066360
45.0 365.0 r -3094.162354
365.0 1335.0 ssil -12799.114258
1335.0 1670.0 ssil -4640.238770 NA
1670.0 1760.0 n -1154.431885
1760.0 1930.0 a -2038.964844
1930.0 1945.0 ssil -206.175827
1945.0 1960.0 ssil -177.823273 HET
1960.0 2015.0 h -722.789062
2015.0 2210.0 ec -2433.350586
2210.0 2235.0 t -352.617676
2235.0 2305.0 ssil -870.092590
2305.0 2325.0 ssil -270.952789 WIELERFESTIJN
2325.0 2340.0 w -190.259644
2340.0 2370.0 i -370.292511
2370.0 2465.0 l -1169.690552
2465.0 2495.0 @ -387.991302
2495.0 2510.0 r -182.450516
2510.0 2585.0 f -971.422607
2585.0 2675.0 ec -1100.555786
2675.0 2785.0 s -1294.789917
2785.0 2840.0 t -737.129456
2840.0 3040.0 ei -2427.856201
3040.0 3255.0 n -2417.207520
3255.0 3285.0 ssil -357.089203
3285.0 3535.0 ssil -2984.814697 VERBRUIKTE
3535.0 3620.0 f -1178.684692
3620.0 3640.0 ec -241.493759
3640.0 3660.0 r -243.826431
3660.0 3760.0 b -1226.689819
3760.0 3985.0 r -2832.260742
3985.0 4010.0 ui -363.023102
4010.0 4025.0 k -241.767181
4025.0 4055.0 t -409.052704
4055.0 4130.0 @ -863.761658
4130.0 4145.0 ssil -192.070526
4145.0 4160.0 ssil -188.130539 DRIES
4160.0 4245.0 d -1210.706055
4245.0 4295.0 r -596.594482
4295.0 4495.0 i -2351.522949
4495.0 4745.0 s -2925.372314
4745.0 5100.0 ssil -4011.873779
5100.0 5125.0 ssil -387.169647 DE
5125.0 5165.0 d -580.912109
5165.0 5200.0 @ -416.310730
5200.0 5215.0 ssil -205.659103
5215.0 5230.0 ssil -197.329117 REST
5230.0 5305.0 r -851.131592
5305.0 5395.0 ec -1074.153809
5395.0 5495.0 s -1240.369629
5495.0 5510.0 ssil -187.689163
5510.0 5525.0 ssil -176.190613 VAN
5525.0 5640.0 f -1323.296021
5640.0 5700.0 ac -737.819824
5700.0 5755.0 n -692.104248
5755.0 5770.0 ssil -203.688858
5770.0 5785.0 ssil -217.422577 DE
5785.0 5800.0 d -211.724899
5800.0 5895.0 @ -1021.839722
5895.0 5910.0 ssil -198.445602
5910.0 5925.0 ssil -218.658173 DEODORANT
5925.0 5965.0 d -547.696960
5965.0 6120.0 e -1412.301025
6120.0 6335.0 o -2243.899414
6335.0 6370.0 d -480.616821
6370.0 6490.0 oc -1272.120361
6490.0 6510.0 r -269.037384
6510.0 6685.0 ac -2137.480225
6685.0 6700.0 n -195.679932
6700.0 6840.0 t -1767.524902
6840.0 8010.0 ssil -14416.185547
.
