#!MLF!#
"/net/aistaff/aki/_same-utterance/wav/04/Oost_Overijsel-Gelderland/4373-1450275722-698435.rec"
0.0 830.0 ssil -10006.641602 KORT
830.0 890.0 k -928.670959
890.0 945.0 oc -755.170105
945.0 1035.0 r -1246.572266
1035.0 1050.0 ssil -216.771240
1050.0 1065.0 ssil -222.593826 NA
1065.0 1130.0 n -826.900940
1130.0 1325.0 a -2254.697998
1325.0 1340.0 ssil -218.493073
1340.0 1355.0 ssil -218.111511 HET
1355.0 1370.0 h -178.293594
1370.0 1415.0 ec -576.946533
1415.0 1470.0 t -748.604858
1470.0 1490.0 ssil -268.669159
1490.0 1505.0 ssil -196.930145 WIELERFESTIJN
1505.0 1525.0 w -245.349533
1525.0 1640.0 i -1379.236206
1640.0 1660.0 l -258.949005
1660.0 1715.0 @ -666.540283
1715.0 1735.0 r -260.530579
1735.0 1840.0 f -1409.496582
1840.0 1895.0 ec -744.673096
1895.0 2005.0 s -1464.877319
2005.0 2050.0 t -620.827576
2050.0 2230.0 ei -2288.870850
2230.0 2410.0 n -2083.010498
2410.0 2425.0 ssil -200.658768
2425.0 2440.0 ssil -195.876266 VERBRUIKTE
2440.0 2540.0 f -1246.272949
2540.0 2555.0 ec -195.995255
2555.0 2580.0 r -319.070526
2580.0 2645.0 b -832.930542
2645.0 2715.0 r -964.815308
2715.0 2835.0 ui -1518.940308
2835.0 2850.0 k -216.238052
2850.0 2880.0 t -456.842712
2880.0 2895.0 @ -237.165756
2895.0 2920.0 ssil -351.508148
2920.0 2950.0 ssil -391.940063 DRIES
2950.0 3055.0 d -1455.687500
3055.0 3110.0 r -785.186035
3110.0 3275.0 i -2012.606079
3275.0 3425.0 s -1972.596558
3425.0 3515.0 ssil -1112.390137
3515.0 3560.0 ssil -632.884827 DE
3560.0 3590.0 d -452.134857
3590.0 3605.0 ssil -200.811310
3605.0 3620.0 ssil -192.126434 REST
3620.0 3665.0 r -524.982544
3665.0 3780.0 ec -1291.443848
3780.0 3885.0 s -1352.657104
3885.0 3915.0 t -392.596008
3915.0 3930.0 ssil -226.063553
3930.0 3945.0 ssil -203.811646 VAN
3945.0 3985.0 f -534.358826
3985.0 4020.0 ac -404.666260
4020.0 4045.0 n -299.486328
4045.0 4060.0 ssil -203.413300
4060.0 4075.0 ssil -227.354736 DE
4075.0 4090.0 d -198.165588
4090.0 4145.0 @ -570.982117
4145.0 4160.0 ssil -209.701492
4160.0 4175.0 ssil -227.118607 DEODORANT
4175.0 4215.0 d -570.863892
4215.0 4355.0 e -1482.071899
4355.0 4390.0 o -458.850830
4390.0 4455.0 d -994.003113
4455.0 4470.0 oc -193.012054
4470.0 4595.0 r -1475.848389
4595.0 4715.0 ac -1618.178467
4715.0 4800.0 n -987.240784
4800.0 4885.0 t -1152.750854
4885.0 5435.0 ssil -6564.803223
.
