#!MLF!#
"/net/aistaff/aki/_same-utterance/wav/04/Oost_Overijsel-Gelderland/5598-1454103222-1124552.rec"
0.0 1255.0 ssil -14084.873047 KORT
1255.0 1310.0 k -791.555237
1310.0 1405.0 oc -1223.400757
1405.0 1450.0 r -590.212891
1450.0 1490.0 ssil -570.625427
1490.0 1535.0 ssil -648.585999 NA
1535.0 1600.0 n -784.500977
1600.0 1715.0 a -1034.468872
1715.0 1730.0 ssil -184.780350
1730.0 1745.0 ssil -187.873306 HET
1745.0 1785.0 h -413.620514
1785.0 1820.0 ec -394.466309
1820.0 1835.0 t -218.790588
1835.0 1850.0 ssil -203.339478
1850.0 1865.0 ssil -211.117584 WIELERFESTIJN
1865.0 1920.0 w -663.106140
1920.0 2005.0 i -983.946167
2005.0 2030.0 l -334.622681
2030.0 2140.0 @ -1304.768188
2140.0 2155.0 r -197.783020
2155.0 2170.0 f -208.188766
2170.0 2235.0 ec -880.976135
2235.0 2345.0 s -1388.304810
2345.0 2405.0 t -838.378662
2405.0 2565.0 ei -1488.449341
2565.0 2630.0 n -701.660706
2630.0 2645.0 ssil -177.861832
2645.0 2720.0 ssil -880.966370 VERBRUIKTE
2720.0 2745.0 v -327.269806
2745.0 2760.0 ec -207.454086
2760.0 2775.0 r -185.885376
2775.0 2860.0 b -1043.507935
2860.0 2920.0 r -748.112427
2920.0 3085.0 ui -1998.445190
3085.0 3100.0 k -209.834747
3100.0 3135.0 t -467.127930
3135.0 3190.0 @ -627.300781
3190.0 3210.0 ssil -238.929398
3210.0 3250.0 ssil -556.130371 DRIES
3250.0 3280.0 d -425.714447
3280.0 3330.0 r -687.599792
3330.0 3525.0 i -2491.154053
3525.0 3580.0 s -776.542480
3580.0 3610.0 ssil -403.304901
3610.0 3625.0 ssil -204.686951 DE
3625.0 3650.0 d -323.967285
3650.0 3710.0 @ -681.550049
3710.0 3725.0 ssil -194.751923
3725.0 3740.0 ssil -201.986572 REST
3740.0 3760.0 r -274.429291
3760.0 3855.0 ec -1067.852661
3855.0 3960.0 s -1308.020874
3960.0 4010.0 ssil -623.036072
4010.0 4055.0 ssil -481.764893 VAN
4055.0 4090.0 v -421.909393
4090.0 4165.0 ac -727.002502
4165.0 4200.0 n -361.641113
4200.0 4215.0 ssil -175.926361
4215.0 4230.0 ssil -192.892517 DE
4230.0 4250.0 d -274.394836
4250.0 4275.0 @ -310.954681
4275.0 4290.0 ssil -208.974701
4290.0 4305.0 ssil -214.977753 DEODORANT
4305.0 4325.0 d -271.554047
4325.0 4480.0 e -1607.532959
4480.0 4510.0 o -378.287567
4510.0 4540.0 d -416.171448
4540.0 4555.0 oc -204.889206
4555.0 4635.0 r -858.401733
4635.0 4755.0 ac -1305.073608
4755.0 4840.0 n -924.035950
4840.0 4865.0 t -351.283417
4865.0 5665.0 ssil -9238.572266
.
