#!MLF!#
"/net/aistaff/aki/_same-utterance/wav/04/Oost_Overijsel-Gelderland/6308-1454423897-1244382.rec"
0.0 990.0 ssil -12104.688477 KORT
990.0 1060.0 k -1009.093140
1060.0 1095.0 oc -476.779816
1095.0 1265.0 r -2098.094971
1265.0 1340.0 t -1048.695923
1340.0 1355.0 ssil -204.869324
1355.0 1395.0 ssil -527.787598 NA
1395.0 1465.0 n -964.246338
1465.0 1545.0 a -814.956848
1545.0 1560.0 ssil -198.523727
1560.0 1575.0 ssil -208.313080 HET
1575.0 1650.0 h -912.744141
1650.0 1700.0 ec -644.196350
1700.0 1715.0 t -246.563232
1715.0 1730.0 ssil -219.111984
1730.0 1760.0 ssil -405.259003 WIELERFESTIJN
1760.0 1810.0 w -693.237976
1810.0 1890.0 i -1091.198242
1890.0 1940.0 l -682.130615
1940.0 1990.0 @ -679.537720
1990.0 2015.0 r -344.465271
2015.0 2105.0 f -1069.126709
2105.0 2195.0 ec -1096.588867
2195.0 2345.0 s -2097.393555
2345.0 2395.0 t -726.695312
2395.0 2515.0 ei -1311.303833
2515.0 2585.0 n -813.703369
2585.0 2600.0 ssil -192.258362
2600.0 2615.0 ssil -194.134308 VERBRUIKTE
2615.0 2675.0 f -753.656433
2675.0 2690.0 ec -237.727371
2690.0 2705.0 r -215.891312
2705.0 2780.0 b -906.125122
2780.0 2830.0 r -743.879822
2830.0 2955.0 ui -1458.837891
2955.0 2990.0 k -518.475403
2990.0 3060.0 t -977.833496
3060.0 3085.0 @ -357.681915
3085.0 3100.0 ssil -242.757584
3100.0 3115.0 ssil -206.070206 DRIES
3115.0 3220.0 d -1337.917114
3220.0 3260.0 r -561.152649
3260.0 3425.0 i -2346.460449
3425.0 3545.0 s -1632.431519
3545.0 3560.0 ssil -206.491119
3560.0 3600.0 ssil -681.078491 DE
3600.0 3625.0 d -398.348511
3625.0 3710.0 @ -1057.940918
3710.0 3725.0 ssil -234.873215
3725.0 3755.0 ssil -457.027008 REST
3755.0 3770.0 r -223.771347
3770.0 3880.0 ec -1296.472778
3880.0 3895.0 s -223.184357
3895.0 4055.0 t -2221.348389
4055.0 4070.0 ssil -214.256531
4070.0 4105.0 ssil -446.851776 VAN
4105.0 4140.0 v -470.241974
4140.0 4225.0 ac -1086.563110
4225.0 4275.0 n -618.676208
4275.0 4290.0 ssil -197.650070
4290.0 4305.0 ssil -214.334915 DE
4305.0 4330.0 d -379.924866
4330.0 4385.0 @ -698.011475
4385.0 4400.0 ssil -209.810760
4400.0 4415.0 ssil -191.731354 DEODORANT
4415.0 4490.0 d -1038.635010
4490.0 4650.0 e -1724.907104
4650.0 4715.0 o -831.403198
4715.0 4775.0 d -851.948975
4775.0 4790.0 oc -241.431412
4790.0 4920.0 r -1816.381714
4920.0 5030.0 ac -1346.197266
5030.0 5160.0 n -1542.307129
5160.0 5230.0 t -1058.634277
5230.0 5760.0 ssil -6336.485352
.
