#!MLF!#
"/net/aistaff/aki/_same-utterance/wav/04/Oost_Overijsel-Gelderland/6545-1454276636-1202655.rec"
0.0 940.0 ssil -11306.131836 KORT
940.0 1005.0 k -934.949219
1005.0 1050.0 oc -676.144653
1050.0 1235.0 r -2647.346680
1235.0 1290.0 t -778.288391
1290.0 1310.0 ssil -315.658569
1310.0 1325.0 ssil -229.397919 NA
1325.0 1385.0 n -665.894409
1385.0 1590.0 a -1947.333740
1590.0 1605.0 ssil -217.562958
1605.0 1620.0 ssil -201.926971 HET
1620.0 1635.0 h -198.994232
1635.0 1650.0 ec -208.012741
1650.0 1665.0 t -207.703964
1665.0 1680.0 ssil -191.112411
1680.0 1695.0 ssil -191.772720 WIELERFESTIJN
1695.0 1770.0 w -937.498474
1770.0 1810.0 i -598.282593
1810.0 1830.0 l -271.304474
1830.0 1890.0 @ -729.588928
1890.0 1915.0 r -336.790802
1915.0 2020.0 f -1278.966064
2020.0 2055.0 ec -457.754395
2055.0 2185.0 s -1597.601929
2185.0 2230.0 t -640.426147
2230.0 2380.0 ei -1604.923706
2380.0 2435.0 n -698.552307
2435.0 2450.0 ssil -200.365982
2450.0 2490.0 ssil -582.910034 VERBRUIKTE
2490.0 2545.0 f -678.674316
2545.0 2560.0 ec -216.948181
2560.0 2575.0 r -181.264114
2575.0 2650.0 b -912.193726
2650.0 2835.0 r -2359.945801
2835.0 2895.0 ui -779.301270
2895.0 2910.0 k -228.510452
2910.0 2955.0 t -609.572937
2955.0 2970.0 @ -196.455521
2970.0 3015.0 ssil -543.237122
3015.0 3055.0 ssil -437.241119 DRIES
3055.0 3100.0 d -601.439575
3100.0 3160.0 r -827.201538
3160.0 3330.0 i -2056.591797
3330.0 3385.0 s -730.371765
3385.0 3405.0 ssil -271.959259
3405.0 3440.0 ssil -463.848145 DE
3440.0 3480.0 d -498.373108
3480.0 3495.0 ssil -188.519974
3495.0 3510.0 ssil -193.060852 REST
3510.0 3600.0 r -1137.190430
3600.0 3705.0 ec -1265.533813
3705.0 3850.0 s -1796.846069
3850.0 3940.0 t -1100.193481
3940.0 4045.0 ssil -1343.531494
4045.0 4085.0 ssil -554.186584 VAN
4085.0 4130.0 f -531.667358
4130.0 4200.0 ac -790.192810
4200.0 4230.0 n -332.147522
4230.0 4245.0 ssil -193.880249
4245.0 4260.0 ssil -210.649567 DE
4260.0 4280.0 d -269.813171
4280.0 4340.0 @ -789.264771
4340.0 4355.0 ssil -167.153046
4355.0 4375.0 ssil -249.503876 DEODORANT
4375.0 4410.0 d -486.121521
4410.0 4560.0 e -1653.720215
4560.0 4695.0 o -1668.194458
4695.0 4730.0 d -506.762115
4730.0 4745.0 oc -206.059158
4745.0 4920.0 r -2027.252808
4920.0 5035.0 ac -1261.992188
5035.0 5145.0 n -1232.137939
5145.0 5455.0 t -3833.785156
5455.0 6035.0 ssil -7141.885742
.
