#!MLF!#
"/net/aistaff/aki/_same-utterance/wav/04/Oost_Overijsel-Gelderland/6796-1454361950-1232503.rec"
0.0 785.0 ssil -10129.835938 KORT
785.0 840.0 k -791.681458
840.0 890.0 oc -719.257446
890.0 1055.0 r -2620.465332
1055.0 1090.0 ssil -474.738007
1090.0 1165.0 ssil -1070.381104 NA
1165.0 1195.0 n -430.852570
1195.0 1290.0 a -1075.694946
1290.0 1305.0 ssil -203.976501
1305.0 1320.0 ssil -192.870621 HET
1320.0 1335.0 h -157.561340
1335.0 1350.0 ec -170.239960
1350.0 1365.0 t -233.177216
1365.0 1380.0 ssil -203.276169
1380.0 1395.0 ssil -183.968903 WIELERFESTIJN
1395.0 1490.0 w -1121.681885
1490.0 1545.0 i -705.382080
1545.0 1600.0 l -709.921082
1600.0 1640.0 @ -591.908386
1640.0 1670.0 r -430.171021
1670.0 1735.0 f -854.303650
1735.0 1750.0 ec -262.703918
1750.0 1845.0 s -1217.584595
1845.0 1890.0 t -627.303650
1890.0 2040.0 ei -1821.574219
2040.0 2145.0 n -1219.541504
2145.0 2270.0 ssil -1372.173706
2270.0 2355.0 ssil -990.163025 VERBRUIKTE
2355.0 2420.0 f -843.549500
2420.0 2440.0 ec -246.912766
2440.0 2460.0 r -258.781219
2460.0 2530.0 b -955.613037
2530.0 2595.0 r -824.235107
2595.0 2705.0 ui -1427.283081
2705.0 2750.0 k -723.423157
2750.0 2800.0 t -744.288025
2800.0 2815.0 @ -246.846634
2815.0 2830.0 ssil -257.574066
2830.0 2845.0 ssil -214.862488 DRIES
2845.0 2915.0 d -987.490051
2915.0 2980.0 r -904.152588
2980.0 3095.0 i -1463.426636
3095.0 3255.0 s -2281.076172
3255.0 3270.0 ssil -221.410507
3270.0 3285.0 ssil -201.678497 DE
3285.0 3350.0 d -827.236511
3350.0 3410.0 @ -737.793030
3410.0 3425.0 ssil -201.764481
3425.0 3440.0 ssil -194.197784 REST
3440.0 3465.0 r -336.127838
3465.0 3570.0 ec -1244.801147
3570.0 3675.0 s -1386.440308
3675.0 3760.0 t -1121.364258
3760.0 3785.0 ssil -305.509277
3785.0 3810.0 ssil -298.452942 VAN
3810.0 3845.0 f -446.687805
3845.0 3875.0 ac -382.566803
3875.0 3905.0 n -391.164551
3905.0 3930.0 ssil -408.051453
3930.0 3950.0 ssil -293.827423 DE
3950.0 3965.0 d -211.520248
3965.0 3990.0 ssil -344.894592
3990.0 4010.0 ssil -288.219299 DEODORANT
4010.0 4050.0 d -611.511353
4050.0 4160.0 e -1511.937134
4160.0 4250.0 o -1215.991333
4250.0 4280.0 d -426.266541
4280.0 4305.0 oc -364.869415
4305.0 4355.0 r -710.812195
4355.0 4505.0 ac -1902.844727
4505.0 4555.0 n -628.181335
4555.0 4610.0 t -755.222046
4610.0 5180.0 ssil -6842.408203
.
