#!MLF!#
"/net/aistaff/aki/_same-utterance/wav/04/Oost_Overijsel-Gelderland/8804-1457968317-1649361.rec"
0.0 170.0 ssil -1681.719971 KORT
170.0 205.0 k -547.531189
205.0 220.0 oc -241.477005
220.0 235.0 r -204.564041
235.0 905.0 ssil -8156.600098
905.0 970.0 ssil -1136.900513 NA
970.0 1075.0 n -1375.016846
1075.0 1105.0 a -342.706177
1105.0 1120.0 ssil -191.293304
1120.0 1135.0 ssil -180.638138 HET
1135.0 1155.0 h -205.785248
1155.0 1240.0 ec -985.376038
1240.0 1310.0 t -978.302795
1310.0 1325.0 ssil -204.386124
1325.0 1340.0 ssil -217.801849 WIELERFESTIJN
1340.0 1360.0 w -271.761261
1360.0 1445.0 i -1074.410889
1445.0 1485.0 l -586.075684
1485.0 1500.0 @ -218.005325
1500.0 1575.0 r -1024.183228
1575.0 1660.0 f -1130.572144
1660.0 1720.0 ec -852.415710
1720.0 1830.0 s -1424.479492
1830.0 1885.0 t -761.700867
1885.0 2040.0 ei -1626.291870
2040.0 2145.0 n -1274.369263
2145.0 2410.0 ssil -3038.858887
2410.0 2520.0 ssil -1290.923828 VERBRUIKTE
2520.0 2625.0 f -1337.849609
2625.0 2660.0 ec -429.275146
2660.0 2675.0 r -202.522507
2675.0 2745.0 b -949.933655
2745.0 2820.0 r -1030.104736
2820.0 2930.0 ui -1240.645020
2930.0 2985.0 k -837.366882
2985.0 3050.0 t -970.956360
3050.0 3070.0 @ -299.232727
3070.0 3125.0 ssil -717.567566
3125.0 3215.0 ssil -1315.363647 DRIES
3215.0 3260.0 d -691.595154
3260.0 3295.0 r -474.026733
3295.0 3405.0 i -1485.760986
3405.0 3535.0 s -1623.490112
3535.0 3550.0 ssil -201.874390
3550.0 3570.0 ssil -272.723267 DE
3570.0 3605.0 d -471.822998
3605.0 3700.0 @ -1185.470947
3700.0 3715.0 ssil -206.534729
3715.0 3760.0 ssil -647.461121 REST
3760.0 3775.0 r -204.923553
3775.0 3850.0 ec -833.486206
3850.0 3955.0 s -1316.781372
3955.0 3995.0 t -554.385681
3995.0 4010.0 ssil -189.228714
4010.0 4025.0 ssil -187.847183 VAN
4025.0 4100.0 f -909.025330
4100.0 4145.0 ac -564.417603
4145.0 4215.0 n -827.287476
4215.0 4230.0 ssil -219.135651
4230.0 4245.0 ssil -202.860641 DE
4245.0 4270.0 d -329.087067
4270.0 4290.0 @ -269.510986
4290.0 4305.0 ssil -200.854706
4305.0 4320.0 ssil -192.418030 DEODORANT
4320.0 4385.0 d -982.331055
4385.0 4530.0 e -1705.487183
4530.0 4545.0 o -205.093246
4545.0 4560.0 d -197.384949
4560.0 4575.0 oc -218.939331
4575.0 4750.0 r -2758.967041
4750.0 4875.0 ac -1571.724243
4875.0 4950.0 n -912.032837
4950.0 4975.0 t -355.418427
4975.0 5130.0 ssil -1951.569336
.
