#!MLF!#
"/net/aistaff/aki/_same-utterance/wav/05/Oost_Overijsel-Gelderland/10335-1464334727-2010775.rec"
0.0 15.0 ssil -139.095078 NA
15.0 30.0 n -144.879990
30.0 330.0 a -2388.579590
330.0 720.0 ssil -4463.940430
720.0 965.0 ssil -2860.205078 DE
965.0 980.0 d -233.242294
980.0 1260.0 @ -3705.977539
1260.0 1400.0 ssil -1959.038818
1400.0 1420.0 ssil -276.436279 TOCHT
1420.0 1450.0 t -442.530914
1450.0 1520.0 oc -938.914490
1520.0 1615.0 x -1345.432251
1615.0 1655.0 t -595.557922
1655.0 1690.0 ssil -495.408417
1690.0 1710.0 ssil -331.013367 IN
1710.0 1745.0 ic -504.200317
1745.0 1805.0 n -702.798218
1805.0 1820.0 ssil -233.595963
1820.0 1835.0 ssil -217.088684 DE
1835.0 1850.0 d -186.854309
1850.0 1905.0 @ -651.338623
1905.0 1925.0 ssil -285.952301
1925.0 1945.0 ssil -286.894287 REGEN
1945.0 2000.0 r -717.417969
2000.0 2170.0 e -2337.566162
2170.0 2185.0 gc -233.185104
2185.0 2285.0 @ -1345.351074
2285.0 2525.0 n -3108.290039
2525.0 2570.0 ssil -676.547302
2570.0 2630.0 ssil -826.572754 VAART
2630.0 2690.0 v -825.378784
2690.0 2795.0 a -1398.300049
2795.0 2820.0 r -358.740234
2820.0 2835.0 ssil -214.564957
2835.0 2865.0 ssil -443.093597 DE
2865.0 2880.0 d -202.782669
2880.0 2900.0 ssil -267.756531
2900.0 2925.0 ssil -333.990540 KAPITEIN
2925.0 2980.0 k -765.327026
2980.0 3075.0 ac -1143.540894
3075.0 3110.0 p -505.538269
3110.0 3185.0 @ -980.083740
3185.0 3245.0 t -841.878540
3245.0 3350.0 ei -1152.992432
3350.0 3435.0 n -900.691711
3435.0 3450.0 ssil -185.872559
3450.0 3465.0 ssil -217.526871 BLIJ
3465.0 3490.0 b -400.785065
3490.0 3570.0 l -1092.736328
3570.0 3760.0 ei -2538.719971
3760.0 3775.0 ssil -196.282852
3775.0 3790.0 ssil -195.529236 WEG
3790.0 3820.0 w -407.783203
3820.0 3925.0 ec -1255.388062
3925.0 3955.0 x -397.876953
3955.0 5295.0 ssil -14758.567383
.
