#!MLF!#
"/net/aistaff/aki/_same-utterance/wav/05/Oost_Overijsel-Gelderland/10442-1465763438-2308246.rec"
0.0 820.0 ssil -9744.170898 NA
820.0 915.0 n -1176.276001
915.0 1080.0 a -2046.901245
1080.0 1115.0 ssil -487.905029
1115.0 1130.0 ssil -203.951553 DE
1130.0 1160.0 d -403.289856
1160.0 1190.0 @ -411.750366
1190.0 1220.0 ssil -449.126343
1220.0 1285.0 ssil -828.868835 TOCHT
1285.0 1335.0 t -801.778503
1335.0 1400.0 oc -863.985779
1400.0 1505.0 x -1593.297363
1505.0 1565.0 t -894.219238
1565.0 1595.0 ssil -516.929077
1595.0 1610.0 ssil -254.185089 IN
1610.0 1675.0 ic -903.263611
1675.0 1705.0 n -421.191772
1705.0 1720.0 ssil -189.273163
1720.0 1735.0 ssil -198.773056 DE
1735.0 1750.0 d -199.454865
1750.0 1850.0 @ -1056.515869
1850.0 1865.0 ssil -203.574875
1865.0 1880.0 ssil -207.642685 REGEN
1880.0 1930.0 r -685.138062
1930.0 2185.0 e -3215.507812
2185.0 2280.0 gc -1293.576660
2280.0 2325.0 @ -584.070740
2325.0 2440.0 n -1456.401367
2440.0 2455.0 ssil -204.493011
2455.0 2475.0 ssil -271.802216 VAART
2475.0 2670.0 f -2339.756592
2670.0 2845.0 a -2119.111572
2845.0 2900.0 r -826.749756
2900.0 3000.0 t -1315.876831
3000.0 3020.0 ssil -299.150543
3020.0 3035.0 ssil -239.976852 DE
3035.0 3075.0 d -566.101990
3075.0 3115.0 @ -549.046326
3115.0 3145.0 ssil -443.233093
3145.0 3160.0 ssil -229.242035 KAPITEIN
3160.0 3220.0 k -895.433289
3220.0 3325.0 ac -1425.935303
3325.0 3360.0 p -556.395081
3360.0 3425.0 i -1035.706909
3425.0 3505.0 t -1049.153564
3505.0 3655.0 ei -1826.777344
3655.0 3770.0 n -1495.604736
3770.0 3855.0 ssil -1097.554077
3855.0 3975.0 ssil -1424.270752 BLIJ
3975.0 3990.0 b -246.130203
3990.0 4100.0 l -1497.853638
4100.0 4290.0 ei -2370.445068
4290.0 4305.0 ssil -199.915726
4305.0 4320.0 ssil -216.418076 WEG
4320.0 4345.0 w -335.935577
4345.0 4455.0 ec -1275.261841
4455.0 4645.0 x -2323.013672
4645.0 5270.0 ssil -7368.539062
.
