#!MLF!#
"/net/aistaff/aki/_same-utterance/wav/05/Oost_Overijsel-Gelderland/11156-1464112396-1875339.rec"
0.0 325.0 ssil -3166.038818 NA
325.0 340.0 n -244.101410
340.0 495.0 a -1663.430420
495.0 510.0 ssil -207.112640
510.0 525.0 ssil -222.486725 DE
525.0 540.0 d -203.874756
540.0 560.0 @ -245.734085
560.0 575.0 ssil -212.485123
575.0 590.0 ssil -218.736374 TOCHT
590.0 665.0 t -1047.353638
665.0 765.0 oc -1250.626099
765.0 845.0 x -1201.488647
845.0 890.0 t -642.338684
890.0 905.0 ssil -210.048004
905.0 920.0 ssil -202.604248 IN
920.0 970.0 ic -591.871033
970.0 995.0 n -318.305847
995.0 1010.0 ssil -217.915787
1010.0 1025.0 ssil -217.915512 DE
1025.0 1040.0 d -203.889099
1040.0 1090.0 @ -569.728149
1090.0 1105.0 ssil -205.821304
1105.0 1120.0 ssil -194.581161 REGEN
1120.0 1160.0 r -452.421387
1160.0 1335.0 e -1934.895996
1335.0 1435.0 gc -1272.959351
1435.0 1470.0 @ -444.432465
1470.0 1575.0 n -1427.334595
1575.0 1615.0 ssil -529.960327
1615.0 1630.0 ssil -195.839325 VAART
1630.0 1665.0 v -451.988647
1665.0 1835.0 a -2073.020508
1835.0 1850.0 r -210.665375
1850.0 1905.0 t -731.497192
1905.0 1920.0 ssil -215.532990
1920.0 1935.0 ssil -193.553421 DE
1935.0 1950.0 d -185.449142
1950.0 1965.0 ssil -190.537003
1965.0 1980.0 ssil -231.833817 KAPITEIN
1980.0 2035.0 k -783.648010
2035.0 2120.0 ac -1094.295654
2120.0 2165.0 b -624.149048
2165.0 2250.0 i -1181.762695
2250.0 2315.0 d -939.199707
2315.0 2445.0 ei -1402.634399
2445.0 2460.0 n -173.577103
2460.0 2475.0 ssil -178.486511
2475.0 2490.0 ssil -174.526367 BLIJ
2490.0 2550.0 b -671.232483
2550.0 2595.0 l -614.033569
2595.0 2760.0 ei -1797.583008
2760.0 2775.0 ssil -196.665405
2775.0 2790.0 ssil -186.126556 WEG
2790.0 2835.0 w -468.878784
2835.0 3005.0 ec -1781.267944
3005.0 3325.0 x -3929.532471
3325.0 3485.0 ssil -1873.641357
.
