#!MLF!#
"/net/aistaff/aki/_same-utterance/wav/05/Oost_Overijsel-Gelderland/13452-1464284245-1975790.rec"
0.0 15.0 ssil -166.532227 NA
15.0 315.0 n -2540.562500
315.0 330.0 a -203.915726
330.0 765.0 ssil -4923.825684
765.0 785.0 ssil -245.610886 DE
785.0 800.0 d -201.089157
800.0 1065.0 @ -3504.236816
1065.0 1130.0 ssil -917.664246
1130.0 1255.0 ssil -1674.429443 TOCHT
1255.0 1300.0 t -723.320374
1300.0 1395.0 oc -1228.391357
1395.0 1525.0 x -1798.290161
1525.0 1565.0 t -674.372559
1565.0 1585.0 ssil -300.605988
1585.0 1605.0 ssil -340.985260 IN
1605.0 1660.0 ic -773.377075
1660.0 1725.0 n -872.211792
1725.0 1740.0 ssil -231.268738
1740.0 1755.0 ssil -218.432495 DE
1755.0 1775.0 d -290.328369
1775.0 1790.0 ssil -216.293915
1790.0 1805.0 ssil -222.573624 REGEN
1805.0 1865.0 r -828.791565
1865.0 2070.0 e -2476.473877
2070.0 2180.0 gc -1402.559448
2180.0 2310.0 @ -1489.263550
2310.0 2340.0 ssil -393.045837
2340.0 2390.0 ssil -559.003540 VAART
2390.0 2525.0 f -1573.464355
2525.0 2615.0 a -1121.543457
2615.0 2665.0 r -726.417297
2665.0 2695.0 ssil -368.583771
2695.0 2710.0 ssil -236.497162 DE
2710.0 2735.0 d -372.985718
2735.0 2785.0 @ -645.234619
2785.0 2810.0 ssil -331.022278
2810.0 2825.0 ssil -216.402115 KAPITEIN
2825.0 2875.0 k -785.742615
2875.0 2980.0 ac -1375.074951
2980.0 3010.0 p -418.677673
3010.0 3150.0 i -1803.756836
3150.0 3195.0 t -675.895386
3195.0 3335.0 ei -1510.316162
3335.0 3490.0 n -1659.765137
3490.0 3525.0 ssil -409.271149
3525.0 3560.0 ssil -401.754272 BLIJ
3560.0 3575.0 b -213.506210
3575.0 3650.0 l -963.690369
3650.0 3815.0 ei -2133.955811
3815.0 3830.0 ssil -197.201462
3830.0 3845.0 ssil -194.828964 WEG
3845.0 3895.0 w -629.888306
3895.0 4030.0 ec -1539.711792
4030.0 4240.0 x -2637.126709
4240.0 5040.0 ssil -9030.191406
.
