#!MLF!#
"/net/aistaff/aki/_same-utterance/wav/05/Oost_Overijsel-Gelderland/13550-1465925285-2315530.rec"
0.0 980.0 ssil -12457.733398 NA
980.0 1055.0 n -974.572144
1055.0 1200.0 a -1639.855591
1200.0 1215.0 ssil -221.524155
1215.0 1230.0 ssil -204.144165 DE
1230.0 1245.0 d -192.880157
1245.0 1320.0 @ -939.562683
1320.0 1390.0 ssil -1124.806763
1390.0 1480.0 ssil -1221.596802 TOCHT
1480.0 1515.0 t -576.464111
1515.0 1600.0 oc -1106.240601
1600.0 1750.0 x -2001.381958
1750.0 1800.0 t -696.437134
1800.0 1815.0 ssil -223.866302
1815.0 1830.0 ssil -214.151993 IN
1830.0 1915.0 ic -925.996399
1915.0 1930.0 n -208.999512
1930.0 1945.0 ssil -196.021057
1945.0 1960.0 ssil -199.470032 DE
1960.0 2010.0 d -648.534973
2010.0 2130.0 @ -1231.689087
2130.0 2145.0 ssil -198.602203
2145.0 2160.0 ssil -200.712708 REGEN
2160.0 2175.0 r -187.949142
2175.0 2435.0 e -2589.732910
2435.0 2560.0 gc -1628.454834
2560.0 2630.0 @ -780.451599
2630.0 2805.0 n -1930.851196
2805.0 2885.0 ssil -1070.755127
2885.0 2900.0 ssil -200.293991 VAART
2900.0 3075.0 f -2049.067871
3075.0 3220.0 a -1603.173584
3220.0 3290.0 r -981.316284
3290.0 3355.0 ssil -938.580933
3355.0 3385.0 ssil -395.100159 DE
3385.0 3430.0 d -655.418152
3430.0 3460.0 @ -385.956268
3460.0 3475.0 ssil -196.524506
3475.0 3500.0 ssil -308.434479 KAPITEIN
3500.0 3605.0 k -1406.484985
3605.0 3680.0 @ -964.572144
3680.0 3760.0 p -1094.069458
3760.0 3810.0 i -636.508545
3810.0 3950.0 t -1770.034424
3950.0 4155.0 ei -2174.546387
4155.0 4270.0 n -1353.774414
4270.0 4285.0 ssil -180.163986
4285.0 4330.0 ssil -521.547546 BLIJ
4330.0 4475.0 b -1682.099121
4475.0 4585.0 l -1358.296265
4585.0 4865.0 ei -3382.482666
4865.0 4920.0 ssil -705.242676
4920.0 4945.0 ssil -325.719940 WEG
4945.0 4985.0 w -476.583160
4985.0 5105.0 ec -1410.881714
5105.0 5375.0 x -3530.562256
5375.0 5645.0 ssil -3239.907959
.
