#!MLF!#
"/net/aistaff/aki/_same-utterance/wav/05/Oost_Overijsel-Gelderland/1383-1449156017-64765.rec"
0.0 635.0 ssil -7598.375488 NA
635.0 710.0 n -973.397827
710.0 830.0 a -1245.341309
830.0 845.0 ssil -256.681274
845.0 860.0 ssil -248.687378 DE
860.0 895.0 d -509.899353
895.0 955.0 ssil -852.665894
955.0 980.0 ssil -338.992126 TOCHT
980.0 1010.0 t -403.835846
1010.0 1080.0 oc -883.285339
1080.0 1150.0 ssil -998.804932
1150.0 1195.0 ssil -654.592285 IN
1195.0 1275.0 n -895.860962
1275.0 1290.0 ssil -207.733353
1290.0 1305.0 ssil -193.871338 DE
1305.0 1335.0 d -357.476532
1335.0 1385.0 @ -545.768250
1385.0 1400.0 ssil -222.038254
1400.0 1415.0 ssil -237.140198 REGEN
1415.0 1430.0 r -203.217499
1430.0 1585.0 e -1621.369629
1585.0 1665.0 gc -1169.756592
1665.0 1710.0 @ -539.888794
1710.0 1725.0 ssil -191.573257
1725.0 1740.0 ssil -196.585129 VAART
1740.0 1875.0 f -1625.561279
1875.0 1990.0 a -1386.758545
1990.0 2015.0 r -405.690979
2015.0 2030.0 ssil -210.392365
2030.0 2045.0 ssil -232.221527 DE
2045.0 2075.0 d -425.413330
2075.0 2100.0 ssil -388.744904
2100.0 2130.0 ssil -391.156342 KAPITEIN
2130.0 2165.0 k -533.277893
2165.0 2255.0 ac -1166.836670
2255.0 2300.0 b -604.386475
2300.0 2400.0 d -1564.918091
2400.0 2485.0 ei -1149.303955
2485.0 2540.0 n -643.445984
2540.0 2555.0 ssil -186.298004
2555.0 2570.0 ssil -188.642563 BLIJ
2570.0 2600.0 b -392.706116
2600.0 2670.0 l -955.765747
2670.0 2760.0 ei -1027.106567
2760.0 2775.0 ssil -188.569016
2775.0 2790.0 ssil -193.080215 WEG
2790.0 2815.0 w -292.224945
2815.0 2920.0 ec -1290.733643
2920.0 3065.0 x -1838.762207
3065.0 3530.0 ssil -5326.480957
.
