#!MLF!#
"/net/aistaff/aki/_same-utterance/wav/05/Oost_Overijsel-Gelderland/13884-1465540573-2289604.rec"
0.0 285.0 ssil -2371.955566 NA
285.0 300.0 n -145.179047
300.0 315.0 a -189.427979
315.0 395.0 ssil -1052.348633
395.0 1125.0 ssil -8759.740234 DE
1125.0 1150.0 d -406.104553
1150.0 1375.0 @ -2999.977051
1375.0 1390.0 ssil -190.850327
1390.0 1415.0 ssil -337.401398 TOCHT
1415.0 1460.0 t -641.994019
1460.0 1555.0 oc -1205.271973
1555.0 1620.0 x -883.572327
1620.0 1675.0 t -756.829834
1675.0 1690.0 ssil -207.538788
1690.0 1705.0 ssil -196.064728 IN
1705.0 1785.0 n -953.389709
1785.0 1800.0 ssil -208.047440
1800.0 1815.0 ssil -197.847900 DE
1815.0 1830.0 d -215.400436
1830.0 1875.0 @ -576.936584
1875.0 1890.0 ssil -231.811478
1890.0 1905.0 ssil -201.321777 REGEN
1905.0 1920.0 r -184.997437
1920.0 2145.0 e -2786.552246
2145.0 2215.0 gc -947.256958
2215.0 2290.0 @ -916.395386
2290.0 2425.0 n -1664.718262
2425.0 2440.0 ssil -221.332153
2440.0 2455.0 ssil -186.378235 VAART
2455.0 2580.0 f -1511.090698
2580.0 2710.0 a -1564.533569
2710.0 2735.0 r -374.520782
2735.0 2810.0 t -1004.546997
2810.0 2830.0 ssil -275.445984
2830.0 2855.0 ssil -355.517975 DE
2855.0 2900.0 d -618.485901
2900.0 2915.0 ssil -237.837418
2915.0 2930.0 ssil -243.497864 KAPITEIN
2930.0 3000.0 k -977.870850
3000.0 3100.0 ac -1372.503418
3100.0 3125.0 p -374.475952
3125.0 3205.0 i -1101.492798
3205.0 3270.0 t -931.671570
3270.0 3400.0 ei -1558.309082
3400.0 3460.0 n -669.620911
3460.0 3475.0 ssil -185.387466
3475.0 3490.0 ssil -211.137268 BLIJ
3490.0 3510.0 b -279.549652
3510.0 3550.0 l -518.640808
3550.0 3705.0 ei -1485.167480
3705.0 3720.0 ssil -180.483627
3720.0 3735.0 ssil -168.207138 WEG
3735.0 3750.0 w -154.127640
3750.0 3875.0 ec -1249.083496
3875.0 4090.0 x -2731.095215
4090.0 4410.0 ssil -3837.438477
.
