#!MLF!#
"/net/aistaff/aki/_same-utterance/wav/05/Oost_Overijsel-Gelderland/14712-1464509696-2114199.rec"
0.0 15.0 ssil -168.466934 NA
15.0 230.0 n -2568.581055
230.0 260.0 a -439.389374
260.0 325.0 ssil -842.347412
325.0 520.0 ssil -2461.816650 DE
520.0 585.0 d -805.194641
585.0 605.0 @ -249.283691
605.0 805.0 ssil -2737.883057
805.0 855.0 ssil -704.058350 TOCHT
855.0 885.0 t -483.581421
885.0 1015.0 oc -1781.964600
1015.0 1030.0 ssil -217.238907
1030.0 1055.0 ssil -366.498047 IN
1055.0 1070.0 n -228.278809
1070.0 1085.0 ssil -219.859589
1085.0 1100.0 ssil -219.505585 DE
1100.0 1120.0 d -310.191833
1120.0 1185.0 @ -796.755615
1185.0 1205.0 ssil -271.315186
1205.0 1220.0 ssil -220.932739 REGEN
1220.0 1245.0 r -388.850830
1245.0 1600.0 e -4013.066650
1600.0 1690.0 gc -1252.394409
1690.0 1770.0 @ -1039.156372
1770.0 1785.0 ssil -198.759842
1785.0 1800.0 ssil -201.709183 VAART
1800.0 1840.0 v -476.987854
1840.0 1980.0 a -1675.165405
1980.0 1995.0 r -227.493332
1995.0 2010.0 ssil -228.720367
2010.0 2045.0 ssil -540.183411 DE
2045.0 2080.0 d -528.557556
2080.0 2100.0 @ -302.004730
2100.0 2115.0 ssil -241.892990
2115.0 2145.0 ssil -499.535034 KAPITEIN
2145.0 2180.0 k -580.515564
2180.0 2280.0 ac -1397.957642
2280.0 2345.0 p -912.971191
2345.0 2470.0 t -1964.219971
2470.0 2620.0 ei -1670.148804
2620.0 2700.0 n -960.902222
2700.0 2715.0 ssil -192.384674
2715.0 2730.0 ssil -211.203033 BLIJ
2730.0 2745.0 b -249.715469
2745.0 2800.0 l -815.380615
2800.0 3010.0 ei -2402.343262
3010.0 3025.0 ssil -213.175018
3025.0 3040.0 ssil -208.007614 WEG
3040.0 3060.0 w -264.190094
3060.0 3195.0 ec -1598.758789
3195.0 3405.0 x -2730.807373
3405.0 3715.0 ssil -3708.325684
.
