#!MLF!#
"/net/aistaff/aki/_same-utterance/wav/05/Oost_Overijsel-Gelderland/15012-1464460021-2101408.rec"
0.0 660.0 ssil -7947.466309 NA
660.0 730.0 n -963.205200
730.0 870.0 a -1676.386353
870.0 885.0 ssil -226.568375
885.0 900.0 ssil -234.948212 DE
900.0 915.0 d -215.814026
915.0 950.0 @ -430.937439
950.0 1040.0 ssil -1148.314209
1040.0 1060.0 ssil -265.386902 TOCHT
1060.0 1095.0 t -522.568848
1095.0 1175.0 oc -1014.257080
1175.0 1260.0 x -1189.933838
1260.0 1275.0 ssil -207.781464
1275.0 1320.0 ssil -636.129700 IN
1320.0 1380.0 ic -729.796631
1380.0 1400.0 n -230.001099
1400.0 1415.0 ssil -190.447220
1415.0 1430.0 ssil -222.783600 DE
1430.0 1445.0 d -203.699173
1445.0 1550.0 @ -1033.439941
1550.0 1565.0 ssil -211.745193
1565.0 1580.0 ssil -207.051529 REGEN
1580.0 1595.0 r -185.735931
1595.0 1780.0 e -2032.320068
1780.0 1860.0 gc -1006.760071
1860.0 1875.0 ssil -185.594269
1875.0 1890.0 ssil -178.467392 VAART
1890.0 1995.0 v -1273.271118
1995.0 2125.0 a -1574.398193
2125.0 2140.0 r -189.240143
2140.0 2155.0 ssil -207.094986
2155.0 2170.0 ssil -223.664536 DE
2170.0 2200.0 d -443.544800
2200.0 2230.0 @ -456.965118
2230.0 2245.0 ssil -247.143188
2245.0 2275.0 ssil -524.115295 KAPITEIN
2275.0 2315.0 k -591.928833
2315.0 2400.0 ac -1148.111816
2400.0 2440.0 p -549.799683
2440.0 2475.0 i -439.437195
2475.0 2590.0 t -1535.567749
2590.0 2755.0 ei -1743.380859
2755.0 2840.0 n -907.136536
2840.0 2855.0 ssil -192.799133
2855.0 2870.0 ssil -184.916672 BLIJ
2870.0 2885.0 b -195.429749
2885.0 2940.0 l -694.259338
2940.0 3135.0 ei -1843.184814
3135.0 3150.0 ssil -172.175552
3150.0 3165.0 ssil -169.111679 WEG
3165.0 3205.0 w -440.923889
3205.0 3380.0 ec -1880.976929
3380.0 3410.0 x -391.132141
3410.0 4110.0 ssil -8302.389648
.
