#!MLF!#
"/net/aistaff/aki/_same-utterance/wav/05/Oost_Overijsel-Gelderland/15664-1464353940-2031053.rec"
0.0 15.0 ssil -154.521210 NA
15.0 80.0 n -553.231018
80.0 95.0 a -179.110092
95.0 130.0 ssil -536.290894
130.0 650.0 ssil -5992.976562 DE
650.0 695.0 d -611.802612
695.0 885.0 @ -2393.755859
885.0 905.0 ssil -267.262573
905.0 935.0 ssil -383.326599 TOCHT
935.0 985.0 t -724.491516
985.0 1075.0 oc -1247.197876
1075.0 1160.0 x -1204.809570
1160.0 1175.0 ssil -233.807755
1175.0 1205.0 ssil -488.779663 IN
1205.0 1260.0 ic -786.912659
1260.0 1300.0 n -459.915527
1300.0 1315.0 ssil -199.468246
1315.0 1330.0 ssil -210.329376 DE
1330.0 1350.0 d -267.556976
1350.0 1405.0 @ -623.076599
1405.0 1420.0 ssil -176.186615
1420.0 1435.0 ssil -169.835373 REGEN
1435.0 1450.0 r -173.405121
1450.0 1695.0 e -2476.440674
1695.0 1775.0 gc -1068.353882
1775.0 2000.0 @ -2789.056641
2000.0 2035.0 ssil -434.926910
2035.0 2220.0 ssil -2333.553467 VAART
2220.0 2295.0 f -1019.246704
2295.0 2390.0 a -967.612793
2390.0 2405.0 r -194.673187
2405.0 2420.0 ssil -216.974640
2420.0 2435.0 ssil -231.657120 DE
2435.0 2470.0 d -501.524872
2470.0 2500.0 @ -444.531769
2500.0 2515.0 ssil -197.659775
2515.0 2530.0 ssil -207.883133 KAPITEIN
2530.0 2575.0 k -711.809570
2575.0 2645.0 ac -859.990479
2645.0 2665.0 p -296.742249
2665.0 2745.0 @ -1189.665039
2745.0 2810.0 t -1021.859131
2810.0 2940.0 ei -1391.756714
2940.0 2980.0 n -415.865662
2980.0 2995.0 ssil -186.330902
2995.0 3010.0 ssil -214.659607 BLIJ
3010.0 3045.0 b -494.899689
3045.0 3090.0 l -585.161377
3090.0 3235.0 ei -1290.293579
3235.0 3250.0 ssil -172.283234
3250.0 3265.0 ssil -177.368149 WEG
3265.0 3300.0 w -393.671753
3300.0 3445.0 ec -1650.683960
3445.0 3665.0 x -2757.008057
3665.0 4205.0 ssil -6472.874023
.
