#!MLF!#
"/net/aistaff/aki/_same-utterance/wav/05/Oost_Overijsel-Gelderland/16188-1464471181-2109496.rec"
0.0 1059.9999 ssil -12812.271484 NA
1059.9999 1139.9999 n -965.147034
1139.9999 1249.9999 a -1106.596802
1249.9999 1264.9999 ssil -186.358032
1265.0 1315.0 ssil -673.498291 DE
1315.0 1345.0 d -432.558411
1345.0 1405.0 @ -802.518188
1405.0 1470.0 ssil -951.118530
1470.0 1505.0 ssil -466.437286 TOCHT
1505.0 1560.0 t -747.384216
1560.0 1670.0 oc -1295.818115
1670.0 1770.0 x -1298.016357
1770.0 1835.0 t -844.442200
1835.0 1850.0 ssil -200.597168
1850.0 1865.0 ssil -177.655640 IN
1865.0 1910.0 ic -572.853333
1910.0 1930.0 n -264.612305
1930.0 1945.0 ssil -177.455200
1945.0 1960.0 ssil -177.746918 DE
1960.0 1975.0 d -211.779922
1975.0 2040.0 @ -814.896057
2040.0 2055.0 ssil -192.918579
2055.0 2070.0 ssil -194.990555 REGEN
2070.0 2085.0 r -197.105179
2085.0 2290.0 e -2223.326904
2290.0 2360.0 x -926.839050
2360.0 2440.0 @ -973.770081
2440.0 2475.0 ssil -448.161133
2475.0 2550.0 ssil -997.193176 VAART
2550.0 2585.0 f -548.811951
2585.0 2700.0 a -1218.158936
2700.0 2715.0 r -247.795624
2715.0 2730.0 ssil -241.610428
2730.0 2790.0 ssil -834.292603 DE
2790.0 2805.0 d -225.325623
2805.0 2905.0 @ -1315.597656
2905.0 2920.0 ssil -190.814743
2920.0 2935.0 ssil -229.611542 KAPITEIN
2935.0 2965.0 k -458.338379
2965.0 3035.0 ac -923.508179
3035.0 3125.0 p -1199.377441
3125.0 3155.0 i -405.344208
3155.0 3285.0 t -1732.246826
3285.0 3430.0 ei -1644.123413
3430.0 3475.0 n -526.584656
3475.0 3490.0 ssil -203.287735
3490.0 3505.0 ssil -226.022736 BLIJ
3505.0 3535.0 b -452.304474
3535.0 3590.0 l -798.473083
3590.0 3760.0 ei -1908.529907
3760.0 3775.0 ssil -204.458328
3775.0 3790.0 ssil -180.926300 WEG
3790.0 3830.0 w -446.519318
3830.0 4015.0 ec -2037.712769
4015.0 4030.0 x -200.036011
4030.0 4645.0 ssil -7538.076172
.
