#!MLF!#
"/net/aistaff/aki/_same-utterance/wav/05/Oost_Overijsel-Gelderland/16242-1464367836-2051135.rec"
0.0 380.0 ssil -4531.732422 NA
380.0 460.0 n -1032.415405
460.0 550.0 a -1151.266724
550.0 565.0 ssil -231.662140
565.0 580.0 ssil -230.639648 DE
580.0 595.0 d -204.474319
595.0 650.0 @ -746.881226
650.0 670.0 ssil -281.826355
670.0 685.0 ssil -201.055161 TOCHT
685.0 725.0 t -589.836548
725.0 805.0 oc -1074.316772
805.0 855.0 x -717.454285
855.0 885.0 ssil -485.492310
885.0 905.0 ssil -367.364197 IN
905.0 970.0 ic -867.582458
970.0 995.0 n -335.446320
995.0 1010.0 ssil -215.490295
1010.0 1025.0 ssil -248.646957 DE
1025.0 1040.0 d -221.808151
1040.0 1080.0 @ -495.107117
1080.0 1095.0 ssil -205.118332
1095.0 1125.0 ssil -398.906311 REGEN
1125.0 1140.0 r -203.985062
1140.0 1330.0 e -2103.653076
1330.0 1360.0 gc -438.366669
1360.0 1500.0 @ -1714.674927
1500.0 1595.0 n -1177.840698
1595.0 1615.0 ssil -249.364212
1615.0 1645.0 ssil -420.489746 VAART
1645.0 1750.0 f -1366.508057
1750.0 1830.0 a -939.225708
1830.0 1855.0 r -395.881409
1855.0 1880.0 ssil -359.825348
1880.0 1905.0 ssil -381.896210 DE
1905.0 1935.0 d -470.528961
1935.0 1975.0 @ -576.052124
1975.0 2005.0 ssil -405.799347
2005.0 2020.0 ssil -183.695755 KAPITEIN
2020.0 2065.0 k -732.420898
2065.0 2175.0 ac -1518.429932
2175.0 2205.0 b -423.923737
2205.0 2245.0 i -560.256714
2245.0 2330.0 d -1200.804932
2330.0 2480.0 ei -1732.979126
2480.0 2540.0 n -711.850159
2540.0 2555.0 ssil -222.944534
2555.0 2570.0 ssil -213.964996 BLIJ
2570.0 2610.0 b -555.878845
2610.0 2650.0 l -545.629272
2650.0 2760.0 ei -1217.622925
2760.0 2775.0 ssil -184.868317
2775.0 2790.0 ssil -183.704025 WEG
2790.0 2810.0 w -225.310242
2810.0 2945.0 ec -1418.471436
2945.0 3135.0 x -2301.452148
3135.0 3670.0 ssil -6249.375488
.
