#!MLF!#
"/net/aistaff/aki/_same-utterance/wav/05/Oost_Overijsel-Gelderland/16295-1464104494-1867733.rec"
0.0 75.0 ssil -740.383545 NA
75.0 90.0 n -165.169464
90.0 105.0 a -194.850388
105.0 150.0 ssil -734.169434
150.0 830.0 ssil -7743.748535 DE
830.0 935.0 d -1436.288574
935.0 1100.0 ssil -2182.299561
1100.0 1235.0 ssil -1838.027100 TOCHT
1235.0 1300.0 t -915.983093
1300.0 1385.0 oc -1069.881470
1385.0 1490.0 x -1350.277832
1490.0 1560.0 t -1031.612793
1560.0 1575.0 ssil -260.053925
1575.0 1590.0 ssil -259.835541 IN
1590.0 1660.0 ic -968.125549
1660.0 1720.0 n -695.436890
1720.0 1735.0 ssil -246.738525
1735.0 1750.0 ssil -235.667496 DE
1750.0 1765.0 d -223.218018
1765.0 1810.0 @ -630.616699
1810.0 1840.0 ssil -477.251068
1840.0 1865.0 ssil -409.362000 REGEN
1865.0 1880.0 r -240.117584
1880.0 2075.0 e -2171.144775
2075.0 2165.0 x -1244.333618
2165.0 2230.0 @ -791.979614
2230.0 2310.0 n -1013.418945
2310.0 2385.0 ssil -953.321838
2385.0 2405.0 ssil -267.747467 VAART
2405.0 2455.0 f -764.150940
2455.0 2560.0 a -1318.884155
2560.0 2580.0 r -318.431366
2580.0 2615.0 ssil -484.629364
2615.0 2650.0 ssil -479.214447 DE
2650.0 2675.0 d -360.352295
2675.0 2705.0 @ -460.441193
2705.0 2735.0 ssil -458.806274
2735.0 2770.0 ssil -426.050049 KAPITEIN
2770.0 2815.0 k -723.627869
2815.0 2900.0 ac -1199.672607
2900.0 2940.0 p -564.658691
2940.0 3035.0 @ -1351.031250
3035.0 3085.0 t -761.918579
3085.0 3230.0 ei -1659.039429
3230.0 3325.0 n -1129.388672
3325.0 3340.0 ssil -192.038437
3340.0 3355.0 ssil -197.225006 BLIJ
3355.0 3385.0 b -431.300262
3385.0 3435.0 l -708.484558
3435.0 3680.0 ei -2751.457520
3680.0 3695.0 ssil -191.061905
3695.0 3715.0 ssil -252.035400 WEG
3715.0 3755.0 w -520.385437
3755.0 3890.0 ec -1834.274780
3890.0 4110.0 x -2754.682373
4110.0 5294.9999 ssil -13500.646484
.
