#!MLF!#
"/net/aistaff/aki/_same-utterance/wav/05/Oost_Overijsel-Gelderland/16318-1464119441-1883718.rec"
0.0 280.0 ssil -2321.893066 NA
280.0 295.0 n -146.498032
295.0 310.0 a -172.161453
310.0 340.0 ssil -392.912903
340.0 1195.0 ssil -9911.385742 DE
1195.0 1280.0 d -1111.950684
1280.0 1435.0 @ -2048.644043
1435.0 1535.0 ssil -1469.039429
1535.0 1615.0 ssil -1055.276367 TOCHT
1615.0 1665.0 t -724.703857
1665.0 1760.0 oc -1311.338501
1760.0 1825.0 x -977.987305
1825.0 1890.0 t -934.263733
1890.0 1905.0 ssil -262.102631
1905.0 1920.0 ssil -230.645355 IN
1920.0 2000.0 ic -973.343750
2000.0 2040.0 n -530.558411
2040.0 2055.0 ssil -210.723312
2055.0 2070.0 ssil -235.046799 DE
2070.0 2085.0 d -215.408722
2085.0 2170.0 @ -1034.691772
2170.0 2185.0 ssil -205.432327
2185.0 2200.0 ssil -187.140503 REGEN
2200.0 2220.0 r -234.613266
2220.0 2420.0 e -2197.937500
2420.0 2510.0 x -1156.929565
2510.0 2600.0 @ -1124.016357
2600.0 2615.0 ssil -215.939743
2615.0 2640.0 ssil -368.628387 VAART
2640.0 2760.0 f -1445.019531
2760.0 2895.0 a -1601.044312
2895.0 2920.0 r -401.724548
2920.0 2960.0 t -531.735840
2960.0 2975.0 ssil -226.760681
2975.0 2990.0 ssil -198.826340 DE
2990.0 3005.0 d -218.311295
3005.0 3020.0 ssil -216.521912
3020.0 3035.0 ssil -276.235779 KAPITEIN
3035.0 3075.0 k -631.348450
3075.0 3205.0 ac -1719.000488
3205.0 3230.0 p -376.718811
3230.0 3315.0 i -1142.130127
3315.0 3385.0 t -999.223755
3385.0 3545.0 ei -1746.646606
3545.0 3620.0 n -830.333618
3620.0 3635.0 ssil -204.128281
3635.0 3650.0 ssil -195.333435 BLIJ
3650.0 3710.0 b -744.681274
3710.0 3765.0 l -769.635925
3765.0 3935.0 ei -1685.075317
3935.0 3950.0 ssil -205.120712
3950.0 3965.0 ssil -200.015869 WEG
3965.0 3985.0 w -245.699509
3985.0 4130.0 ec -1602.835083
4130.0 4355.0 x -2740.052002
4355.0 5130.0 ssil -8550.246094
.
