#!MLF!#
"/net/aistaff/aki/_same-utterance/wav/05/Oost_Overijsel-Gelderland/1654-1449397047-340187.rec"
0.0 745.0 ssil -9192.480469 NA
745.0 820.0 n -962.917603
820.0 955.0 a -1662.297852
955.0 970.0 ssil -231.815781
970.0 985.0 ssil -236.804291 DE
985.0 1005.0 d -276.636536
1005.0 1045.0 @ -538.839050
1045.0 1100.0 ssil -683.171204
1100.0 1120.0 ssil -261.832275 TOCHT
1120.0 1175.0 t -831.974060
1175.0 1280.0 oc -1323.231201
1280.0 1385.0 x -1458.033813
1385.0 1470.0 t -1122.092896
1470.0 1485.0 ssil -229.661057
1485.0 1500.0 ssil -210.842361 IN
1500.0 1515.0 n -226.857422
1515.0 1535.0 ssil -248.187439
1535.0 1550.0 ssil -196.236572 DE
1550.0 1580.0 d -429.937866
1580.0 1615.0 @ -448.374054
1615.0 1630.0 ssil -210.933823
1630.0 1645.0 ssil -202.271393 REGEN
1645.0 1755.0 r -1509.652100
1755.0 2050.0 e -3070.309082
2050.0 2115.0 x -846.794556
2115.0 2220.0 @ -1161.703613
2220.0 2285.0 n -891.721497
2285.0 2330.0 ssil -555.463379
2330.0 2360.0 ssil -364.123047 VAART
2360.0 2405.0 f -594.111938
2405.0 2540.0 a -1617.481445
2540.0 2570.0 r -458.569977
2570.0 2635.0 t -932.407043
2635.0 2655.0 ssil -311.448944
2655.0 2680.0 ssil -383.245087 DE
2680.0 2715.0 d -546.897766
2715.0 2755.0 @ -546.887085
2755.0 2770.0 ssil -189.476166
2770.0 2785.0 ssil -210.558929 KAPITEIN
2785.0 2830.0 k -738.096619
2830.0 2955.0 ac -1602.345215
2955.0 2975.0 p -276.149750
2975.0 3005.0 i -404.429199
3005.0 3115.0 t -1697.704224
3115.0 3270.0 ei -1783.652710
3270.0 3345.0 n -864.866516
3345.0 3360.0 ssil -202.178528
3360.0 3375.0 ssil -211.095276 BLIJ
3375.0 3395.0 b -301.677826
3395.0 3445.0 l -658.243591
3445.0 3650.0 ei -2298.796143
3650.0 3665.0 ssil -190.877823
3665.0 3680.0 ssil -178.662827 WEG
3680.0 3710.0 w -359.502563
3710.0 3830.0 ec -1338.267822
3830.0 4050.0 x -2617.491211
4050.0 4435.0 ssil -4908.167969
.
