#!MLF!#
"/net/aistaff/aki/_same-utterance/wav/05/Oost_Overijsel-Gelderland/17226-1472378490-2462809.rec"
0.0 15.0 ssil -149.556229 NA
15.0 115.0 n -910.788696
115.0 140.0 a -412.832275
140.0 345.0 ssil -2560.089111
345.0 1375.0 ssil -11248.481445 DE
1375.0 1495.0 d -1619.637573
1495.0 1725.0 @ -3133.410400
1725.0 1740.0 ssil -204.834366
1740.0 1755.0 ssil -256.209930 TOCHT
1755.0 1775.0 t -316.980652
1775.0 1890.0 oc -1570.930664
1890.0 2040.0 x -1869.882080
2040.0 2175.0 t -1857.824341
2175.0 2190.0 ssil -251.431473
2190.0 2210.0 ssil -285.167877 IN
2210.0 2305.0 ic -1375.334961
2305.0 2365.0 n -787.288696
2365.0 2380.0 ssil -242.989822
2380.0 2395.0 ssil -209.246048 DE
2395.0 2410.0 d -225.439041
2410.0 2425.0 ssil -212.448853
2425.0 2440.0 ssil -206.034348 REGEN
2440.0 2485.0 r -639.947144
2485.0 2625.0 e -1805.063721
2625.0 2720.0 gc -1290.775391
2720.0 2755.0 @ -449.683929
2755.0 3000.0 n -2857.219482
3000.0 3260.0 ssil -2902.750732
3260.0 3375.0 ssil -1294.585938 VAART
3375.0 3470.0 f -1183.561401
3470.0 3570.0 a -1145.822998
3570.0 3635.0 r -892.537842
3635.0 3725.0 t -1248.668945
3725.0 3740.0 ssil -195.676956
3740.0 3795.0 ssil -688.278992 DE
3795.0 3830.0 d -495.733643
3830.0 3845.0 @ -200.274017
3845.0 3860.0 ssil -210.391830
3860.0 3875.0 ssil -202.982117 KAPITEIN
3875.0 3920.0 k -688.413574
3920.0 4020.0 @ -1249.382324
4020.0 4040.0 p -287.693146
4040.0 4130.0 i -1211.032715
4130.0 4210.0 t -1074.091309
4210.0 4360.0 ei -1637.059937
4360.0 4530.0 n -2153.976318
4530.0 4570.0 ssil -420.624359
4570.0 4595.0 ssil -304.373962 BLIJ
4595.0 4635.0 b -583.515808
4635.0 4695.0 l -941.187317
4695.0 4840.0 ei -1783.317749
4840.0 4855.0 ssil -205.938522
4855.0 4870.0 ssil -210.744370 WEG
4870.0 4890.0 w -257.200897
4890.0 5010.0 ec -1586.732422
5010.0 5140.0 x -1723.967651
5140.0 5295.0 ssil -2199.953857
.
