#!MLF!#
"/net/aistaff/aki/_same-utterance/wav/05/Oost_Overijsel-Gelderland/17237-1472373098-2444733.rec"
0.0 530.0 ssil -5784.950684 NA
530.0 795.0 n -3347.415039
795.0 835.0 a -508.612701
835.0 1200.0 ssil -4290.383789
1200.0 2455.0 ssil -15116.024414 DE
2455.0 2495.0 d -531.737183
2495.0 3500.0 @ -10741.970703
3500.0 3610.0 ssil -1377.867920
3610.0 3925.0 ssil -4502.554688 TOCHT
3925.0 3970.0 t -677.709778
3970.0 4070.0 oc -1364.023193
4070.0 4115.0 x -637.783447
4115.0 4130.0 ssil -231.623260
4130.0 4145.0 ssil -221.861938 IN
4145.0 4160.0 n -210.778595
4160.0 4185.0 ssil -340.470459
4185.0 4210.0 ssil -352.919708 DE
4210.0 4225.0 d -226.268906
4225.0 4340.0 @ -1438.096069
4340.0 4355.0 ssil -226.869446
4355.0 4370.0 ssil -225.638901 REGEN
4370.0 4505.0 r -1680.136963
4505.0 4685.0 e -2264.258545
4685.0 4770.0 gc -1122.590820
4770.0 4955.0 @ -2369.030273
4955.0 4995.0 ssil -508.614594
4995.0 5025.0 ssil -344.869049 VAART
5025.0 5055.0 f -456.846008
5055.0 5165.0 a -1221.786987
5165.0 5180.0 r -189.397720
5180.0 5195.0 ssil -181.877563
5195.0 5215.0 ssil -265.274567 DE
5215.0 5235.0 d -265.908752
5235.0 5290.0 @ -730.423035
5290.0 5305.0 ssil -207.574799
5305.0 5320.0 ssil -249.874161 KAPITEIN
5320.0 5355.0 k -574.415588
5355.0 5485.0 ac -1666.015869
5485.0 5510.0 p -375.447723
5510.0 5585.0 @ -983.799011
5585.0 5675.0 t -1379.004272
5675.0 5835.0 ei -1723.255493
5835.0 5895.0 n -712.448242
5895.0 5910.0 ssil -197.468216
5910.0 5925.0 ssil -190.067963 BLIJ
5925.0 5990.0 b -805.216309
5990.0 6040.0 l -645.347534
6040.0 6430.0 ei -4248.808594
6430.0 7065.0 ssil -7857.446289
7065.0 7325.0 ssil -3221.065430 WEG
7325.0 7605.0 w -3461.199707
7605.0 7765.0 ec -1792.539673
7765.0 7780.0 x -197.045547
7780.0 8710.0 ssil -11881.831055
.
