#!MLF!#
"/net/aistaff/aki/_same-utterance/wav/05/Oost_Overijsel-Gelderland/1959-1449222077-177578.rec"
0.0 490.0 ssil -5848.789062 NA
490.0 595.0 n -1287.130249
595.0 685.0 a -881.229187
685.0 700.0 ssil -210.736816
700.0 715.0 ssil -206.981415 DE
715.0 730.0 d -196.908844
730.0 780.0 @ -630.448242
780.0 820.0 ssil -508.696655
820.0 835.0 ssil -221.612045 TOCHT
835.0 870.0 t -525.008545
870.0 940.0 oc -923.214905
940.0 1080.0 x -1925.069824
1080.0 1125.0 t -651.864502
1125.0 1140.0 ssil -228.885452
1140.0 1155.0 ssil -213.298553 IN
1155.0 1195.0 n -530.634277
1195.0 1210.0 ssil -257.387878
1210.0 1225.0 ssil -207.622849 DE
1225.0 1240.0 d -204.470093
1240.0 1325.0 @ -1062.136719
1325.0 1340.0 ssil -238.868317
1340.0 1355.0 ssil -240.344254 REGEN
1355.0 1455.0 r -1278.183350
1455.0 1655.0 e -2524.533447
1655.0 1745.0 gc -1194.331421
1745.0 1805.0 @ -700.781128
1805.0 2080.0 n -3187.032227
2080.0 2140.0 ssil -812.714783
2140.0 2160.0 ssil -266.610840 VAART
2160.0 2215.0 f -699.857483
2215.0 2360.0 a -1678.984375
2360.0 2460.0 r -1360.352295
2460.0 2530.0 t -964.517090
2530.0 2550.0 ssil -268.006592
2550.0 2585.0 ssil -497.721893 DE
2585.0 2645.0 d -859.551208
2645.0 2675.0 @ -420.682068
2675.0 2705.0 ssil -426.057251
2705.0 2725.0 ssil -295.294647 KAPITEIN
2725.0 2750.0 k -385.326782
2750.0 2855.0 @ -1321.689331
2855.0 2890.0 b -530.902893
2890.0 2970.0 i -1070.892212
2970.0 3030.0 d -857.756470
3030.0 3190.0 ei -1709.021973
3190.0 3270.0 n -963.580566
3270.0 3285.0 ssil -212.706512
3285.0 3300.0 ssil -187.923767 BLIJ
3300.0 3335.0 b -462.918915
3335.0 3410.0 l -1028.480591
3410.0 3550.0 ei -1727.952637
3550.0 3565.0 ssil -206.420547
3565.0 3580.0 ssil -186.546005 WEG
3580.0 3610.0 w -329.231110
3610.0 3720.0 ec -1207.954224
3720.0 3800.0 x -1109.745728
3800.0 4275.0 ssil -6429.481934
.
