#!MLF!#
"/net/aistaff/aki/_same-utterance/wav/05/Oost_Overijsel-Gelderland/2515-1449320062-279180.rec"
0.0 190.0 ssil -2284.576416 NA
190.0 310.0 n -1470.544800
310.0 465.0 a -1777.341553
465.0 480.0 ssil -236.616394
480.0 505.0 ssil -385.147400 DE
505.0 525.0 d -300.502319
525.0 550.0 @ -347.746185
550.0 730.0 ssil -2580.483398
730.0 790.0 ssil -874.376038 TOCHT
790.0 835.0 t -688.412781
835.0 925.0 oc -1144.428955
925.0 985.0 x -840.275452
985.0 1040.0 t -765.547546
1040.0 1055.0 ssil -238.119583
1055.0 1070.0 ssil -207.847473 IN
1070.0 1085.0 n -190.155823
1085.0 1100.0 ssil -209.809082
1100.0 1115.0 ssil -244.540588 DE
1115.0 1145.0 d -461.626770
1145.0 1160.0 ssil -214.089157
1160.0 1175.0 ssil -193.682251 REGEN
1175.0 1370.0 r -2280.281738
1370.0 1585.0 e -2242.659424
1585.0 1630.0 gc -660.313416
1630.0 1720.0 @ -1072.651733
1720.0 1865.0 n -1823.734375
1865.0 1975.0 ssil -1530.734375
1975.0 2035.0 ssil -814.483337 VAART
2035.0 2125.0 f -1204.615601
2125.0 2240.0 a -1420.363403
2240.0 2260.0 r -291.888763
2260.0 2280.0 ssil -317.244537
2280.0 2320.0 ssil -605.751831 DE
2320.0 2355.0 d -516.571960
2355.0 2435.0 @ -997.007812
2435.0 2460.0 ssil -427.727509
2460.0 2500.0 ssil -476.062347 KAPITEIN
2500.0 2545.0 k -686.712219
2545.0 2570.0 ac -371.407837
2570.0 2640.0 b -920.102234
2640.0 2735.0 @ -1501.250000
2735.0 2805.0 d -1024.845825
2805.0 2950.0 ei -1697.543335
2950.0 3080.0 n -1644.604370
3080.0 3135.0 ssil -687.648010
3135.0 3155.0 ssil -261.876495 BLIJ
3155.0 3200.0 b -589.454407
3200.0 3245.0 l -624.417725
3245.0 3380.0 ei -1563.795288
3380.0 3395.0 ssil -198.758728
3395.0 3415.0 ssil -267.379761 WEG
3415.0 3435.0 w -265.015137
3435.0 3555.0 ec -1399.177124
3555.0 3700.0 x -1989.945557
3700.0 3715.0 ssil -238.013412
.
