#!MLF!#
"/net/aistaff/aki/_same-utterance/wav/05/Oost_Overijsel-Gelderland/2625-1452202172-303699.rec"
0.0 15.0 ssil -148.713715 NA
15.0 30.0 n -153.138809
30.0 330.0 a -2115.581055
330.0 855.0 ssil -6703.071777
855.0 1535.0 ssil -8090.400879 DE
1535.0 1555.0 d -325.507751
1555.0 2005.0 @ -5898.499512
2005.0 2020.0 ssil -216.975769
2020.0 2035.0 ssil -228.351898 TOCHT
2035.0 2065.0 t -405.513123
2065.0 2195.0 oc -1706.621826
2195.0 2245.0 x -728.843872
2245.0 2400.0 t -1907.324707
2400.0 2415.0 ssil -204.399933
2415.0 2430.0 ssil -212.853973 IN
2430.0 2505.0 ic -969.829224
2505.0 2540.0 n -355.442535
2540.0 2555.0 ssil -186.036728
2555.0 2570.0 ssil -178.375702 DE
2570.0 2630.0 d -833.165222
2630.0 2800.0 @ -2330.165527
2800.0 2845.0 ssil -639.952393
2845.0 2870.0 ssil -358.273499 REGEN
2870.0 3010.0 r -1836.911255
3010.0 3245.0 e -2801.027100
3245.0 3290.0 gc -586.487183
3290.0 3350.0 @ -778.081421
3350.0 3565.0 n -2568.989746
3565.0 3710.0 ssil -1730.888428
3710.0 4170.0 ssil -5535.589355 VAART
4170.0 4310.0 f -1783.907959
4310.0 4520.0 a -2470.947266
4520.0 4555.0 r -481.116364
4555.0 4570.0 ssil -225.643326
4570.0 4585.0 ssil -224.072418 DE
4585.0 4605.0 d -297.772430
4605.0 4705.0 @ -1272.983154
4705.0 4720.0 ssil -228.638947
4720.0 4735.0 ssil -257.705231 KAPITEIN
4735.0 4775.0 k -563.661255
4775.0 4920.0 ac -1969.920898
4920.0 4935.0 b -229.757584
4935.0 5050.0 @ -1541.667358
5050.0 5110.0 d -879.779846
5110.0 5400.0 ei -3543.729736
5400.0 5435.0 n -428.917480
5435.0 5475.0 ssil -534.303955
5475.0 5510.0 ssil -455.582153 BLIJ
5510.0 5690.0 b -2175.134766
5690.0 5730.0 l -499.869995
5730.0 6020.0 ei -3334.576660
6020.0 6055.0 ssil -446.405762
6055.0 6110.0 ssil -740.094849 WEG
6110.0 6215.0 w -1272.575439
6215.0 6360.0 ec -1755.869141
6360.0 6605.0 x -3190.922363
6605.0 8825.0 ssil -25676.824219
.
