#!MLF!#
"/net/aistaff/aki/_same-utterance/wav/05/Oost_Overijsel-Gelderland/3060-1449412437-365891.rec"
0.0 415.0 ssil -5007.503418 NA
415.0 510.0 n -1163.822021
510.0 720.0 a -2273.433105
720.0 735.0 ssil -211.094666
735.0 750.0 ssil -186.323486 DE
750.0 765.0 d -206.315887
765.0 830.0 ssil -785.913452
830.0 855.0 ssil -338.761444 TOCHT
855.0 885.0 t -462.107086
885.0 985.0 oc -1293.627441
985.0 1060.0 x -1070.270874
1060.0 1130.0 t -964.166382
1130.0 1145.0 ssil -235.346344
1145.0 1160.0 ssil -213.968475 IN
1160.0 1175.0 n -195.117508
1175.0 1190.0 ssil -197.262283
1190.0 1205.0 ssil -186.691956 DE
1205.0 1280.0 d -944.790283
1280.0 1295.0 ssil -207.424957
1295.0 1310.0 ssil -201.362915 REGEN
1310.0 1535.0 r -2566.760010
1535.0 1715.0 e -1690.863525
1715.0 1830.0 gc -1567.345703
1830.0 1860.0 @ -425.729706
1860.0 2000.0 n -1531.626953
2000.0 2030.0 ssil -368.580139
2030.0 2125.0 ssil -1194.251465 VAART
2125.0 2235.0 f -1326.360107
2235.0 2340.0 a -1073.924194
2340.0 2360.0 r -279.243683
2360.0 2390.0 ssil -383.624115
2390.0 2410.0 ssil -250.624664 DE
2410.0 2450.0 d -589.011658
2450.0 2465.0 ssil -224.786118
2465.0 2530.0 ssil -830.619812 KAPITEIN
2530.0 2590.0 k -884.504211
2590.0 2640.0 ac -640.080811
2640.0 2735.0 p -1151.201782
2735.0 2770.0 i -429.571106
2770.0 2905.0 t -1822.093140
2905.0 3060.0 ei -1494.334106
3060.0 3135.0 n -829.019836
3135.0 3290.0 ssil -1900.502930
3290.0 3335.0 ssil -515.623962 BLIJ
3335.0 3370.0 b -492.053284
3370.0 3445.0 l -861.630310
3445.0 3580.0 ei -1362.783325
3580.0 3595.0 ssil -194.109253
3595.0 3610.0 ssil -188.890869 WEG
3610.0 3665.0 w -658.454834
3665.0 3765.0 ec -1198.843506
3765.0 3895.0 x -1700.270874
3895.0 4250.0 ssil -4294.863281
.
