#!MLF!#
"/net/aistaff/aki/_same-utterance/wav/05/Oost_Overijsel-Gelderland/3583-1449603338-501446.rec"
0.0 15.0 ssil -154.259247 NA
15.0 90.0 n -692.229553
90.0 105.0 a -186.526871
105.0 130.0 ssil -362.867493
130.0 490.0 ssil -4376.992676 DE
490.0 555.0 d -1018.169678
555.0 710.0 @ -2119.594971
710.0 735.0 ssil -329.093567
735.0 775.0 ssil -514.519165 TOCHT
775.0 805.0 t -464.544342
805.0 900.0 oc -1344.248291
900.0 955.0 x -768.943176
955.0 970.0 ssil -251.364700
970.0 985.0 ssil -247.642731 IN
985.0 1000.0 n -231.442276
1000.0 1015.0 ssil -216.038803
1015.0 1030.0 ssil -222.838562 DE
1030.0 1055.0 d -392.112091
1055.0 1135.0 @ -1035.054199
1135.0 1150.0 ssil -233.481613
1150.0 1165.0 ssil -243.721832 REGEN
1165.0 1220.0 r -738.044067
1220.0 1450.0 e -2401.085693
1450.0 1485.0 gc -473.965485
1485.0 1570.0 @ -1003.554993
1570.0 1590.0 ssil -245.020905
1590.0 1630.0 ssil -495.484436 VAART
1630.0 1690.0 v -727.735962
1690.0 1735.0 a -538.401123
1735.0 1825.0 r -1044.958984
1825.0 1860.0 ssil -516.097717
1860.0 1875.0 ssil -209.704895 DE
1875.0 1905.0 d -422.282715
1905.0 1920.0 ssil -203.459839
1920.0 1950.0 ssil -376.853607 KAPITEIN
1950.0 1995.0 k -682.625793
1995.0 2110.0 ac -1454.002686
2110.0 2145.0 b -600.478271
2145.0 2225.0 i -1064.128906
2225.0 2300.0 d -1069.572021
2300.0 2445.0 ei -1637.805298
2445.0 2550.0 n -1232.580566
2550.0 2565.0 ssil -203.295135
2565.0 2600.0 ssil -452.961487 BLIJ
2600.0 2715.0 b -1565.661133
2715.0 2775.0 l -798.851501
2775.0 2915.0 ei -1563.299805
2915.0 2930.0 ssil -187.040649
2930.0 2945.0 ssil -173.428436 WEG
2945.0 2985.0 w -431.902588
2985.0 3100.0 ec -1315.195068
3100.0 3220.0 x -1556.151733
3220.0 3575.0 ssil -4041.677246
.
