#!MLF!#
"/net/aistaff/aki/_same-utterance/wav/05/Oost_Overijsel-Gelderland/3601-1449606440-506525.rec"
0.0 295.0 ssil -2385.739014 NA
295.0 310.0 n -138.824768
310.0 325.0 a -181.672623
325.0 1550.0 ssil -13823.424805
1550.0 1630.0 ssil -949.880371 DE
1630.0 1745.0 d -1475.215454
1745.0 1980.0 @ -3195.587402
1980.0 2020.0 ssil -581.604553
2020.0 2065.0 ssil -608.449646 TOCHT
2065.0 2115.0 t -742.366760
2115.0 2190.0 oc -1053.420654
2190.0 2300.0 x -1519.224609
2300.0 2445.0 t -1890.348999
2445.0 2505.0 ssil -909.654053
2505.0 2520.0 ssil -250.904144 IN
2520.0 2625.0 n -1373.286011
2625.0 2640.0 ssil -247.770844
2640.0 2655.0 ssil -208.298187 DE
2655.0 2670.0 d -209.758301
2670.0 2700.0 @ -372.592682
2700.0 2715.0 ssil -240.452362
2715.0 2735.0 ssil -352.617493 REGEN
2735.0 2770.0 r -518.726562
2770.0 2935.0 e -2036.676758
2935.0 3035.0 gc -1417.498779
3035.0 3250.0 @ -2512.251465
3250.0 3600.0 ssil -4018.743896
3600.0 3700.0 ssil -1193.132080 VAART
3700.0 3745.0 f -624.028015
3745.0 3835.0 a -1089.303345
3835.0 3855.0 r -305.428345
3855.0 3870.0 ssil -253.770905
3870.0 3895.0 ssil -376.604858 DE
3895.0 3920.0 d -358.866516
3920.0 3945.0 @ -338.963867
3945.0 3960.0 ssil -204.770706
3960.0 3990.0 ssil -415.341766 KAPITEIN
3990.0 4025.0 k -549.131042
4025.0 4110.0 ac -1082.120605
4110.0 4155.0 p -640.316223
4155.0 4220.0 i -843.117920
4220.0 4295.0 t -1065.702515
4295.0 4435.0 ei -1662.332764
4435.0 4505.0 n -767.288879
4505.0 4520.0 ssil -211.163879
4520.0 4535.0 ssil -210.606033 BLIJ
4535.0 4570.0 b -494.376312
4570.0 4630.0 l -756.137756
4630.0 4770.0 ei -1682.755371
4770.0 4785.0 ssil -210.051636
4785.0 4800.0 ssil -191.890854 WEG
4800.0 4820.0 w -247.896500
4820.0 4930.0 ec -1362.935669
4930.0 5210.0 x -3482.044922
5210.0 5665.0 ssil -5034.706543
.
