#!MLF!#
"/net/aistaff/aki/_same-utterance/wav/05/Oost_Overijsel-Gelderland/3857-1449775820-576626.rec"
0.0 410.0 ssil -4804.064453 NA
410.0 555.0 n -1633.021484
555.0 690.0 a -1541.359131
690.0 720.0 ssil -407.139313
720.0 745.0 ssil -325.160431 DE
745.0 765.0 d -284.245911
765.0 810.0 @ -571.689026
810.0 825.0 ssil -191.718658
825.0 840.0 ssil -212.885513 TOCHT
840.0 880.0 t -629.474915
880.0 960.0 oc -1015.965149
960.0 1060.0 x -1421.662476
1060.0 1080.0 ssil -258.350952
1080.0 1095.0 ssil -220.641449 IN
1095.0 1125.0 ic -399.432434
1125.0 1185.0 n -770.114319
1185.0 1200.0 ssil -210.254822
1200.0 1220.0 ssil -321.049652 DE
1220.0 1240.0 d -302.406403
1240.0 1305.0 @ -795.970947
1305.0 1320.0 ssil -212.145050
1320.0 1335.0 ssil -211.649887 REGEN
1335.0 1350.0 r -204.462006
1350.0 1495.0 e -1670.053345
1495.0 1570.0 gc -916.373596
1570.0 1630.0 @ -647.682190
1630.0 1645.0 n -192.817795
1645.0 1715.0 ssil -846.662659
1715.0 1765.0 ssil -604.941833 VAART
1765.0 1805.0 f -612.950134
1805.0 1820.0 a -221.005615
1820.0 1905.0 r -1074.954590
1905.0 1920.0 ssil -246.848999
1920.0 1935.0 ssil -231.596115 DE
1935.0 1970.0 d -512.151245
1970.0 1990.0 @ -290.286224
1990.0 2030.0 ssil -493.165558
2030.0 2060.0 ssil -374.934357 KAPITEIN
2060.0 2100.0 k -585.866882
2100.0 2190.0 ac -1139.704346
2190.0 2230.0 p -531.680786
2230.0 2315.0 i -1076.030029
2315.0 2355.0 t -593.518921
2355.0 2485.0 ei -1245.401123
2485.0 2545.0 n -647.588562
2545.0 2560.0 ssil -193.845016
2560.0 2575.0 ssil -176.987228 BLIJ
2575.0 2645.0 b -950.797546
2645.0 2715.0 l -938.313660
2715.0 2850.0 ei -1300.179443
2850.0 2865.0 ssil -186.277802
2865.0 2880.0 ssil -192.494736 WEG
2880.0 2940.0 w -688.816162
2940.0 3020.0 ec -929.431763
3020.0 3270.0 x -3092.169678
3270.0 3485.0 ssil -2538.412842
.
