#!MLF!#
"/net/aistaff/aki/_same-utterance/wav/05/Oost_Overijsel-Gelderland/4245-1450040155-658434.rec"
0.0 15.0 ssil -151.939545 NA
15.0 30.0 n -152.409286
30.0 285.0 a -2130.363770
285.0 300.0 ssil -201.921524
300.0 745.0 ssil -4848.211426 DE
745.0 820.0 d -966.242065
820.0 1085.0 @ -3394.643311
1085.0 1145.0 ssil -800.368103
1145.0 1170.0 ssil -388.809540 TOCHT
1170.0 1225.0 t -806.326721
1225.0 1315.0 oc -1187.035034
1315.0 1415.0 x -1303.657715
1415.0 1530.0 t -1397.048706
1530.0 1545.0 ssil -197.560928
1545.0 1620.0 ssil -978.570374 IN
1620.0 1680.0 n -795.818298
1680.0 1695.0 ssil -212.022385
1695.0 1710.0 ssil -215.725769 DE
1710.0 1725.0 d -204.118484
1725.0 1825.0 @ -1151.776611
1825.0 1840.0 ssil -233.510498
1840.0 1855.0 ssil -211.769241 REGEN
1855.0 1870.0 r -207.287201
1870.0 2065.0 e -2108.493164
2065.0 2175.0 x -1418.888184
2175.0 2215.0 @ -534.850586
2215.0 2305.0 n -1153.516724
2305.0 2325.0 ssil -254.787888
2325.0 2390.0 ssil -811.647583 VAART
2390.0 2510.0 f -1502.452759
2510.0 2595.0 a -1025.404663
2595.0 2625.0 r -441.783569
2625.0 2675.0 ssil -672.795044
2675.0 2695.0 ssil -279.173431 DE
2695.0 2725.0 d -441.287292
2725.0 2750.0 @ -322.991669
2750.0 2765.0 ssil -195.839462
2765.0 2790.0 ssil -283.581879 KAPITEIN
2790.0 2855.0 k -941.086975
2855.0 2940.0 ac -1113.120850
2940.0 2990.0 p -719.468567
2990.0 3125.0 t -1877.723633
3125.0 3275.0 ei -1567.687378
3275.0 3395.0 n -1362.776245
3395.0 3410.0 ssil -210.877045
3410.0 3425.0 ssil -249.811661 BLIJ
3425.0 3460.0 b -512.876953
3460.0 3505.0 l -610.312744
3505.0 3695.0 ei -2147.985107
3695.0 3710.0 ssil -195.950043
3710.0 3735.0 ssil -382.084534 WEG
3735.0 3750.0 w -212.057922
3750.0 3855.0 ec -1234.700439
3855.0 4145.0 x -3650.865234
4145.0 4505.0 ssil -4217.128418
.
