#!MLF!#
"/net/aistaff/aki/_same-utterance/wav/05/Oost_Overijsel-Gelderland/4674-1450945446-773187.rec"
0.0 820.0 ssil -9847.513672 NA
820.0 900.0 n -1014.920715
900.0 1055.0 a -1588.402100
1055.0 1070.0 ssil -221.971710
1070.0 1085.0 ssil -263.379883 DE
1085.0 1115.0 d -471.497131
1115.0 1220.0 @ -1483.920410
1220.0 1235.0 ssil -211.938675
1235.0 1250.0 ssil -228.088623 TOCHT
1250.0 1295.0 t -675.676575
1295.0 1375.0 oc -999.893188
1375.0 1505.0 x -1742.892456
1505.0 1595.0 t -1286.683594
1595.0 1615.0 ssil -275.180695
1615.0 1645.0 ssil -389.455627 IN
1645.0 1660.0 n -203.545258
1660.0 1675.0 ssil -200.256256
1675.0 1690.0 ssil -227.874969 DE
1690.0 1715.0 d -395.252045
1715.0 1820.0 @ -1487.052124
1820.0 1855.0 ssil -618.360779
1855.0 1885.0 ssil -544.513245 REGEN
1885.0 2000.0 r -1409.778320
2000.0 2185.0 e -1978.207520
2185.0 2270.0 x -1248.447510
2270.0 2290.0 @ -237.253815
2290.0 2335.0 n -525.248474
2335.0 2350.0 ssil -212.203125
2350.0 2365.0 ssil -213.661743 VAART
2365.0 2505.0 f -1786.023926
2505.0 2625.0 a -1296.666016
2625.0 2655.0 r -487.654388
2655.0 2715.0 t -838.702271
2715.0 2730.0 ssil -219.722885
2730.0 2745.0 ssil -236.220840 DE
2745.0 2760.0 d -221.017258
2760.0 2775.0 ssil -188.440338
2775.0 2790.0 ssil -187.913422 KAPITEIN
2790.0 2850.0 k -921.902161
2850.0 2955.0 ac -1431.255615
2955.0 2980.0 p -406.287506
2980.0 3050.0 i -915.465698
3050.0 3125.0 t -1028.870117
3125.0 3285.0 ei -1994.503784
3285.0 3400.0 n -1361.689575
3400.0 3415.0 ssil -189.737137
3415.0 3430.0 ssil -184.769882 BLIJ
3430.0 3450.0 b -315.104645
3450.0 3520.0 l -892.581848
3520.0 3680.0 ei -1917.418945
3680.0 3695.0 ssil -191.185730
3695.0 3710.0 ssil -175.391724 WEG
3710.0 3745.0 w -361.190948
3745.0 3830.0 ec -945.871155
3830.0 4025.0 x -2564.402344
4025.0 4065.0 ssil -444.350555
.
