#!MLF!#
"/net/aistaff/aki/_same-utterance/wav/05/Oost_Overijsel-Gelderland/4926-1451776794-841694.rec"
0.0 300.0 ssil -2434.649414 NA
300.0 315.0 n -168.774368
315.0 330.0 a -219.912796
330.0 1320.0 ssil -12666.581055
1320.0 1550.0 ssil -3088.115479 DE
1550.0 1605.0 d -833.376404
1605.0 1825.0 @ -3427.088623
1825.0 1850.0 ssil -355.201569
1850.0 1865.0 ssil -201.167419 TOCHT
1865.0 1935.0 t -1013.018860
1935.0 2025.0 oc -1265.581665
2025.0 2040.0 ssil -234.034561
2040.0 2055.0 ssil -225.337891 IN
2055.0 2070.0 n -250.705338
2070.0 2110.0 ssil -570.728699
2110.0 2135.0 ssil -340.734222 DE
2135.0 2165.0 d -433.500824
2165.0 2190.0 @ -335.902832
2190.0 2205.0 ssil -222.251068
2205.0 2220.0 ssil -230.550858 REGEN
2220.0 2470.0 r -3607.558105
2470.0 2630.0 e -1995.224976
2630.0 2715.0 gc -1141.873169
2715.0 2790.0 @ -1070.659790
2790.0 2850.0 n -742.885559
2850.0 2865.0 ssil -213.071899
2865.0 2880.0 ssil -237.511139 VAART
2880.0 3000.0 f -1581.602295
3000.0 3110.0 a -1490.235962
3110.0 3125.0 r -232.100311
3125.0 3140.0 ssil -207.244400
3140.0 3160.0 ssil -295.720520 DE
3160.0 3190.0 d -543.531189
3190.0 3205.0 ssil -253.060593
3205.0 3260.0 ssil -708.756165 KAPITEIN
3260.0 3300.0 k -591.890686
3300.0 3425.0 ac -1559.517700
3425.0 3440.0 p -224.239471
3440.0 3475.0 @ -582.044067
3475.0 3575.0 t -1355.521729
3575.0 3720.0 ei -1946.514893
3720.0 3780.0 n -702.160645
3780.0 3795.0 ssil -210.678726
3795.0 3810.0 ssil -212.717712 BLIJ
3810.0 3830.0 b -298.614075
3830.0 3880.0 l -727.097351
3880.0 4050.0 ei -2029.668823
4050.0 4070.0 ssil -246.722321
4070.0 4085.0 ssil -199.659973 WEG
4085.0 4115.0 w -410.154114
4115.0 4270.0 ec -1980.946777
4270.0 4290.0 x -325.947754
4290.0 4550.0 ssil -3215.239990
.
