#!MLF!#
"/net/aistaff/aki/_same-utterance/wav/05/Oost_Overijsel-Gelderland/4937-1451750358-839440.rec"
0.0 630.0 ssil -7331.031738 NA
630.0 670.0 n -551.595520
670.0 820.0 a -1744.678833
820.0 835.0 ssil -227.715805
835.0 850.0 ssil -252.080902 DE
850.0 875.0 d -339.316162
875.0 960.0 @ -1056.918579
960.0 975.0 ssil -177.781326
975.0 1010.0 ssil -424.602234 TOCHT
1010.0 1050.0 t -603.251709
1050.0 1140.0 oc -1124.280273
1140.0 1205.0 x -824.980469
1205.0 1220.0 ssil -213.317215
1220.0 1235.0 ssil -202.128754 IN
1235.0 1250.0 n -236.547211
1250.0 1265.0 ssil -205.094849
1265.0 1280.0 ssil -239.499481 DE
1280.0 1305.0 d -368.095459
1305.0 1415.0 @ -1194.470703
1415.0 1430.0 ssil -199.240402
1430.0 1445.0 ssil -191.829559 REGEN
1445.0 1565.0 r -1389.213501
1565.0 1790.0 e -2187.670898
1790.0 1890.0 gc -1238.668335
1890.0 1940.0 @ -587.269043
1940.0 2040.0 n -1290.760498
2040.0 2325.0 ssil -3465.947998
2325.0 2410.0 ssil -1007.827454 VAART
2410.0 2515.0 v -1249.217285
2515.0 2645.0 a -1390.840332
2645.0 2665.0 r -286.341675
2665.0 2680.0 ssil -209.907379
2680.0 2705.0 ssil -359.611481 DE
2705.0 2735.0 d -466.686127
2735.0 2770.0 @ -445.755280
2770.0 2785.0 ssil -217.431900
2785.0 2800.0 ssil -228.775696 KAPITEIN
2800.0 2865.0 k -994.055115
2865.0 2980.0 ac -1398.805420
2980.0 3015.0 p -494.345245
3015.0 3115.0 i -1321.831177
3115.0 3160.0 t -699.179199
3160.0 3335.0 ei -1716.016968
3335.0 3365.0 n -323.169922
3365.0 3380.0 ssil -195.371338
3380.0 3395.0 ssil -191.190247 BLIJ
3395.0 3435.0 b -566.963989
3435.0 3485.0 l -610.756592
3485.0 3670.0 ei -1796.663330
3670.0 3685.0 ssil -210.750320
3685.0 3700.0 ssil -194.205460 WEG
3700.0 3720.0 w -230.827499
3720.0 3880.0 ec -1692.056030
3880.0 3990.0 x -1319.029053
3990.0 4295.0 ssil -3601.227051
.
