#!MLF!#
"/net/aistaff/aki/_same-utterance/wav/05/Oost_Overijsel-Gelderland/507-1450197242-688031.rec"
0.0 15.0 ssil -128.766296 NA
15.0 30.0 n -157.074249
30.0 325.0 a -2211.981934
325.0 365.0 ssil -486.390533
365.0 1000.0 ssil -7589.372559 DE
1000.0 1045.0 d -645.188049
1045.0 1330.0 @ -3843.342773
1330.0 1345.0 ssil -182.047623
1345.0 1370.0 ssil -332.550720 TOCHT
1370.0 1405.0 t -529.969482
1405.0 1550.0 oc -1854.984375
1550.0 1565.0 ssil -206.410751
1565.0 1595.0 ssil -433.425140 IN
1595.0 1640.0 n -564.240662
1640.0 1655.0 ssil -172.079620
1655.0 1690.0 ssil -414.788025 DE
1690.0 1725.0 d -476.285736
1725.0 1860.0 @ -1792.873779
1860.0 1875.0 ssil -235.908279
1875.0 1890.0 ssil -227.052963 REGEN
1890.0 1990.0 r -1342.345825
1990.0 2235.0 e -3018.421631
2235.0 2285.0 gc -643.296997
2285.0 2345.0 @ -693.746094
2345.0 2445.0 n -1120.486328
2445.0 2535.0 ssil -1163.379028
2535.0 2605.0 ssil -809.186890 VAART
2605.0 2675.0 f -913.452881
2675.0 2765.0 a -1171.518555
2765.0 2805.0 r -507.379272
2805.0 2820.0 ssil -195.391815
2820.0 2835.0 ssil -216.046249 DE
2835.0 2860.0 d -348.750336
2860.0 2880.0 @ -262.568542
2880.0 2900.0 ssil -269.602905
2900.0 2945.0 ssil -559.972717 KAPITEIN
2945.0 2990.0 k -639.265686
2990.0 3050.0 ac -773.544250
3050.0 3065.0 p -228.764343
3065.0 3220.0 @ -2089.024414
3220.0 3285.0 t -930.189392
3285.0 3465.0 ei -2194.635742
3465.0 3515.0 n -548.157104
3515.0 3530.0 ssil -177.101700
3530.0 3545.0 ssil -209.424286 BLIJ
3545.0 3570.0 b -348.679535
3570.0 3615.0 l -609.220459
3615.0 3810.0 ei -2050.118408
3810.0 3825.0 ssil -188.360062
3825.0 3840.0 ssil -190.364990 WEG
3840.0 3855.0 w -188.248581
3855.0 4000.0 ec -1697.116699
4000.0 4080.0 x -1015.657898
4080.0 4645.0 ssil -6194.290527
.
