#!MLF!#
"/net/aistaff/aki/_same-utterance/wav/05/Oost_Overijsel-Gelderland/5330-1454019659-941166.rec"
0.0 1125.0 ssil -13467.865234 NA
1125.0 1220.0 n -1047.252197
1220.0 1360.0 a -1593.188721
1360.0 1375.0 ssil -238.294662
1375.0 1390.0 ssil -248.290771 DE
1390.0 1405.0 d -233.642883
1405.0 1450.0 @ -605.965210
1450.0 1515.0 ssil -905.419739
1515.0 1535.0 ssil -253.663681 TOCHT
1535.0 1600.0 t -866.136719
1600.0 1705.0 oc -1224.621704
1705.0 1810.0 x -1279.252808
1810.0 1825.0 ssil -227.631821
1825.0 1840.0 ssil -214.327850 IN
1840.0 1855.0 n -216.323944
1855.0 1870.0 ssil -192.772049
1870.0 1905.0 ssil -468.610596 DE
1905.0 1995.0 d -1159.575806
1995.0 2150.0 @ -1898.007080
2150.0 2165.0 ssil -213.019897
2165.0 2180.0 ssil -228.234146 REGEN
2180.0 2305.0 r -1671.068359
2305.0 2515.0 e -1994.949829
2515.0 2615.0 x -1336.592773
2615.0 2655.0 @ -589.744995
2655.0 2760.0 n -1237.428345
2760.0 2785.0 ssil -352.549469
2785.0 2805.0 ssil -248.333679 VAART
2805.0 2915.0 f -1336.986084
2915.0 3055.0 a -1508.986816
3055.0 3080.0 r -328.123352
3080.0 3100.0 ssil -287.687256
3100.0 3115.0 ssil -216.697144 DE
3115.0 3135.0 d -292.725769
3135.0 3175.0 @ -563.089050
3175.0 3190.0 ssil -202.057816
3190.0 3210.0 ssil -246.728760 KAPITEIN
3210.0 3270.0 k -816.526306
3270.0 3395.0 ac -1563.529419
3395.0 3420.0 p -393.276093
3420.0 3490.0 i -1038.775269
3490.0 3580.0 t -1161.099487
3580.0 3750.0 ei -1774.185303
3750.0 3810.0 n -673.350159
3810.0 3825.0 ssil -224.026001
3825.0 3840.0 ssil -242.123215 BLIJ
3840.0 3875.0 b -555.342773
3875.0 3925.0 l -686.016968
3925.0 4120.0 ei -1887.580566
4120.0 4135.0 ssil -185.553177
4135.0 4150.0 ssil -173.931976 WEG
4150.0 4185.0 w -392.019623
4185.0 4325.0 ec -1623.074463
4325.0 4560.0 x -2877.611328
4560.0 5015.0 ssil -5325.151855
.
