#!MLF!#
"/net/aistaff/aki/_same-utterance/wav/05/Oost_Overijsel-Gelderland/5363-1454010378-973611.rec"
0.0 1365.0 ssil -16362.426758 NA
1365.0 1480.0 n -1375.106934
1480.0 1665.0 a -2042.652466
1665.0 1680.0 ssil -223.589066
1680.0 1695.0 ssil -233.108688 DE
1695.0 1715.0 d -295.558563
1715.0 1805.0 @ -1200.815552
1805.0 1830.0 ssil -314.541199
1830.0 1900.0 ssil -919.892517 TOCHT
1900.0 1940.0 t -610.041870
1940.0 2045.0 oc -1312.105103
2045.0 2145.0 x -1367.917114
2145.0 2160.0 ssil -244.298492
2160.0 2175.0 ssil -215.474289 IN
2175.0 2190.0 n -195.450195
2190.0 2235.0 ssil -513.958984
2235.0 2265.0 ssil -397.468231 DE
2265.0 2305.0 d -600.878357
2305.0 2320.0 ssil -207.966766
2320.0 2335.0 ssil -191.758316 REGEN
2335.0 2655.0 r -4374.949219
2655.0 2925.0 e -2956.978516
2925.0 3030.0 gc -1491.130249
3030.0 3095.0 @ -656.456360
3095.0 3270.0 n -2132.978271
3270.0 3510.0 ssil -2904.210205
3510.0 3565.0 ssil -664.739624 VAART
3565.0 3705.0 f -1759.618530
3705.0 3740.0 a -484.927765
3740.0 3870.0 r -1632.455322
3870.0 3915.0 ssil -590.881897
3915.0 3930.0 ssil -196.405685 DE
3930.0 3965.0 d -541.071899
3965.0 4010.0 @ -633.600952
4010.0 4025.0 ssil -201.220322
4025.0 4040.0 ssil -193.264969 KAPITEIN
4040.0 4100.0 k -829.268127
4100.0 4190.0 ac -1187.902710
4190.0 4235.0 b -612.385742
4235.0 4305.0 i -925.529663
4305.0 4435.0 d -1710.204712
4435.0 4640.0 ei -1966.542969
4640.0 4840.0 n -1956.066528
4840.0 4855.0 ssil -197.770203
4855.0 4870.0 ssil -198.355591 BLIJ
4870.0 4925.0 b -724.124207
4925.0 5000.0 l -1063.631348
5000.0 5315.0 ei -3242.837646
5315.0 5330.0 ssil -176.911331
5330.0 5345.0 ssil -175.234680 WEG
5345.0 5395.0 w -604.593262
5395.0 5490.0 ec -1279.504639
5490.0 5505.0 x -223.104095
5505.0 7105.0 ssil -18967.876953
.
