#!MLF!#
"/net/aistaff/aki/_same-utterance/wav/05/Oost_Overijsel-Gelderland/5559-1454008471-953304.rec"
0.0 15.0 ssil -160.389496 NA
15.0 95.0 n -760.440552
95.0 110.0 a -205.110382
110.0 145.0 ssil -527.139221
145.0 730.0 ssil -6721.089844 DE
730.0 800.0 d -936.847534
800.0 825.0 @ -395.185455
825.0 1015.0 ssil -2943.271240
1015.0 1060.0 ssil -634.120544 TOCHT
1060.0 1110.0 t -759.068970
1110.0 1190.0 oc -1127.139038
1190.0 1240.0 x -661.921204
1240.0 1255.0 ssil -202.822021
1255.0 1275.0 ssil -272.624084 IN
1275.0 1290.0 n -214.019485
1290.0 1305.0 ssil -241.093719
1305.0 1320.0 ssil -253.758209 DE
1320.0 1335.0 d -237.777573
1335.0 1350.0 ssil -218.657745
1350.0 1365.0 ssil -198.312698 REGEN
1365.0 1545.0 r -2463.509521
1545.0 1740.0 e -1875.839233
1740.0 1825.0 gc -1095.012939
1825.0 1880.0 @ -722.140747
1880.0 1930.0 ssil -643.710022
1930.0 1945.0 ssil -194.914032 VAART
1945.0 1980.0 f -537.554382
1980.0 2060.0 a -1023.410950
2060.0 2085.0 r -381.207611
2085.0 2100.0 ssil -214.939301
2100.0 2125.0 ssil -349.649139 DE
2125.0 2150.0 d -388.027344
2150.0 2175.0 @ -333.622711
2175.0 2190.0 ssil -209.484100
2190.0 2205.0 ssil -243.806931 KAPITEIN
2205.0 2255.0 k -815.359497
2255.0 2365.0 ac -1469.973389
2365.0 2390.0 p -414.349060
2390.0 2440.0 i -810.878418
2440.0 2505.0 t -990.225769
2505.0 2610.0 ei -1304.487793
2610.0 2675.0 n -706.251160
2675.0 2690.0 ssil -194.153595
2690.0 2705.0 ssil -225.689682 BLIJ
2705.0 2725.0 b -309.214691
2725.0 2760.0 l -524.033203
2760.0 2895.0 ei -1490.967773
2895.0 2910.0 ssil -181.359482
2910.0 2925.0 ssil -186.803574 WEG
2925.0 2940.0 w -193.084656
2940.0 3050.0 ec -1348.650269
3050.0 3275.0 x -2784.587891
3275.0 4155.0 ssil -9997.864258
.
