#!MLF!#
"/net/aistaff/aki/_same-utterance/wav/05/Oost_Overijsel-Gelderland/5598-1454015208-1025594.rec"
0.0 800.0 ssil -9054.013672 NA
800.0 880.0 n -945.315918
880.0 1025.0 a -1503.555176
1025.0 1040.0 ssil -196.438446
1040.0 1055.0 ssil -206.103577 DE
1055.0 1070.0 d -212.907013
1070.0 1110.0 @ -490.222687
1110.0 1125.0 ssil -210.104248
1125.0 1185.0 ssil -769.447998 TOCHT
1185.0 1235.0 t -730.503418
1235.0 1305.0 oc -823.653809
1305.0 1325.0 ssil -268.727081
1325.0 1360.0 ssil -456.979126 IN
1360.0 1375.0 n -186.177322
1375.0 1390.0 ssil -186.691101
1390.0 1410.0 ssil -255.876556 DE
1410.0 1440.0 d -394.949615
1440.0 1545.0 @ -1217.120483
1545.0 1560.0 ssil -230.975693
1560.0 1575.0 ssil -218.666275 REGEN
1575.0 1715.0 r -1500.942993
1715.0 1930.0 e -2026.965698
1930.0 1950.0 gc -284.317444
1950.0 2010.0 ssil -782.513489
2010.0 2025.0 ssil -212.124664 VAART
2025.0 2165.0 f -1779.722778
2165.0 2310.0 a -1410.383789
2310.0 2335.0 r -344.143097
2335.0 2350.0 ssil -206.723511
2350.0 2375.0 ssil -345.686859 DE
2375.0 2415.0 d -527.519409
2415.0 2445.0 ssil -369.782440
2445.0 2460.0 ssil -208.334763 KAPITEIN
2460.0 2500.0 k -522.714661
2500.0 2550.0 ac -574.992249
2550.0 2570.0 p -265.149261
2570.0 2645.0 @ -933.527832
2645.0 2775.0 t -1699.514404
2775.0 2935.0 ei -1661.993896
2935.0 2990.0 n -551.946533
2990.0 3005.0 ssil -172.828918
3005.0 3020.0 ssil -176.236404 BLIJ
3020.0 3050.0 b -384.552002
3050.0 3105.0 l -693.499268
3105.0 3275.0 ei -1608.880371
3275.0 3300.0 ssil -290.860321
3300.0 3320.0 ssil -205.113159 WEG
3320.0 3355.0 w -390.573090
3355.0 3520.0 ec -1755.509155
3520.0 3560.0 x -483.378754
3560.0 4295.0 ssil -8562.303711
.
