#!MLF!#
"/net/aistaff/aki/_same-utterance/wav/05/Oost_Overijsel-Gelderland/5762-1454599161-1328259.rec"
0.0 440.0 ssil -4191.386719 NA
440.0 510.0 n -919.886780
510.0 615.0 a -1106.113525
615.0 630.0 ssil -223.565109
630.0 645.0 ssil -235.394135 DE
645.0 670.0 d -346.945129
670.0 720.0 @ -667.440491
720.0 760.0 ssil -563.590088
760.0 785.0 ssil -358.391907 TOCHT
785.0 820.0 t -513.411377
820.0 905.0 oc -1010.310608
905.0 950.0 x -632.655579
950.0 965.0 ssil -244.567017
965.0 980.0 ssil -229.412964 IN
980.0 995.0 n -235.203339
995.0 1010.0 ssil -229.403778
1010.0 1025.0 ssil -255.009277 DE
1025.0 1045.0 d -308.343536
1045.0 1105.0 @ -710.322510
1105.0 1120.0 ssil -235.513779
1120.0 1135.0 ssil -264.282745 REGEN
1135.0 1265.0 r -1508.534546
1265.0 1440.0 e -1822.179077
1440.0 1540.0 x -1379.929688
1540.0 1560.0 @ -249.354904
1560.0 1660.0 n -1146.837036
1660.0 1675.0 ssil -194.175232
1675.0 1765.0 ssil -1078.634277 VAART
1765.0 1815.0 f -652.769531
1815.0 1905.0 a -884.861572
1905.0 1920.0 r -210.598038
1920.0 1935.0 ssil -196.797989
1935.0 1950.0 ssil -175.090897 DE
1950.0 1985.0 d -464.213318
1985.0 2025.0 @ -494.585724
2025.0 2040.0 ssil -195.406982
2040.0 2060.0 ssil -262.577271 KAPITEIN
2060.0 2120.0 k -926.528381
2120.0 2185.0 ac -792.305359
2185.0 2225.0 p -527.900696
2225.0 2290.0 i -820.188354
2290.0 2365.0 t -1009.091553
2365.0 2485.0 ei -1143.561401
2485.0 2500.0 n -196.412613
2500.0 2515.0 ssil -198.804016
2515.0 2530.0 ssil -195.544174 BLIJ
2530.0 2590.0 b -743.366882
2590.0 2640.0 l -627.055603
2640.0 2750.0 ei -1144.192383
2750.0 2765.0 ssil -186.728333
2765.0 2780.0 ssil -176.359375 WEG
2780.0 2805.0 w -267.844727
2805.0 2920.0 ec -1186.613892
2920.0 3135.0 x -2872.738037
3135.0 3505.0 ssil -4233.588867
.
