#!MLF!#
"/net/aistaff/aki/_same-utterance/wav/05/Oost_Overijsel-Gelderland/5812-1454008528-961381.rec"
0.0 790.0 ssil -9501.532227 NA
790.0 855.0 n -873.520508
855.0 980.0 a -1489.791504
980.0 995.0 ssil -225.321136
995.0 1010.0 ssil -227.614670 DE
1010.0 1025.0 d -208.406036
1025.0 1080.0 @ -703.698792
1080.0 1150.0 ssil -947.217163
1150.0 1175.0 ssil -319.459442 TOCHT
1175.0 1235.0 t -808.139221
1235.0 1325.0 oc -1036.902710
1325.0 1465.0 x -1825.676270
1465.0 1535.0 t -945.162354
1535.0 1550.0 ssil -227.627716
1550.0 1565.0 ssil -207.311264 IN
1565.0 1580.0 n -216.184784
1580.0 1595.0 ssil -202.921585
1595.0 1610.0 ssil -209.986053 DE
1610.0 1635.0 d -313.246765
1635.0 1760.0 @ -1389.722656
1760.0 1775.0 ssil -228.275024
1775.0 1790.0 ssil -237.733353 REGEN
1790.0 1890.0 r -1265.715576
1890.0 2070.0 e -1700.602783
2070.0 2180.0 x -1443.209106
2180.0 2215.0 @ -424.483032
2215.0 2315.0 n -1218.161499
2315.0 2330.0 ssil -203.462616
2330.0 2350.0 ssil -243.595566 VAART
2350.0 2445.0 v -1177.337036
2445.0 2590.0 a -1445.519775
2590.0 2605.0 r -195.531540
2605.0 2620.0 ssil -178.418457
2620.0 2635.0 ssil -218.943817 DE
2635.0 2665.0 d -439.348572
2665.0 2735.0 @ -929.923889
2735.0 2765.0 ssil -343.133148
2765.0 2785.0 ssil -264.125641 KAPITEIN
2785.0 2815.0 k -403.956207
2815.0 2880.0 ac -823.803223
2880.0 2940.0 p -774.028442
2940.0 2990.0 i -711.938477
2990.0 3105.0 t -1671.709839
3105.0 3285.0 ei -2167.206787
3285.0 3410.0 n -1405.467651
3410.0 3425.0 ssil -192.831848
3425.0 3440.0 ssil -179.323090 BLIJ
3440.0 3535.0 b -1386.084351
3535.0 3575.0 l -588.174255
3575.0 3900.0 ei -3640.347656
3900.0 4005.0 ssil -1314.255371
4005.0 4210.0 ssil -2434.286377 WEG
4210.0 4225.0 w -185.263199
4225.0 4245.0 ec -229.136353
4245.0 4635.0 x -5033.374512
4635.0 5015.0 ssil -4769.447754
.
