#!MLF!#
"/net/aistaff/aki/_same-utterance/wav/05/Oost_Overijsel-Gelderland/5857-1454009314-966567.rec"
0.0 15.0 ssil -152.617874 NA
15.0 625.0 n -5117.203613
625.0 645.0 a -231.308945
645.0 670.0 ssil -315.520294
670.0 830.0 ssil -2085.625000 DE
830.0 850.0 d -332.672485
850.0 995.0 @ -1979.418457
995.0 1055.0 ssil -906.678650
1055.0 1125.0 ssil -854.231262 TOCHT
1125.0 1180.0 t -799.881409
1180.0 1255.0 oc -1136.223389
1255.0 1355.0 x -1446.372681
1355.0 1400.0 t -620.065857
1400.0 1415.0 ssil -238.571060
1415.0 1430.0 ssil -230.324677 IN
1430.0 1445.0 n -266.647644
1445.0 1460.0 ssil -203.365891
1460.0 1475.0 ssil -224.825180 DE
1475.0 1530.0 d -799.002197
1530.0 1605.0 @ -990.126709
1605.0 1625.0 ssil -309.555054
1625.0 1640.0 ssil -227.239456 REGEN
1640.0 1715.0 r -1046.932251
1715.0 1905.0 e -2218.641846
1905.0 1985.0 gc -1119.690552
1985.0 2140.0 @ -2102.573730
2140.0 2170.0 ssil -378.126770
2170.0 2190.0 ssil -245.775711 VAART
2190.0 2295.0 f -1417.288208
2295.0 2425.0 a -1676.183716
2425.0 2455.0 r -457.927490
2455.0 2480.0 ssil -292.218140
2480.0 2500.0 ssil -260.019714 DE
2500.0 2535.0 d -567.006409
2535.0 2555.0 @ -311.544983
2555.0 2570.0 ssil -220.298630
2570.0 2600.0 ssil -383.467865 KAPITEIN
2600.0 2645.0 k -739.031006
2645.0 2740.0 ac -1332.116577
2740.0 2775.0 p -585.031006
2775.0 2870.0 @ -1392.277344
2870.0 2920.0 t -753.613464
2920.0 3065.0 ei -1746.749634
3065.0 3110.0 n -523.149902
3110.0 3125.0 ssil -185.833893
3125.0 3140.0 ssil -222.805939 BLIJ
3140.0 3160.0 b -315.534943
3160.0 3230.0 l -1005.387146
3230.0 3365.0 ei -1699.189331
3365.0 3380.0 ssil -210.906845
3380.0 3395.0 ssil -199.513000 WEG
3395.0 3410.0 w -192.162094
3410.0 3545.0 ec -1723.380981
3545.0 3710.0 x -2113.074463
3710.0 4180.0 ssil -5191.818359
.
