#!MLF!#
"/net/aistaff/aki/_same-utterance/wav/05/Oost_Overijsel-Gelderland/5945-1454072110-988266.rec"
0.0 790.0 ssil -8891.786133 NA
790.0 875.0 n -994.474854
875.0 1010.0 a -1572.366333
1010.0 1025.0 ssil -219.548691
1025.0 1040.0 ssil -213.817642 DE
1040.0 1060.0 d -274.735748
1060.0 1140.0 @ -1042.725220
1140.0 1160.0 ssil -239.328781
1160.0 1180.0 ssil -281.407043 TOCHT
1180.0 1230.0 t -749.733093
1230.0 1315.0 oc -1029.382690
1315.0 1340.0 ssil -339.656738
1340.0 1360.0 ssil -249.865082 IN
1360.0 1375.0 n -225.023209
1375.0 1415.0 ssil -483.712463
1415.0 1440.0 ssil -325.592987 DE
1440.0 1475.0 d -476.958679
1475.0 1650.0 @ -1855.498169
1650.0 1665.0 ssil -192.184570
1665.0 1680.0 ssil -195.824295 REGEN
1680.0 1695.0 r -190.347321
1695.0 1890.0 e -2153.801758
1890.0 1985.0 gc -1228.819092
1985.0 2060.0 @ -975.565552
2060.0 2075.0 ssil -222.686752
2075.0 2095.0 ssil -281.833527 VAART
2095.0 2180.0 f -1107.513428
2180.0 2270.0 a -964.222046
2270.0 2295.0 r -333.466644
2295.0 2315.0 ssil -292.689331
2315.0 2360.0 ssil -691.628906 DE
2360.0 2375.0 d -243.101120
2375.0 2400.0 @ -318.405090
2400.0 2420.0 ssil -253.864822
2420.0 2440.0 ssil -237.339737 KAPITEIN
2440.0 2490.0 k -748.337646
2490.0 2585.0 ac -1235.667969
2585.0 2615.0 p -483.925751
2615.0 2675.0 i -834.360168
2675.0 2755.0 t -1176.094849
2755.0 2885.0 ei -1368.048584
2885.0 2915.0 n -354.086578
2915.0 2930.0 ssil -198.909912
2930.0 2945.0 ssil -180.459274 BLIJ
2945.0 3030.0 b -1013.255737
3030.0 3085.0 l -799.953430
3085.0 3245.0 ei -2003.591064
3245.0 3260.0 ssil -196.472763
3260.0 3275.0 ssil -202.499557 WEG
3275.0 3300.0 w -334.006531
3300.0 3425.0 ec -1467.114868
3425.0 3560.0 x -1676.742310
3560.0 3855.0 ssil -3618.434570
.
