#!MLF!#
"/net/aistaff/aki/_same-utterance/wav/05/Oost_Overijsel-Gelderland/6111-1454020256-1043945.rec"
0.0 1100.0 ssil -12875.047852 NA
1100.0 1145.0 n -683.034851
1145.0 1285.0 a -1421.126831
1285.0 1325.0 ssil -537.686829
1325.0 1350.0 ssil -342.316833 DE
1350.0 1375.0 d -353.835358
1375.0 1425.0 @ -620.648071
1425.0 1440.0 ssil -194.083878
1440.0 1460.0 ssil -301.184021 TOCHT
1460.0 1490.0 t -493.825775
1490.0 1605.0 oc -1304.788086
1605.0 1670.0 x -1003.174988
1670.0 1695.0 ssil -379.658112
1695.0 1795.0 ssil -1313.760986 IN
1795.0 1895.0 n -1236.914062
1895.0 1910.0 ssil -213.930084
1910.0 1925.0 ssil -215.621078 DE
1925.0 1950.0 d -360.709229
1950.0 2010.0 @ -757.216248
2010.0 2025.0 ssil -181.755661
2025.0 2040.0 ssil -190.042221 REGEN
2040.0 2155.0 r -1409.655884
2155.0 2285.0 e -1384.585205
2285.0 2385.0 gc -1432.625244
2385.0 2470.0 @ -900.079773
2470.0 2575.0 n -1236.307373
2575.0 2620.0 ssil -505.247681
2620.0 3005.0 ssil -4470.023926 VAART
3005.0 3045.0 f -625.644775
3045.0 3170.0 a -1433.277832
3170.0 3205.0 r -447.466919
3205.0 3240.0 ssil -559.124451
3240.0 3265.0 ssil -357.210571 DE
3265.0 3300.0 d -513.425781
3300.0 3345.0 @ -581.110840
3345.0 3360.0 ssil -219.492050
3360.0 3375.0 ssil -228.404373 KAPITEIN
3375.0 3430.0 k -858.432251
3430.0 3515.0 ac -983.579529
3515.0 3560.0 p -664.114746
3560.0 3640.0 @ -1113.677124
3640.0 3700.0 t -828.777588
3700.0 3805.0 ei -1143.128906
3805.0 3865.0 n -634.907593
3865.0 3880.0 ssil -177.248734
3880.0 3895.0 ssil -213.054291 BLIJ
3895.0 3920.0 b -380.740601
3920.0 3955.0 l -447.109711
3955.0 4075.0 ei -1147.058105
4075.0 4090.0 ssil -193.155075
4090.0 4105.0 ssil -186.551025 WEG
4105.0 4140.0 w -402.947815
4140.0 4230.0 ec -1042.503540
4230.0 4325.0 x -1245.541748
4325.0 5525.0 ssil -13619.020508
.
