#!MLF!#
"/net/aistaff/aki/_same-utterance/wav/05/Oost_Overijsel-Gelderland/6216-1454058431-1067515.rec"
0.0 1165.0 ssil -14369.743164 NA
1165.0 1270.0 n -1285.734009
1270.0 1380.0 a -1305.443115
1380.0 1395.0 ssil -196.295029
1395.0 1410.0 ssil -216.173203 DE
1410.0 1435.0 d -351.110382
1435.0 1550.0 @ -1395.659546
1550.0 1565.0 ssil -218.273361
1565.0 1580.0 ssil -227.565582 TOCHT
1580.0 1620.0 t -578.483826
1620.0 1690.0 oc -907.881531
1690.0 1855.0 x -2200.738770
1855.0 1915.0 t -821.957947
1915.0 1930.0 ssil -216.108063
1930.0 1945.0 ssil -217.451935 IN
1945.0 1960.0 n -201.192337
1960.0 1975.0 ssil -193.591629
1975.0 1990.0 ssil -218.553925 DE
1990.0 2025.0 d -499.758881
2025.0 2160.0 @ -1756.876709
2160.0 2175.0 ssil -216.817184
2175.0 2190.0 ssil -225.674316 REGEN
2190.0 2305.0 r -1521.545654
2305.0 2565.0 e -3174.557129
2565.0 2595.0 gc -393.347382
2595.0 2665.0 @ -779.418823
2665.0 2845.0 n -2079.265381
2845.0 2875.0 ssil -380.133972
2875.0 2910.0 ssil -454.496155 VAART
2910.0 3025.0 f -1493.714233
3025.0 3220.0 a -2345.994385
3220.0 3265.0 r -570.814148
3265.0 3355.0 t -1151.890991
3355.0 3390.0 ssil -492.205566
3390.0 3405.0 ssil -193.260757 DE
3405.0 3455.0 d -714.631348
3455.0 3505.0 @ -663.952393
3505.0 3520.0 ssil -199.780823
3520.0 3535.0 ssil -197.226105 KAPITEIN
3535.0 3590.0 k -823.018738
3590.0 3755.0 ac -2104.466064
3755.0 3780.0 p -365.142456
3780.0 3825.0 @ -536.384888
3825.0 3890.0 t -887.212158
3890.0 4060.0 ei -1861.711060
4060.0 4130.0 n -803.581909
4130.0 4145.0 ssil -190.074905
4145.0 4160.0 ssil -191.748810 BLIJ
4160.0 4210.0 b -652.375977
4210.0 4265.0 l -739.850952
4265.0 4435.0 ei -1985.900269
4435.0 4455.0 ssil -241.663818
4455.0 4470.0 ssil -181.995590 WEG
4470.0 4510.0 w -534.289001
4510.0 4690.0 ec -2137.128418
4690.0 4875.0 x -2276.536865
4875.0 5435.0 ssil -6717.625488
.
