#!MLF!#
"/net/aistaff/aki/_same-utterance/wav/05/Oost_Overijsel-Gelderland/6824-1454408149-1239968.rec"
0.0 15.0 ssil -165.171509 NA
15.0 625.0 n -5022.554688
625.0 655.0 a -443.319061
655.0 795.0 ssil -1871.067261
795.0 945.0 ssil -2124.357666 DE
945.0 975.0 d -463.658234
975.0 1140.0 @ -2143.944580
1140.0 1175.0 ssil -552.898926
1175.0 1200.0 ssil -365.952087 TOCHT
1200.0 1335.0 t -1858.428223
1335.0 1435.0 oc -1374.005493
1435.0 1550.0 x -1675.096436
1550.0 1645.0 t -1307.784424
1645.0 1660.0 ssil -213.861847
1660.0 1675.0 ssil -207.129074 IN
1675.0 1720.0 n -610.142761
1720.0 1735.0 ssil -231.524994
1735.0 1770.0 ssil -579.808899 DE
1770.0 1815.0 d -662.169800
1815.0 1890.0 @ -934.321716
1890.0 1905.0 ssil -196.261307
1905.0 1920.0 ssil -203.319748 REGEN
1920.0 1935.0 r -203.622650
1935.0 2110.0 e -1867.142090
2110.0 2205.0 gc -1267.681274
2205.0 2260.0 @ -655.169617
2260.0 2275.0 ssil -219.234222
2275.0 2290.0 ssil -226.909653 VAART
2290.0 2470.0 f -2235.778076
2470.0 2590.0 a -1259.192871
2590.0 2605.0 r -226.759537
2605.0 2630.0 ssil -361.182098
2630.0 2680.0 ssil -729.976562 DE
2680.0 2710.0 d -462.154144
2710.0 2730.0 @ -303.021790
2730.0 2750.0 ssil -321.896820
2750.0 2805.0 ssil -649.559814 KAPITEIN
2805.0 2855.0 k -792.486816
2855.0 2920.0 ac -824.411987
2920.0 3010.0 p -1391.705078
3010.0 3045.0 i -578.885254
3045.0 3175.0 t -1781.922119
3175.0 3330.0 ei -1720.271484
3330.0 3375.0 n -559.132568
3375.0 3390.0 ssil -227.867828
3390.0 3405.0 ssil -205.429947 BLIJ
3405.0 3445.0 b -642.921509
3445.0 3495.0 l -689.850342
3495.0 3655.0 ei -2077.752441
3655.0 3675.0 ssil -277.974335
3675.0 3695.0 ssil -269.240723 WEG
3695.0 3720.0 w -320.205658
3720.0 3840.0 ec -1488.480103
3840.0 4120.0 x -3658.223633
4120.0 4550.0 ssil -5249.832031
.
