#!MLF!#
"/net/aistaff/aki/_same-utterance/wav/05/Oost_Overijsel-Gelderland/6930-1456267087-1267225.rec"
0.0 295.0 ssil -2258.509766 NA
295.0 310.0 n -173.478760
310.0 325.0 a -182.037109
325.0 720.0 ssil -4507.774902
720.0 750.0 ssil -373.531250 DE
750.0 860.0 d -1432.733032
860.0 1145.0 @ -3466.310547
1145.0 1170.0 ssil -281.118561
1170.0 1220.0 ssil -553.223328 TOCHT
1220.0 1290.0 t -1037.459351
1290.0 1380.0 oc -1149.921509
1380.0 1470.0 x -1326.868286
1470.0 1525.0 t -748.838013
1525.0 1550.0 ssil -360.868591
1550.0 1575.0 ssil -377.355591 IN
1575.0 1590.0 n -222.421356
1590.0 1670.0 ssil -959.290283
1670.0 1750.0 ssil -971.195801 DE
1750.0 1795.0 d -734.967957
1795.0 1880.0 @ -1145.884521
1880.0 1895.0 ssil -233.744553
1895.0 1910.0 ssil -226.036194 REGEN
1910.0 2120.0 r -2598.189453
2120.0 2340.0 e -2980.410400
2340.0 2420.0 gc -1118.468506
2420.0 2465.0 @ -561.585449
2465.0 2615.0 n -1655.257324
2615.0 2745.0 ssil -1573.612915
2745.0 3195.0 ssil -5452.428223 VAART
3195.0 3380.0 f -2447.036621
3380.0 3545.0 a -2046.145752
3545.0 3575.0 r -495.606323
3575.0 3605.0 t -493.584198
3605.0 3645.0 ssil -594.531189
3645.0 3720.0 ssil -946.319214 DE
3720.0 3770.0 d -790.183838
3770.0 3810.0 ssil -534.458008
3810.0 3865.0 ssil -642.435181 KAPITEIN
3865.0 3930.0 k -936.800232
3930.0 4050.0 @ -1624.745361
4050.0 4095.0 p -623.885925
4095.0 4145.0 i -656.313477
4145.0 4255.0 t -1497.046631
4255.0 4435.0 ei -2045.880737
4435.0 4550.0 n -1433.374512
4550.0 4650.0 ssil -1238.578857
4650.0 4715.0 ssil -725.527405 BLIJ
4715.0 4810.0 b -1163.259033
4810.0 4925.0 l -1606.671631
4925.0 5040.0 ei -1409.561401
5040.0 5055.0 ssil -182.904877
5055.0 5070.0 ssil -172.629211 WEG
5070.0 5120.0 w -656.520142
5120.0 5220.0 ec -1307.369507
5220.0 5540.0 x -4477.718262
5540.0 5900.0 ssil -4207.187500
.
