#!MLF!#
"/net/aistaff/aki/_same-utterance/wav/05/Oost_Overijsel-Gelderland/6968-1454516374-1269623.rec"
0.0 345.0 ssil -2964.114502 NA
345.0 360.0 n -204.579590
360.0 445.0 a -1010.182495
445.0 555.0 ssil -1366.524780
555.0 780.0 ssil -2720.807617 DE
780.0 825.0 d -598.446350
825.0 1035.0 @ -2673.932861
1035.0 1080.0 ssil -581.593384
1080.0 1100.0 ssil -305.578278 TOCHT
1100.0 1150.0 t -716.309509
1150.0 1235.0 oc -1084.421143
1235.0 1375.0 x -1885.210327
1375.0 1390.0 ssil -202.232391
1390.0 1405.0 ssil -192.671555 IN
1405.0 1420.0 n -202.453857
1420.0 1435.0 ssil -201.921341
1435.0 1450.0 ssil -206.137466 DE
1450.0 1465.0 d -193.462097
1465.0 1610.0 @ -1722.849365
1610.0 1625.0 ssil -191.551941
1625.0 1640.0 ssil -195.652054 REGEN
1640.0 1715.0 r -932.133484
1715.0 1895.0 e -2247.585449
1895.0 1985.0 gc -1207.901978
1985.0 2005.0 @ -255.055435
2005.0 2065.0 n -710.718994
2065.0 2085.0 ssil -258.060181
2085.0 2115.0 ssil -374.733490 VAART
2115.0 2190.0 f -941.118225
2190.0 2300.0 a -1209.140259
2300.0 2320.0 r -274.255768
2320.0 2380.0 t -817.641357
2380.0 2415.0 ssil -408.724884
2415.0 2465.0 ssil -583.556885 DE
2465.0 2495.0 d -428.989227
2495.0 2560.0 @ -774.386963
2560.0 2575.0 ssil -199.437943
2575.0 2595.0 ssil -268.421448 KAPITEIN
2595.0 2610.0 k -228.915436
2610.0 2625.0 ac -230.364502
2625.0 2660.0 p -480.024109
2660.0 2740.0 t -1081.839355
2740.0 2925.0 ei -2080.875244
2925.0 3000.0 n -829.138489
3000.0 3020.0 ssil -229.907043
3020.0 3400.0 ssil -4315.588867 BLIJ
3400.0 3485.0 b -1128.358154
3485.0 3540.0 l -663.084229
3540.0 3750.0 ei -2410.614014
3750.0 3765.0 ssil -198.224030
3765.0 3780.0 ssil -190.689514 WEG
3780.0 3810.0 w -341.968628
3810.0 3930.0 ec -1438.479126
3930.0 4000.0 x -921.197144
4000.0 4760.0 ssil -8976.373047
.
