#!MLF!#
"/net/aistaff/aki/_same-utterance/wav/05/Oost_Overijsel-Gelderland/7484-1455035460-1404143.rec"
0.0 525.0 ssil -6217.635742 NA
525.0 600.0 n -859.862488
600.0 710.0 a -1217.304199
710.0 725.0 ssil -234.958710
725.0 740.0 ssil -229.022827 DE
740.0 755.0 d -228.897430
755.0 810.0 @ -745.752075
810.0 855.0 ssil -613.082031
855.0 880.0 ssil -360.586090 TOCHT
880.0 925.0 t -787.891541
925.0 1010.0 oc -1157.614014
1010.0 1025.0 ssil -244.769730
1025.0 1040.0 ssil -227.730881 IN
1040.0 1055.0 n -261.837280
1055.0 1080.0 ssil -364.092407
1080.0 1115.0 ssil -519.156494 DE
1115.0 1145.0 d -572.795105
1145.0 1230.0 @ -1187.672485
1230.0 1250.0 ssil -320.227905
1250.0 1265.0 ssil -259.566681 REGEN
1265.0 1380.0 r -1544.017090
1380.0 1585.0 e -2223.585205
1585.0 1685.0 gc -1465.425171
1685.0 1815.0 @ -1452.824585
1815.0 2195.0 ssil -4512.949219
2195.0 2240.0 ssil -628.253174 VAART
2240.0 2310.0 f -940.261292
2310.0 2465.0 a -1866.783203
2465.0 2490.0 r -343.210205
2490.0 2520.0 t -444.598633
2520.0 2535.0 ssil -244.143921
2535.0 2550.0 ssil -228.549820 DE
2550.0 2565.0 d -236.358200
2565.0 2580.0 ssil -214.915146
2580.0 2595.0 ssil -216.135834 KAPITEIN
2595.0 2660.0 k -960.252808
2660.0 2740.0 ac -979.254578
2740.0 2810.0 b -949.851746
2810.0 2870.0 @ -879.690186
2870.0 2930.0 d -877.871094
2930.0 3075.0 ei -1479.472778
3075.0 3135.0 n -699.677429
3135.0 3150.0 ssil -185.451035
3150.0 3165.0 ssil -198.994965 BLIJ
3165.0 3185.0 b -308.174652
3185.0 3200.0 l -243.608002
3200.0 3215.0 ei -210.922592
3215.0 3230.0 ssil -205.888367
3230.0 3245.0 ssil -234.936951 WEG
3245.0 3275.0 w -387.070129
3275.0 3635.0 ec -3959.592529
3635.0 3780.0 x -2036.717285
3780.0 4135.0 ssil -4229.650879
.
