#!MLF!#
"/net/aistaff/aki/_same-utterance/wav/05/Oost_Overijsel-Gelderland/7874-1456264004-1508292.rec"
0.0 730.0 ssil -8870.325195 NA
730.0 805.0 n -912.349060
805.0 955.0 a -1514.688843
955.0 970.0 ssil -193.301025
970.0 985.0 ssil -189.933319 DE
985.0 1015.0 d -399.439423
1015.0 1080.0 @ -758.461914
1080.0 1095.0 ssil -197.520660
1095.0 1170.0 ssil -882.634644 TOCHT
1170.0 1230.0 t -870.984558
1230.0 1335.0 oc -1271.354370
1335.0 1400.0 x -966.012146
1400.0 1415.0 ssil -214.191559
1415.0 1490.0 ssil -988.164978 IN
1490.0 1560.0 n -790.965515
1560.0 1575.0 ssil -213.441666
1575.0 1590.0 ssil -222.765060 DE
1590.0 1625.0 d -486.814789
1625.0 1680.0 @ -612.491699
1680.0 1695.0 ssil -204.784409
1695.0 1710.0 ssil -192.635025 REGEN
1710.0 1740.0 r -404.820557
1740.0 1960.0 e -2151.519287
1960.0 2070.0 gc -1373.235962
2070.0 2105.0 @ -449.260284
2105.0 2200.0 n -1096.185791
2200.0 2345.0 ssil -1721.520996
2345.0 2470.0 ssil -1529.027954 VAART
2470.0 2610.0 f -1708.081421
2610.0 2705.0 a -1032.623413
2705.0 2740.0 r -483.804932
2740.0 2760.0 ssil -293.360016
2760.0 2780.0 ssil -295.090912 DE
2780.0 2815.0 d -506.759460
2815.0 2835.0 @ -261.381805
2835.0 2850.0 ssil -197.570312
2850.0 2870.0 ssil -249.493271 KAPITEIN
2870.0 2920.0 k -719.708252
2920.0 2980.0 ac -693.079834
2980.0 3055.0 p -1001.631531
3055.0 3090.0 i -462.379730
3090.0 3205.0 t -1504.388550
3205.0 3350.0 ei -1561.618164
3350.0 3410.0 n -595.069397
3410.0 3425.0 ssil -191.918106
3425.0 3440.0 ssil -197.764282 BLIJ
3440.0 3480.0 b -542.477783
3480.0 3535.0 l -725.020569
3535.0 3700.0 ei -1817.034912
3700.0 3730.0 ssil -383.101074
3730.0 3760.0 ssil -420.399994 WEG
3760.0 3780.0 w -247.433365
3780.0 3900.0 ec -1519.173218
3900.0 4045.0 x -1888.793945
4045.0 4250.0 ssil -2325.539551
.
