#!MLF!#
"/net/aistaff/aki/_same-utterance/wav/05/Oost_Overijsel-Gelderland/8529-1457777105-1609141.rec"
0.0 790.0 ssil -9851.453125 NA
790.0 875.0 n -1041.945435
875.0 1010.0 a -1585.334595
1010.0 1025.0 ssil -227.012192
1025.0 1040.0 ssil -225.731461 DE
1040.0 1065.0 d -351.426331
1065.0 1135.0 @ -884.750854
1135.0 1190.0 ssil -688.073120
1190.0 1210.0 ssil -276.805603 TOCHT
1210.0 1255.0 t -579.596130
1255.0 1330.0 oc -855.858948
1330.0 1480.0 ssil -1834.578003
1480.0 1575.0 ssil -1244.812378 IN
1575.0 1605.0 ic -405.424713
1605.0 1710.0 n -1303.125488
1710.0 1725.0 ssil -206.072647
1725.0 1740.0 ssil -192.747650 DE
1740.0 1770.0 d -421.581604
1770.0 1840.0 @ -904.797058
1840.0 1855.0 ssil -201.191895
1855.0 1870.0 ssil -215.477554 REGEN
1870.0 1890.0 r -271.604279
1890.0 2135.0 e -2789.094238
2135.0 2190.0 gc -759.418396
2190.0 2345.0 @ -1872.771240
2345.0 2475.0 ssil -1578.844360
2475.0 2600.0 ssil -1454.030518 VAART
2600.0 2675.0 f -934.927246
2675.0 2785.0 a -1263.667725
2785.0 2810.0 r -359.918457
2810.0 2875.0 ssil -777.686462
2875.0 2890.0 ssil -207.737930 DE
2890.0 2925.0 d -528.658020
2925.0 2940.0 @ -204.476288
2940.0 2955.0 ssil -225.013763
2955.0 3010.0 ssil -692.135132 KAPITEIN
3010.0 3060.0 k -756.471069
3060.0 3120.0 @ -730.654419
3120.0 3205.0 p -1133.787842
3205.0 3240.0 i -467.472412
3240.0 3370.0 t -1784.442505
3370.0 3565.0 ei -2098.968262
3565.0 3660.0 n -1187.387817
3660.0 3890.0 ssil -2779.662354
3890.0 3985.0 ssil -1160.840698 BLIJ
3985.0 4025.0 b -566.386047
4025.0 4095.0 l -880.535522
4095.0 4330.0 ei -2578.712646
4330.0 4350.0 ssil -228.395996
4350.0 4405.0 ssil -670.686584 WEG
4405.0 4425.0 w -281.378571
4425.0 4660.0 ec -2662.215088
4660.0 4720.0 x -767.066284
4720.0 5365.0 ssil -7678.812988
.
