#!MLF!#
"/net/aistaff/aki/_same-utterance/wav/05/Oost_Overijsel-Gelderland/8601-1457951283-1624635.rec"
0.0 15.0 ssil -142.343002 NA
15.0 30.0 n -167.270035
30.0 320.0 a -2259.729980
320.0 400.0 ssil -954.634399
400.0 870.0 ssil -5322.381836 DE
870.0 940.0 d -867.320862
940.0 1100.0 @ -1827.081787
1100.0 1145.0 ssil -656.914734
1145.0 1180.0 ssil -571.237366 TOCHT
1180.0 1215.0 t -571.108826
1215.0 1305.0 oc -1012.930298
1305.0 1380.0 ssil -963.625671
1380.0 1400.0 ssil -274.457611 IN
1400.0 1415.0 n -211.536194
1415.0 1430.0 ssil -205.744995
1430.0 1445.0 ssil -228.901245 DE
1445.0 1470.0 d -359.545380
1470.0 1545.0 @ -873.993713
1545.0 1560.0 ssil -206.764496
1560.0 1575.0 ssil -195.964584 REGEN
1575.0 1780.0 r -2299.073730
1780.0 1955.0 e -1981.148804
1955.0 2020.0 gc -874.575012
2020.0 2070.0 @ -553.753052
2070.0 2170.0 n -1168.403809
2170.0 2205.0 ssil -385.039520
2205.0 2420.0 ssil -2398.450195 VAART
2420.0 2480.0 v -735.904419
2480.0 2560.0 a -837.734253
2560.0 2575.0 r -184.985321
2575.0 2615.0 ssil -467.551361
2615.0 2635.0 ssil -248.865204 DE
2635.0 2650.0 d -191.642731
2650.0 2675.0 @ -280.592102
2675.0 2690.0 ssil -188.297333
2690.0 2720.0 ssil -330.661987 KAPITEIN
2720.0 2775.0 k -743.968140
2775.0 2825.0 ac -547.523376
2825.0 2910.0 p -1047.778931
2910.0 2940.0 i -456.517578
2940.0 3040.0 t -1252.947021
3040.0 3190.0 ei -1586.368164
3190.0 3290.0 n -1064.898804
3290.0 3305.0 ssil -181.947800
3305.0 3320.0 ssil -189.426804 BLIJ
3320.0 3335.0 b -209.420395
3335.0 3445.0 l -1585.845703
3445.0 3520.0 ei -891.893677
3520.0 3535.0 ssil -201.016037
3535.0 3550.0 ssil -193.014099 WEG
3550.0 3600.0 w -578.961060
3600.0 3695.0 ec -1086.269165
3695.0 3735.0 x -517.369324
3735.0 4250.0 ssil -6098.536621
.
