#!MLF!#
"/net/aistaff/aki/_same-utterance/wav/05/Oost_Overijsel-Gelderland/8641-1457952149-1626363.rec"
0.0 480.0 ssil -5790.208496 NA
480.0 660.0 n -2143.639404
660.0 815.0 a -1822.665527
815.0 830.0 ssil -190.714859
830.0 845.0 ssil -215.087677 DE
845.0 865.0 d -294.240997
865.0 910.0 @ -585.120422
910.0 930.0 ssil -287.006439
930.0 1025.0 ssil -1199.458740 TOCHT
1025.0 1065.0 t -592.727966
1065.0 1130.0 oc -762.868225
1130.0 1225.0 x -1274.542969
1225.0 1280.0 t -724.475037
1280.0 1305.0 ssil -344.588104
1305.0 1330.0 ssil -336.014221 IN
1330.0 1355.0 n -306.245728
1355.0 1370.0 ssil -174.035980
1370.0 1385.0 ssil -200.158279 DE
1385.0 1430.0 d -628.645569
1430.0 1575.0 @ -1733.995850
1575.0 1590.0 ssil -237.797867
1590.0 1605.0 ssil -216.055893 REGEN
1605.0 1710.0 r -1219.105591
1710.0 1875.0 e -1785.126221
1875.0 1940.0 gc -878.501587
1940.0 2075.0 @ -1498.872192
2075.0 2110.0 n -424.258270
2110.0 2175.0 ssil -708.817566
2175.0 2220.0 ssil -555.032227 VAART
2220.0 2355.0 f -1643.968994
2355.0 2535.0 a -2169.131836
2535.0 2575.0 r -582.483215
2575.0 2635.0 t -838.573669
2635.0 2650.0 ssil -193.894440
2650.0 2695.0 ssil -550.678833 DE
2695.0 2730.0 d -509.295685
2730.0 2770.0 @ -487.264557
2770.0 2785.0 ssil -191.166611
2785.0 2805.0 ssil -262.857178 KAPITEIN
2805.0 2855.0 k -720.366638
2855.0 2950.0 ac -1158.790405
2950.0 2990.0 p -551.860229
2990.0 3065.0 i -1023.758057
3065.0 3130.0 t -926.045410
3130.0 3330.0 ei -2187.791016
3330.0 3405.0 n -804.998962
3405.0 3420.0 ssil -179.234619
3420.0 3435.0 ssil -205.474258 BLIJ
3435.0 3460.0 b -380.300598
3460.0 3500.0 l -497.334290
3500.0 3635.0 ei -1337.404175
3635.0 3650.0 ssil -169.490829
3650.0 3665.0 ssil -166.838638 WEG
3665.0 3700.0 w -429.707611
3700.0 3800.0 ec -1165.924316
3800.0 3870.0 x -955.358215
3870.0 4855.0 ssil -11585.610352
.
