#!MLF!#
"/net/aistaff/aki/_same-utterance/wav/05/Oost_Overijsel-Gelderland/8845-1458072794-1663684.rec"
0.0 15.0 ssil -166.352417 NA
15.0 145.0 n -1244.917358
145.0 170.0 a -336.145294
170.0 335.0 ssil -2344.634766
335.0 855.0 ssil -6540.871582 DE
855.0 920.0 d -805.255005
920.0 1150.0 @ -3108.694580
1150.0 1195.0 ssil -631.650879
1195.0 1235.0 ssil -536.723694 TOCHT
1235.0 1275.0 t -616.138367
1275.0 1365.0 oc -1218.419067
1365.0 1465.0 x -1440.304443
1465.0 1500.0 ssil -442.314026
1500.0 1560.0 ssil -926.168030 IN
1560.0 1585.0 ic -341.060577
1585.0 1675.0 n -1104.192627
1675.0 1690.0 ssil -201.668549
1690.0 1715.0 ssil -371.510925 DE
1715.0 1730.0 d -214.594452
1730.0 1815.0 @ -1093.746704
1815.0 1830.0 ssil -217.835907
1830.0 1845.0 ssil -199.832367 REGEN
1845.0 1880.0 r -430.373016
1880.0 2080.0 e -2245.057617
2080.0 2180.0 x -1301.367920
2180.0 2315.0 @ -1533.446899
2315.0 2335.0 ssil -304.159363
2335.0 2430.0 ssil -1378.290283 VAART
2430.0 2540.0 f -1416.366699
2540.0 2555.0 a -191.886658
2555.0 2715.0 r -1844.756226
2715.0 2730.0 ssil -217.572784
2730.0 2755.0 ssil -333.082428 DE
2755.0 2805.0 d -775.521912
2805.0 2835.0 @ -451.867767
2835.0 2860.0 ssil -370.596069
2860.0 2890.0 ssil -417.285095 KAPITEIN
2890.0 2945.0 k -820.158875
2945.0 3020.0 @ -962.589722
3020.0 3100.0 p -1149.953369
3100.0 3175.0 i -1036.070801
3175.0 3295.0 t -1616.413696
3295.0 3485.0 ei -2066.796387
3485.0 3565.0 n -845.931580
3565.0 3580.0 ssil -198.636261
3580.0 3595.0 ssil -186.260223 BLIJ
3595.0 3665.0 b -860.583313
3665.0 3735.0 l -950.144653
3735.0 3945.0 ei -2312.021973
3945.0 3960.0 ssil -199.953903
3960.0 3975.0 ssil -201.927322 WEG
3975.0 4030.0 w -678.765930
4030.0 4150.0 ec -1484.035645
4150.0 4755.0 x -7754.592773
4755.0 5060.0 ssil -3579.542236
.
