#!MLF!#
"/net/aistaff/aki/_same-utterance/wav/05/Oost_Overijsel-Gelderland/9073-1459342590-1720578.rec"
0.0 840.0 ssil -10484.589844 NA
840.0 1000.0 n -2186.066650
1000.0 1070.0 a -798.270020
1070.0 1085.0 ssil -232.789108
1085.0 1100.0 ssil -261.759308 DE
1100.0 1120.0 d -321.296539
1120.0 1180.0 @ -824.574768
1180.0 1195.0 ssil -209.475174
1195.0 1235.0 ssil -527.805786 TOCHT
1235.0 1305.0 t -1046.590332
1305.0 1390.0 oc -1177.751221
1390.0 1495.0 x -1528.141846
1495.0 1550.0 t -877.851074
1550.0 1575.0 ssil -428.843506
1575.0 1590.0 ssil -254.775314 IN
1590.0 1640.0 ic -706.900635
1640.0 1710.0 n -893.181396
1710.0 1725.0 ssil -219.641083
1725.0 1740.0 ssil -197.773956 DE
1740.0 1755.0 d -209.795639
1755.0 1780.0 @ -302.955841
1780.0 1795.0 ssil -221.700394
1795.0 1810.0 ssil -208.351349 REGEN
1810.0 1845.0 r -484.745941
1845.0 2005.0 e -1969.036499
2005.0 2075.0 x -927.700684
2075.0 2210.0 @ -1538.140381
2210.0 2225.0 ssil -208.662750
2225.0 2255.0 ssil -383.483978 VAART
2255.0 2325.0 f -847.033875
2325.0 2365.0 a -528.558228
2365.0 2410.0 r -619.049622
2410.0 2425.0 ssil -213.806519
2425.0 2440.0 ssil -208.764114 DE
2440.0 2495.0 d -780.000793
2495.0 2525.0 @ -427.726257
2525.0 2540.0 ssil -218.653152
2540.0 2555.0 ssil -208.640182 KAPITEIN
2555.0 2620.0 k -970.374268
2620.0 2695.0 ac -1042.097168
2695.0 2710.0 p -214.061325
2710.0 2860.0 t -2078.806885
2860.0 2970.0 ei -1331.434814
2970.0 3010.0 n -617.525696
3010.0 3025.0 ssil -252.760315
3025.0 3040.0 ssil -262.008667 BLIJ
3040.0 3075.0 b -489.831299
3075.0 3115.0 l -580.529602
3115.0 3260.0 ei -1700.645630
3260.0 3275.0 ssil -197.305222
3275.0 3290.0 ssil -187.075836 WEG
3290.0 3320.0 w -362.182892
3320.0 3425.0 ec -1369.282593
3425.0 3590.0 x -2183.390381
3590.0 4435.0 ssil -10767.331055
.
