#!MLF!#
"/net/aistaff/aki/_same-utterance/wav/05/Oost_Overijsel-Gelderland/9076-1459356791-1720905.rec"
0.0 15.0 ssil -145.995544 NA
15.0 115.0 n -938.937622
115.0 130.0 a -268.404480
130.0 150.0 ssil -282.380920
150.0 695.0 ssil -6591.174805 DE
695.0 725.0 d -428.119415
725.0 920.0 @ -2647.156250
920.0 935.0 ssil -222.862732
935.0 950.0 ssil -241.919128 TOCHT
950.0 975.0 t -432.605072
975.0 1055.0 oc -1129.711304
1055.0 1105.0 x -660.522217
1105.0 1135.0 ssil -399.465576
1135.0 1190.0 ssil -845.003540 IN
1190.0 1270.0 n -1110.116455
1270.0 1285.0 ssil -209.615280
1285.0 1300.0 ssil -240.182739 DE
1300.0 1315.0 d -228.249252
1315.0 1345.0 @ -401.735229
1345.0 1360.0 ssil -215.274384
1360.0 1375.0 ssil -198.087997 REGEN
1375.0 1410.0 r -443.797241
1410.0 1555.0 e -1637.763550
1555.0 1640.0 gc -1212.569580
1640.0 1655.0 @ -193.014587
1655.0 1750.0 n -1117.643677
1750.0 1765.0 ssil -235.885941
1765.0 1780.0 ssil -204.149399 VAART
1780.0 1915.0 f -1605.599731
1915.0 2025.0 a -1271.598145
2025.0 2040.0 r -208.279678
2040.0 2055.0 ssil -217.794785
2055.0 2080.0 ssil -351.577057 DE
2080.0 2095.0 d -219.700989
2095.0 2115.0 ssil -235.353607
2115.0 2135.0 ssil -231.322678 KAPITEIN
2135.0 2185.0 k -690.789978
2185.0 2285.0 ac -1176.901489
2285.0 2300.0 p -215.538010
2300.0 2325.0 @ -363.027466
2325.0 2455.0 t -1747.546631
2455.0 2585.0 ei -1548.812744
2585.0 2655.0 n -855.991760
2655.0 2670.0 ssil -185.752777
2670.0 2685.0 ssil -204.710129 BLIJ
2685.0 2700.0 b -234.509430
2700.0 2790.0 l -1208.296997
2790.0 2905.0 ei -1255.723877
2905.0 2920.0 ssil -215.516663
2920.0 2935.0 ssil -185.001587 WEG
2935.0 2950.0 w -167.520004
2950.0 3105.0 ec -1716.517334
3105.0 3285.0 x -2219.436035
3285.0 3620.0 ssil -4046.580322
.
