#!MLF!#
"/net/aistaff/aki/_same-utterance/wav/05/Oost_Overijsel-Gelderland/9415-1462963010-1806137.rec"
0.0 115.0 ssil -1520.373657 NA
115.0 175.0 n -833.613892
175.0 330.0 a -1915.947998
330.0 345.0 ssil -225.817261
345.0 360.0 ssil -249.872833 DE
360.0 380.0 d -298.888458
380.0 460.0 @ -1066.064697
460.0 485.0 ssil -325.372864
485.0 505.0 ssil -337.618500 TOCHT
505.0 535.0 t -498.383270
535.0 630.0 oc -1347.093628
630.0 695.0 x -854.725342
695.0 740.0 t -716.319397
740.0 760.0 ssil -321.266693
760.0 775.0 ssil -234.045578 IN
775.0 815.0 ic -504.813568
815.0 850.0 n -411.948822
850.0 865.0 ssil -195.201569
865.0 880.0 ssil -236.023453 DE
880.0 895.0 d -237.703217
895.0 975.0 @ -962.441711
975.0 990.0 ssil -222.943588
990.0 1005.0 ssil -205.339600 REGEN
1005.0 1020.0 r -180.736404
1020.0 1230.0 e -2579.127197
1230.0 1285.0 gc -672.875000
1285.0 1535.0 @ -2994.109863
1535.0 1550.0 ssil -207.405380
1550.0 1575.0 ssil -330.676300 VAART
1575.0 1645.0 f -894.655396
1645.0 1755.0 a -1439.214722
1755.0 1785.0 r -421.132965
1785.0 1805.0 ssil -266.651428
1805.0 1850.0 ssil -618.901062 DE
1850.0 1865.0 d -220.245529
1865.0 1910.0 ssil -592.962708
1910.0 1930.0 ssil -271.390808 KAPITEIN
1930.0 1960.0 k -456.663544
1960.0 2050.0 ac -1224.439087
2050.0 2095.0 p -692.083801
2095.0 2135.0 i -629.608215
2135.0 2230.0 t -1346.743286
2230.0 2425.0 ei -2256.498291
2425.0 2510.0 n -974.698669
2510.0 2525.0 ssil -194.407852
2525.0 2540.0 ssil -212.431549 BLIJ
2540.0 2555.0 b -251.248596
2555.0 2610.0 l -818.003784
2610.0 2810.0 ei -2348.038086
2810.0 2825.0 ssil -199.434708
2825.0 2845.0 ssil -249.277527 WEG
2845.0 2870.0 w -290.495422
2870.0 3005.0 ec -1493.930908
3005.0 3190.0 x -2297.822510
3190.0 4205.0 ssil -11841.181641
.
