#!MLF!#
"/net/aistaff/aki/_same-utterance/wav/05/Oost_Overijsel-Gelderland/9910-1464026491-1850949.rec"
0.0 280.0 ssil -2511.637695 NA
280.0 295.0 n -154.781799
295.0 310.0 a -184.725296
310.0 495.0 ssil -2262.820068
495.0 560.0 ssil -926.796814 DE
560.0 600.0 d -597.045288
600.0 710.0 @ -1502.130371
710.0 770.0 ssil -932.415710
770.0 845.0 ssil -1108.768311 TOCHT
845.0 925.0 t -1158.293701
925.0 990.0 oc -868.292969
990.0 1095.0 x -1448.679688
1095.0 1180.0 t -1233.704834
1180.0 1205.0 ssil -363.215546
1205.0 1225.0 ssil -284.231995 IN
1225.0 1245.0 n -242.152756
1245.0 1260.0 ssil -191.776215
1260.0 1275.0 ssil -231.437286 DE
1275.0 1290.0 d -228.257233
1290.0 1365.0 @ -905.552429
1365.0 1380.0 ssil -222.153641
1380.0 1395.0 ssil -203.052078 REGEN
1395.0 1410.0 r -186.653641
1410.0 1620.0 e -2389.788330
1620.0 1705.0 gc -1044.745605
1705.0 1735.0 @ -386.551331
1735.0 1750.0 ssil -215.648270
1750.0 1765.0 ssil -198.410187 VAART
1765.0 1875.0 f -1307.589355
1875.0 1950.0 a -821.575012
1950.0 1970.0 r -284.395569
1970.0 2000.0 ssil -426.742523
2000.0 2035.0 ssil -558.453735 DE
2035.0 2060.0 d -380.671570
2060.0 2085.0 @ -346.435730
2085.0 2100.0 ssil -206.722397
2100.0 2130.0 ssil -393.515442 KAPITEIN
2130.0 2200.0 k -1057.450317
2200.0 2310.0 ac -1452.373535
2310.0 2335.0 p -360.108459
2335.0 2410.0 @ -1076.333618
2410.0 2500.0 t -1267.334839
2500.0 2685.0 ei -2038.999878
2685.0 2730.0 n -513.239868
2730.0 2745.0 ssil -196.303772
2745.0 2760.0 ssil -182.732468 BLIJ
2760.0 2800.0 b -586.928406
2800.0 2855.0 l -765.318726
2855.0 3045.0 ei -2151.749756
3045.0 3060.0 ssil -186.610992
3060.0 3075.0 ssil -181.559372 WEG
3075.0 3110.0 w -447.990753
3110.0 3250.0 ec -1693.518555
3250.0 3525.0 x -3474.407471
3525.0 3555.0 ssil -347.145691
.
