#!MLF!#
"/net/aistaff/aki/_same-utterance/wav/02/Limburg/10015-1465414155-2278341.rec"
0.0 340.0 ssil -3185.806396 HET
340.0 380.0 h -503.680908
380.0 450.0 ec -854.670898
450.0 485.0 t -520.425354
485.0 570.0 ssil -1242.072998
570.0 840.0 ssil -3710.841309 ECHTPAAR
840.0 855.0 ec -222.380112
855.0 885.0 x -418.171295
885.0 935.0 t -632.930664
935.0 1000.0 p -825.643799
1000.0 1180.0 a -1845.199219
1180.0 1260.0 ssil -1112.525024
1260.0 1280.0 ssil -303.054016 ADOPTEERT
1280.0 1385.0 ac -1349.529297
1385.0 1430.0 d -682.523865
1430.0 1505.0 oc -1100.570190
1505.0 1540.0 p -509.730957
1540.0 1610.0 t -993.844482
1610.0 1715.0 i -1181.784302
1715.0 1790.0 r -1004.442139
1790.0 1850.0 ssil -776.083130
1850.0 1865.0 ssil -186.132843 VOOR
1865.0 1975.0 v -1331.433228
1975.0 2025.0 o -562.028137
2025.0 2040.0 ssil -190.389618
2040.0 2055.0 ssil -185.466141 VEEL
2055.0 2140.0 v -1052.618896
2140.0 2215.0 e -967.037231
2215.0 2305.0 l -1057.927124
2305.0 2330.0 ssil -369.175507
2330.0 2375.0 ssil -600.122314 GELD
2375.0 2415.0 x -548.794434
2415.0 2490.0 ec -891.398499
2490.0 2595.0 l -1286.265381
2595.0 2610.0 ssil -225.279297
2610.0 2625.0 ssil -233.341370 EEN
2625.0 2665.0 @ -509.059052
2665.0 2725.0 n -672.361511
2725.0 2740.0 ssil -231.881592
2740.0 2755.0 ssil -222.343094 TWEEJARIG
2755.0 2835.0 t -1064.369751
2835.0 2850.0 w -184.103394
2850.0 2955.0 e -1144.740356
2955.0 3045.0 j -1020.950806
3045.0 3165.0 a -1277.694946
3165.0 3225.0 r -763.013977
3225.0 3255.0 @ -389.010468
3255.0 3305.0 x -675.935730
3305.0 3320.0 ssil -234.805359
3320.0 3350.0 ssil -406.465515 WEESJE
3350.0 3425.0 w -955.131958
3425.0 3580.0 e -1688.501587
3580.0 3750.0 s -2185.518799
3750.0 3795.0 j -555.059204
3795.0 3880.0 @ -1049.741699
3880.0 4600.0 ssil -8733.459961
.
