#!MLF!#
"/net/aistaff/aki/_same-utterance/wav/02/Limburg/10103-1464126363-1893256.rec"
0.0 85.0 ssil -769.825623 HET
85.0 100.0 h -163.366013
100.0 120.0 ec -317.333160
120.0 150.0 t -457.063293
150.0 955.0 ssil -9626.931641
955.0 1055.0 ssil -1338.970215 ECHTPAAR
1055.0 1205.0 ec -2051.421631
1205.0 1310.0 x -1580.108032
1310.0 1375.0 t -910.459839
1375.0 1425.0 p -684.092041
1425.0 1610.0 a -1934.358887
1610.0 1685.0 r -1068.515503
1685.0 1710.0 ssil -403.408600
1710.0 1775.0 ssil -929.340088 ADOPTEERT
1775.0 1880.0 ac -1473.943481
1880.0 1905.0 d -393.402405
1905.0 2010.0 oc -1461.041138
2010.0 2040.0 p -416.531067
2040.0 2160.0 t -1757.588745
2160.0 2275.0 i -1229.445679
2275.0 2330.0 r -784.538940
2330.0 2360.0 ssil -500.464996
2360.0 2410.0 ssil -776.200928 VOOR
2410.0 2545.0 f -1637.403442
2545.0 2630.0 o -900.118591
2630.0 2645.0 ssil -193.941360
2645.0 2660.0 ssil -209.156250 VEEL
2660.0 2750.0 f -1086.962158
2750.0 2845.0 e -964.966858
2845.0 2965.0 l -1549.706543
2965.0 3005.0 ssil -522.866699
3005.0 3030.0 ssil -338.842529 GELD
3030.0 3055.0 x -359.263458
3055.0 3165.0 ec -1218.756470
3165.0 3300.0 l -1742.253174
3300.0 3335.0 t -513.878418
3335.0 3360.0 ssil -397.356995
3360.0 3385.0 ssil -396.578979 EEN
3385.0 3415.0 @ -436.105957
3415.0 3515.0 n -1223.252319
3515.0 3530.0 ssil -211.757477
3530.0 3545.0 ssil -189.961044 TWEEJARIG
3545.0 3660.0 t -1565.153076
3660.0 3700.0 w -493.363129
3700.0 3870.0 e -1344.558838
3870.0 3920.0 j -519.832703
3920.0 4030.0 a -1262.855103
4030.0 4070.0 r -460.537750
4070.0 4090.0 @ -301.451721
4090.0 4135.0 x -621.700012
4135.0 4185.0 ssil -766.057739
4185.0 4265.0 ssil -1134.698975 WEESJE
4265.0 4290.0 w -302.668701
4290.0 4445.0 ic -1665.864624
4445.0 4655.0 s -2666.434570
4655.0 4685.0 j -395.334808
4685.0 4730.0 @ -565.342407
4730.0 5365.0 ssil -7762.147461
.
