#!MLF!#
"/net/aistaff/aki/_same-utterance/wav/02/Limburg/10198-1465816839-2310334.rec"
0.0 470.0 ssil -5871.839844 HET
470.0 650.0 h -2232.830322
650.0 785.0 ec -1713.250000
785.0 815.0 t -397.447998
815.0 880.0 ssil -770.639160
880.0 920.0 ssil -584.022827 ECHTPAAR
920.0 1005.0 ec -1203.609375
1005.0 1065.0 x -900.619995
1065.0 1140.0 t -1134.975830
1140.0 1210.0 p -1005.135437
1210.0 1350.0 a -1520.533691
1350.0 1425.0 r -1119.090088
1425.0 1450.0 ssil -389.432770
1450.0 1540.0 ssil -1252.299927 ADOPTEERT
1540.0 1625.0 ac -1122.105225
1625.0 1670.0 d -698.210449
1670.0 1760.0 oc -1133.975952
1760.0 1810.0 p -734.989258
1810.0 1865.0 t -821.421631
1865.0 1985.0 i -1289.449341
1985.0 2025.0 r -585.730591
2025.0 2070.0 ssil -659.019958
2070.0 2145.0 ssil -1002.596802 VOOR
2145.0 2280.0 f -1638.753540
2280.0 2455.0 o -1910.539673
2455.0 2535.0 ssil -1129.811890
2535.0 2710.0 ssil -2160.241455 VEEL
2710.0 2760.0 v -644.905212
2760.0 2880.0 e -1281.620605
2880.0 2990.0 l -1427.010498
2990.0 3025.0 ssil -517.191223
3025.0 3050.0 ssil -350.641113 GELD
3050.0 3085.0 x -504.706696
3085.0 3205.0 ec -1317.864746
3205.0 3360.0 l -1826.690796
3360.0 3405.0 t -700.506958
3405.0 3430.0 ssil -376.815765
3430.0 3455.0 ssil -340.986908 EEN
3455.0 3540.0 @ -1188.792725
3540.0 3600.0 n -794.187439
3600.0 3615.0 ssil -250.500626
3615.0 3630.0 ssil -241.344986 TWEEJARIG
3630.0 3760.0 t -1760.727051
3760.0 3810.0 w -674.477478
3810.0 3965.0 e -1568.724731
3965.0 4060.0 j -1193.455688
4060.0 4115.0 a -591.683716
4115.0 4130.0 r -195.239960
4130.0 4150.0 @ -294.028717
4150.0 4225.0 x -1002.212646
4225.0 4280.0 ssil -818.857788
4280.0 4355.0 ssil -1077.566528 WEESJE
4355.0 4455.0 w -1234.393311
4455.0 4645.0 e -2038.717773
4645.0 4850.0 s -2620.096436
4850.0 4910.0 j -678.180725
4910.0 4955.0 @ -585.142334
4955.0 5130.0 ssil -2370.762207
.
