#!MLF!#
"/net/aistaff/aki/_same-utterance/wav/02/Limburg/10234-1464114064-1877114.rec"
0.0 335.0 ssil -3121.690430 HET
335.0 595.0 h -3231.064209
595.0 640.0 ec -683.471375
640.0 685.0 t -680.025879
685.0 700.0 ssil -219.380646
700.0 715.0 ssil -221.079224 ECHTPAAR
715.0 815.0 ec -1172.410156
815.0 860.0 x -622.054626
860.0 875.0 t -197.544189
875.0 945.0 p -911.542847
945.0 1070.0 a -1285.777222
1070.0 1085.0 ssil -235.508774
1085.0 1100.0 ssil -226.042709 ADOPTEERT
1100.0 1205.0 ac -1384.961426
1205.0 1220.0 d -211.303345
1220.0 1345.0 oc -1670.659790
1345.0 1360.0 p -279.060272
1360.0 1405.0 t -678.269714
1405.0 1495.0 i -981.292053
1495.0 1510.0 r -210.052444
1510.0 1540.0 ssil -466.642609
1540.0 1560.0 ssil -311.344879 VOOR
1560.0 1630.0 f -867.630310
1630.0 1715.0 o -1132.081543
1715.0 1735.0 ssil -285.910828
1735.0 1750.0 ssil -205.168640 VEEL
1750.0 1820.0 v -906.424194
1820.0 1885.0 e -609.874390
1885.0 2005.0 l -1443.538086
2005.0 2020.0 ssil -222.949127
2020.0 2035.0 ssil -225.864105 GELD
2035.0 2050.0 x -238.672684
2050.0 2140.0 ec -925.507690
2140.0 2285.0 l -1799.069580
2285.0 2310.0 ssil -385.519104
2310.0 2325.0 ssil -241.061554 EEN
2325.0 2380.0 @ -734.051392
2380.0 2480.0 n -1405.427612
2480.0 2500.0 ssil -314.037964
2500.0 2555.0 ssil -744.237122 TWEEJARIG
2555.0 2570.0 t -246.827957
2570.0 2600.0 w -371.712860
2600.0 2700.0 e -1002.384460
2700.0 2790.0 j -938.104126
2790.0 2890.0 a -1120.323120
2890.0 2910.0 r -270.242767
2910.0 2925.0 @ -208.478302
2925.0 2940.0 x -219.213898
2940.0 2960.0 ssil -283.012451
2960.0 2975.0 ssil -211.140442 WEESJE
2975.0 3045.0 w -884.818176
3045.0 3180.0 e -1495.056152
3180.0 3320.0 s -1769.763550
3320.0 3340.0 j -281.337982
3340.0 3385.0 @ -598.958801
3385.0 3620.0 ssil -2941.179932
.
