#!MLF!#
"/net/aistaff/aki/_same-utterance/wav/02/Limburg/10267-1464455410-2097882.rec"
0.0 160.0 ssil -2008.384033 HET
160.0 175.0 h -219.799881
175.0 190.0 ec -214.121689
190.0 210.0 t -321.563812
210.0 515.0 ssil -3414.443604
515.0 565.0 ssil -675.961060 ECHTPAAR
565.0 630.0 ec -842.395569
630.0 670.0 x -614.631958
670.0 700.0 t -401.138977
700.0 735.0 p -500.062073
735.0 825.0 a -1057.212524
825.0 865.0 r -595.103577
865.0 965.0 ssil -1493.465332
965.0 995.0 ssil -477.438904 ADOPTEERT
995.0 1270.0 ac -3695.463867
1270.0 1285.0 d -214.159866
1285.0 1305.0 oc -277.282806
1305.0 1335.0 p -423.389191
1335.0 1440.0 t -1596.355469
1440.0 1495.0 i -674.918640
1495.0 1555.0 r -799.370911
1555.0 1570.0 ssil -259.080475
1570.0 1615.0 ssil -722.364197 VOOR
1615.0 1705.0 f -1047.465088
1705.0 1725.0 o -272.197418
1725.0 1740.0 ssil -207.844437
1740.0 1765.0 ssil -315.731995 VEEL
1765.0 1860.0 f -1169.504517
1860.0 1965.0 e -1246.427979
1965.0 2035.0 l -1010.013123
2035.0 2085.0 ssil -659.703674
2085.0 2100.0 ssil -202.846848 GELD
2100.0 2135.0 x -520.407776
2135.0 2255.0 ec -1416.695923
2255.0 2365.0 l -1321.224365
2365.0 2420.0 t -800.239441
2420.0 2435.0 ssil -240.490189
2435.0 2485.0 ssil -689.671265 EEN
2485.0 2570.0 n -973.450073
2570.0 2585.0 ssil -211.247360
2585.0 2600.0 ssil -194.900528 TWEEJARIG
2600.0 2705.0 t -1393.502075
2705.0 2720.0 w -213.913269
2720.0 2820.0 e -1042.604126
2820.0 2930.0 j -1220.098022
2930.0 3045.0 a -1114.923828
3045.0 3060.0 r -207.621170
3060.0 3075.0 @ -244.998306
3075.0 3090.0 x -237.594040
3090.0 3105.0 ssil -218.504837
3105.0 3185.0 ssil -1223.693970 WEESJE
3185.0 3200.0 w -224.079575
3200.0 3365.0 e -2085.058594
3365.0 3520.0 s -1846.005859
3520.0 3545.0 j -285.589478
3545.0 3700.0 @ -1764.506104
3700.0 4065.0 ssil -4033.192627
.
