#!MLF!#
"/net/aistaff/aki/_same-utterance/wav/02/Limburg/10873-1464121688-1887646.rec"
0.0 90.0 ssil -892.309631 HET
90.0 105.0 h -171.983490
105.0 120.0 ec -215.665543
120.0 150.0 t -473.528992
150.0 380.0 ssil -2944.386475
380.0 835.0 ssil -5432.500977 ECHTPAAR
835.0 930.0 ec -1186.429565
930.0 945.0 x -227.766068
945.0 1010.0 t -991.744995
1010.0 1035.0 p -425.329926
1035.0 1135.0 a -1367.832886
1135.0 1235.0 ssil -1389.384521
1235.0 1350.0 ssil -1474.836670 ADOPTEERT
1350.0 1760.0 ac -4895.689453
1760.0 1780.0 d -284.534790
1780.0 1900.0 oc -1601.250000
1900.0 1945.0 p -625.654602
1945.0 2010.0 t -868.031799
2010.0 2080.0 i -758.958984
2080.0 2180.0 r -1229.580200
2180.0 2255.0 t -1081.294434
2255.0 2270.0 ssil -201.609406
2270.0 2285.0 ssil -188.155090 VOOR
2285.0 2340.0 f -678.141846
2340.0 2430.0 o -923.988037
2430.0 2465.0 ssil -400.909149
2465.0 2485.0 ssil -227.828079 VEEL
2485.0 2540.0 v -681.032837
2540.0 2635.0 e -1035.931274
2635.0 2735.0 l -1140.943848
2735.0 2760.0 ssil -347.180908
2760.0 2810.0 ssil -678.459778 GELD
2810.0 2855.0 x -636.951233
2855.0 3015.0 ec -1878.012329
3015.0 3165.0 l -1745.986084
3165.0 3230.0 t -966.191101
3230.0 3265.0 ssil -483.815033
3265.0 3295.0 ssil -439.275208 EEN
3295.0 3345.0 @ -634.517639
3345.0 3455.0 n -1410.721924
3455.0 3470.0 ssil -178.318481
3470.0 3490.0 ssil -268.537415 TWEEJARIG
3490.0 3580.0 t -1284.640503
3580.0 3610.0 w -335.165619
3610.0 3790.0 e -1636.903198
3790.0 3860.0 j -746.652832
3860.0 3985.0 a -1239.317993
3985.0 4055.0 r -888.139648
4055.0 4080.0 @ -390.452789
4080.0 4135.0 x -792.444458
4135.0 4185.0 ssil -764.484680
4185.0 4225.0 ssil -580.015686 WEESJE
4225.0 4290.0 w -766.054688
4290.0 4435.0 e -1645.042847
4435.0 4605.0 s -2249.979004
4605.0 4620.0 j -224.913864
4620.0 4710.0 @ -1187.701660
4710.0 4925.0 ssil -2584.595703
.
