#!MLF!#
"/net/aistaff/aki/_same-utterance/wav/02/Limburg/10988-1464179070-1911617.rec"
0.0 95.0 ssil -884.287903 HET
95.0 110.0 h -169.857941
110.0 125.0 ec -229.481308
125.0 155.0 t -474.609283
155.0 760.0 ssil -7279.956543
760.0 900.0 ssil -2022.004150 ECHTPAAR
900.0 1090.0 ec -2475.732422
1090.0 1105.0 x -236.766998
1105.0 1195.0 t -1468.517212
1195.0 1270.0 p -1062.547974
1270.0 1450.0 a -1960.856934
1450.0 1505.0 r -783.485962
1505.0 1520.0 ssil -241.643555
1520.0 1535.0 ssil -241.879837 ADOPTEERT
1535.0 1695.0 ac -2150.830811
1695.0 1730.0 d -493.371460
1730.0 1770.0 oc -557.744141
1770.0 1880.0 p -1547.660522
1880.0 1960.0 t -1081.589111
1960.0 2125.0 i -1688.180054
2125.0 2175.0 r -727.877563
2175.0 2250.0 t -1048.445679
2250.0 2275.0 ssil -368.273773
2275.0 2290.0 ssil -211.992584 VOOR
2290.0 2350.0 f -780.923950
2350.0 2440.0 o -979.292725
2440.0 2465.0 ssil -331.725830
2465.0 2480.0 ssil -171.185730 VEEL
2480.0 2575.0 f -1196.286377
2575.0 2695.0 e -1373.122192
2695.0 2800.0 l -1364.765503
2800.0 2825.0 ssil -337.436523
2825.0 2900.0 ssil -939.762878 GELD
2900.0 2935.0 x -480.174011
2935.0 3050.0 ec -1252.686768
3050.0 3185.0 l -1666.357300
3185.0 3230.0 t -644.259155
3230.0 3245.0 ssil -217.071747
3245.0 3270.0 ssil -360.722992 EEN
3270.0 3350.0 @ -1073.498657
3350.0 3435.0 n -1003.954651
3435.0 3450.0 ssil -201.107742
3450.0 3465.0 ssil -193.454437 TWEEJARIG
3465.0 3595.0 t -1797.233398
3595.0 3630.0 w -445.184601
3630.0 3785.0 e -1419.231323
3785.0 3885.0 j -1005.212341
3885.0 4090.0 a -2158.397461
4090.0 4110.0 r -250.676498
4110.0 4130.0 @ -266.279114
4130.0 4165.0 x -481.076904
4165.0 4210.0 ssil -627.966614
4210.0 4235.0 ssil -356.558502 WEESJE
4235.0 4315.0 w -913.218811
4315.0 4515.0 e -2037.108887
4515.0 4705.0 s -2385.187012
4705.0 4770.0 j -729.113708
4770.0 4840.0 @ -872.873657
4840.0 5875.0 ssil -12256.949219
.
