#!MLF!#
"/net/aistaff/aki/_same-utterance/wav/02/Limburg/11326-1464178271-1911136.rec"
0.0 345.0 ssil -3946.676758 HET
345.0 795.0 h -5407.795898
795.0 875.0 ec -1076.661743
875.0 915.0 t -605.494263
915.0 940.0 ssil -405.806305
940.0 965.0 ssil -430.040527 ECHTPAAR
965.0 1085.0 ec -1586.538208
1085.0 1170.0 x -1185.877441
1170.0 1225.0 t -715.543701
1225.0 1295.0 p -988.115906
1295.0 1445.0 ac -2007.364258
1445.0 1460.0 ssil -214.659241
1460.0 1505.0 ssil -642.803284 ADOPTEERT
1505.0 1595.0 ac -1192.052979
1595.0 1630.0 d -570.850830
1630.0 1700.0 oc -982.882141
1700.0 1745.0 p -664.104614
1745.0 1860.0 t -1738.486572
1860.0 1955.0 i -1126.164307
1955.0 2005.0 r -701.651672
2005.0 2095.0 t -1195.051270
2095.0 2110.0 ssil -181.763351
2110.0 2125.0 ssil -194.955841 VOOR
2125.0 2155.0 v -398.437012
2155.0 2230.0 o -905.003357
2230.0 2245.0 ssil -206.451111
2245.0 2265.0 ssil -276.976685 VEEL
2265.0 2310.0 v -579.147583
2310.0 2410.0 e -987.195984
2410.0 2505.0 l -1120.530029
2505.0 2525.0 ssil -291.079285
2525.0 2590.0 ssil -844.985413 GELD
2590.0 2615.0 x -359.943481
2615.0 2705.0 ec -1014.367737
2705.0 2820.0 l -1356.200562
2820.0 2905.0 t -1232.139404
2905.0 2920.0 ssil -207.392319
2920.0 2935.0 ssil -207.280151 EEN
2935.0 2990.0 n -656.378784
2990.0 3005.0 ssil -220.517563
3005.0 3020.0 ssil -214.954773 TWEEJARIG
3020.0 3090.0 t -962.639709
3090.0 3110.0 w -244.756561
3110.0 3265.0 e -1382.261719
3265.0 3340.0 j -757.479858
3340.0 3430.0 a -906.499207
3430.0 3500.0 r -902.546448
3500.0 3515.0 @ -225.188873
3515.0 3535.0 x -296.870056
3535.0 3590.0 ssil -797.013123
3590.0 3640.0 ssil -614.808105 WEESJE
3640.0 3660.0 w -260.743500
3660.0 3825.0 e -1672.393433
3825.0 3985.0 s -2000.136597
3985.0 4030.0 j -495.572815
4030.0 4130.0 @ -1196.086182
4130.0 4620.0 ssil -5695.585449
.
