#!MLF!#
"/net/aistaff/aki/_same-utterance/wav/02/Limburg/12535-1464187727-1918894.rec"
0.0 480.0 ssil -5054.692383 HET
480.0 505.0 h -338.817505
505.0 580.0 ec -956.715515
580.0 595.0 t -221.893280
595.0 730.0 ssil -2138.807617
730.0 900.0 ssil -2448.896973 ECHTPAAR
900.0 950.0 ec -618.138184
950.0 965.0 x -196.094727
965.0 980.0 t -224.929550
980.0 1010.0 p -426.446259
1010.0 1150.0 a -1661.259644
1150.0 1165.0 ssil -209.545319
1165.0 1180.0 ssil -213.833145 ADOPTEERT
1180.0 1360.0 ac -2180.699707
1360.0 1375.0 d -228.466446
1375.0 1490.0 oc -1451.280396
1490.0 1520.0 p -442.026398
1520.0 1570.0 t -770.084839
1570.0 1675.0 i -1260.070801
1675.0 1720.0 r -638.128845
1720.0 1775.0 ssil -770.444336
1775.0 1790.0 ssil -228.154770 VOOR
1790.0 1895.0 f -1359.767334
1895.0 1980.0 o -917.418701
1980.0 1995.0 ssil -184.856979
1995.0 2010.0 ssil -193.768539 VEEL
2010.0 2070.0 v -781.591858
2070.0 2145.0 e -981.202637
2145.0 2240.0 l -1269.011963
2240.0 2255.0 ssil -201.390106
2255.0 2270.0 ssil -196.434998 GELD
2270.0 2300.0 x -438.394897
2300.0 2440.0 ec -1637.234375
2440.0 2525.0 l -1016.163757
2525.0 2565.0 ssil -632.448425
2565.0 2630.0 ssil -1030.070068 EEN
2630.0 2680.0 @ -702.382690
2680.0 2775.0 n -1183.729492
2775.0 2790.0 ssil -208.600113
2790.0 2805.0 ssil -210.942093 TWEEJARIG
2805.0 2900.0 t -1255.216187
2900.0 2940.0 w -426.735107
2940.0 3035.0 e -1159.056152
3035.0 3100.0 j -709.578247
3100.0 3225.0 a -1310.813965
3225.0 3295.0 r -934.910889
3295.0 3340.0 @ -581.684570
3340.0 3360.0 x -268.708160
3360.0 3375.0 ssil -171.125824
3375.0 3420.0 ssil -555.965149 WEESJE
3420.0 3495.0 w -883.228577
3495.0 3675.0 e -2241.039795
3675.0 3830.0 s -1951.844116
3830.0 3895.0 j -729.803284
3895.0 3980.0 @ -1026.908325
3980.0 4340.0 ssil -4299.170898
.
