#!MLF!#
"/net/aistaff/aki/_same-utterance/wav/02/Limburg/12960-1464206780-1939272.rec"
0.0 85.0 ssil -794.420166 HET
85.0 100.0 h -160.643692
100.0 120.0 ec -303.209686
120.0 140.0 t -296.808533
140.0 955.0 ssil -9544.604492
955.0 1140.0 ssil -2661.593262 ECHTPAAR
1140.0 1235.0 ec -1244.314453
1235.0 1280.0 x -613.379028
1280.0 1305.0 t -361.139374
1305.0 1405.0 p -1325.269043
1405.0 1540.0 a -1453.953857
1540.0 1600.0 r -814.306396
1600.0 1650.0 ssil -704.379883
1650.0 1725.0 ssil -1123.035889 ADOPTEERT
1725.0 1810.0 ac -1219.781006
1810.0 1825.0 d -216.576538
1825.0 1950.0 oc -1529.272827
1950.0 1970.0 p -297.461182
1970.0 2020.0 t -743.921265
2020.0 2100.0 i -907.923462
2100.0 2120.0 r -281.334473
2120.0 2150.0 ssil -439.626862
2150.0 2180.0 ssil -401.823090 VOOR
2180.0 2245.0 f -836.599731
2245.0 2295.0 o -679.806641
2295.0 2310.0 ssil -210.196777
2310.0 2325.0 ssil -216.177719 VEEL
2325.0 2375.0 f -722.713196
2375.0 2440.0 e -751.697021
2440.0 2530.0 l -1154.588745
2530.0 2545.0 ssil -225.485413
2545.0 2560.0 ssil -239.175262 GELD
2560.0 2580.0 x -306.469879
2580.0 2650.0 ec -834.302429
2650.0 2780.0 l -1831.773804
2780.0 2820.0 t -647.267334
2820.0 2850.0 ssil -441.651459
2850.0 2870.0 ssil -313.856842 EEN
2870.0 2895.0 @ -374.483765
2895.0 2930.0 n -501.489319
2930.0 2945.0 ssil -224.729858
2945.0 2960.0 ssil -223.972656 TWEEJARIG
2960.0 3020.0 t -803.762512
3020.0 3095.0 w -947.300476
3095.0 3135.0 e -556.849609
3135.0 3255.0 j -1216.825684
3255.0 3320.0 a -724.471130
3320.0 3355.0 r -403.693085
3355.0 3420.0 @ -840.081665
3420.0 3450.0 x -426.573547
3450.0 3465.0 ssil -240.268982
3465.0 3490.0 ssil -397.168488 WEESJE
3490.0 3570.0 w -967.810852
3570.0 3675.0 ic -1303.741699
3675.0 3760.0 s -1114.738892
3760.0 3800.0 j -538.371277
3800.0 3845.0 @ -612.141846
3845.0 4040.0 ssil -2377.243896
.
