#!MLF!#
"/net/aistaff/aki/_same-utterance/wav/02/Limburg/13969-1464263419-1960930.rec"
0.0 390.0 ssil -3730.748535 HET
390.0 505.0 h -1544.805786
505.0 580.0 ec -987.016418
580.0 625.0 t -682.384949
625.0 660.0 ssil -538.421509
660.0 930.0 ssil -3546.915771 ECHTPAAR
930.0 945.0 ec -205.578079
945.0 960.0 x -190.199524
960.0 975.0 t -210.904068
975.0 1005.0 p -416.967590
1005.0 1360.0 a -4225.509766
1360.0 1375.0 ssil -197.076431
1375.0 1390.0 ssil -211.658890 ADOPTEERT
1390.0 1465.0 @ -929.526489
1465.0 1485.0 d -255.884552
1485.0 1500.0 oc -213.244553
1500.0 1535.0 p -488.832794
1535.0 1600.0 t -969.581787
1600.0 1735.0 @ -1420.420044
1735.0 1750.0 r -217.780945
1750.0 1775.0 ssil -335.687897
1775.0 1830.0 ssil -634.887756 VOOR
1830.0 1900.0 f -860.114746
1900.0 1930.0 o -344.905304
1930.0 1955.0 r -299.902496
1955.0 1970.0 ssil -195.795105
1970.0 1985.0 ssil -189.591324 VEEL
1985.0 2060.0 v -894.330261
2060.0 2130.0 e -677.036133
2130.0 2220.0 l -1054.463867
2220.0 2235.0 ssil -207.439301
2235.0 2300.0 ssil -834.032898 GELD
2300.0 2335.0 x -526.034546
2335.0 2455.0 ec -1259.171021
2455.0 2560.0 l -1236.509888
2560.0 2610.0 t -680.030457
2610.0 2625.0 ssil -203.983353
2625.0 2640.0 ssil -211.837906 EEN
2640.0 2665.0 @ -326.843811
2665.0 2750.0 n -924.834961
2750.0 2765.0 ssil -220.261063
2765.0 2780.0 ssil -220.568817 TWEEJARIG
2780.0 2895.0 t -1513.949829
2895.0 2910.0 w -190.955566
2910.0 3070.0 e -1316.508911
3070.0 3160.0 j -774.152954
3160.0 3300.0 a -1328.875732
3300.0 3315.0 r -176.311951
3315.0 3345.0 @ -396.871918
3345.0 3365.0 x -303.441437
3365.0 3420.0 ssil -631.412720
3420.0 3475.0 ssil -709.751221 WEESJE
3475.0 3490.0 w -191.073608
3490.0 3660.0 e -1562.806763
3660.0 3790.0 s -1648.957153
3790.0 3825.0 j -474.242828
3825.0 3865.0 @ -495.606873
3865.0 3900.0 ssil -417.124878
.
