#!MLF!#
"/net/aistaff/aki/_same-utterance/wav/02/Limburg/1499-1449158295-84280.rec"
0.0 340.0 ssil -3476.289795 HET
340.0 355.0 h -216.741470
355.0 380.0 ec -341.831573
380.0 395.0 t -249.170914
395.0 665.0 ssil -3491.773438
665.0 735.0 ssil -988.565857 ECHTPAAR
735.0 770.0 ec -492.380524
770.0 855.0 x -1090.397949
855.0 930.0 t -964.084900
930.0 1020.0 p -1266.248779
1020.0 1250.0 a -2253.549561
1250.0 1340.0 r -1200.790283
1340.0 1365.0 ssil -289.878998
1365.0 1420.0 ssil -715.610046 ADOPTEERT
1420.0 1570.0 ac -2186.305908
1570.0 1680.0 d -1613.370483
1680.0 1700.0 oc -257.963867
1700.0 1785.0 p -1167.022949
1785.0 1810.0 t -377.670807
1810.0 1935.0 i -1455.527100
1935.0 2000.0 r -842.004089
2000.0 2095.0 ssil -1376.079590
2095.0 2185.0 ssil -1073.550781 VOOR
2185.0 2230.0 v -618.988953
2230.0 2335.0 o -1268.251465
2335.0 2385.0 ssil -662.735413
2385.0 2485.0 ssil -1154.505127 VEEL
2485.0 2540.0 v -687.460266
2540.0 2705.0 e -2120.809326
2705.0 2820.0 l -1574.433594
2820.0 2845.0 ssil -365.916382
2845.0 2875.0 ssil -418.860504 GELD
2875.0 2915.0 x -569.133057
2915.0 3105.0 ec -2446.192383
3105.0 3225.0 l -1888.836426
3225.0 3310.0 t -1195.888184
3310.0 3390.0 ssil -1054.209595
3390.0 3490.0 ssil -1391.693115 EEN
3490.0 3590.0 n -1252.891235
3590.0 3625.0 ssil -490.495483
3625.0 3655.0 ssil -542.281616 TWEEJARIG
3655.0 3755.0 t -1472.109619
3755.0 3805.0 w -661.494141
3805.0 3955.0 e -1896.513306
3955.0 4000.0 j -626.522156
4000.0 4090.0 a -1156.922119
4090.0 4105.0 r -210.774612
4105.0 4200.0 @ -1191.165405
4200.0 4240.0 x -560.820312
4240.0 4255.0 ssil -217.889709
4255.0 4285.0 ssil -426.783783 WEESJE
4285.0 4355.0 w -928.106750
4355.0 4545.0 e -2258.762451
4545.0 4705.0 s -2165.288818
4705.0 4720.0 j -187.009766
4720.0 4835.0 @ -1287.452026
4835.0 5110.0 ssil -3147.405029
.
