#!MLF!#
"/net/aistaff/aki/_same-utterance/wav/02/Limburg/15101-1464942846-2217068.rec"
0.0 615.0 ssil -7630.775879 HET
615.0 680.0 h -890.151733
680.0 735.0 ec -722.617004
735.0 750.0 t -258.550690
750.0 820.0 ssil -1011.965759
820.0 905.0 ssil -1194.373901 ECHTPAAR
905.0 965.0 ec -783.581299
965.0 1025.0 x -776.850647
1025.0 1070.0 t -688.175659
1070.0 1180.0 p -1493.202515
1180.0 1360.0 ac -2012.545654
1360.0 1390.0 r -451.394135
1390.0 1435.0 ssil -684.016235
1435.0 1500.0 ssil -829.743958 ADOPTEERT
1500.0 1595.0 ac -1255.577026
1595.0 1615.0 d -323.302094
1615.0 1785.0 oc -2147.988281
1785.0 1800.0 p -218.868820
1800.0 1835.0 t -489.773529
1835.0 1905.0 i -753.587830
1905.0 2010.0 r -1447.263428
2010.0 2025.0 ssil -238.362579
2025.0 2055.0 ssil -487.464447 VOOR
2055.0 2175.0 f -1425.067627
2175.0 2305.0 o -1437.453247
2305.0 2330.0 ssil -298.434784
2330.0 2345.0 ssil -184.979340 VEEL
2345.0 2395.0 v -624.851135
2395.0 2450.0 e -584.504089
2450.0 2560.0 l -1387.496826
2560.0 2575.0 ssil -191.494629
2575.0 2615.0 ssil -507.425934 GELD
2615.0 2660.0 x -584.923218
2660.0 2710.0 ec -545.445068
2710.0 2850.0 l -1621.950195
2850.0 2880.0 t -460.068970
2880.0 2895.0 ssil -180.685486
2895.0 2935.0 ssil -489.645508 EEN
2935.0 3020.0 @ -1119.689941
3020.0 3040.0 ssil -299.733734
3040.0 3075.0 ssil -470.937347 TWEEJARIG
3075.0 3150.0 t -1076.018799
3150.0 3225.0 w -888.688538
3225.0 3255.0 ic -365.685028
3255.0 3450.0 j -1955.120850
3450.0 3535.0 ac -861.764404
3535.0 3635.0 r -1162.122803
3635.0 3655.0 @ -291.636444
3655.0 3670.0 x -220.326340
3670.0 3745.0 ssil -1088.852539
3745.0 3770.0 ssil -369.039307 WEESJE
3770.0 3850.0 w -905.388550
3850.0 3995.0 e -1520.998169
3995.0 4155.0 s -2180.167480
4155.0 4215.0 j -729.965454
4215.0 4275.0 @ -847.206360
4275.0 4855.0 ssil -6739.956543
.
