#!MLF!#
"/net/aistaff/aki/_same-utterance/wav/02/Limburg/15781-1465022317-2229698.rec"
0.0 160.0 ssil -1769.363525 HET
160.0 210.0 h -592.399475
210.0 225.0 ec -209.317383
225.0 270.0 t -554.320923
270.0 1075.0 ssil -9867.978516
1075.0 1305.0 ssil -3407.163086 ECHTPAAR
1305.0 1395.0 ec -1226.398071
1395.0 1420.0 x -381.729340
1420.0 1475.0 t -840.351257
1475.0 1575.0 p -1424.039673
1575.0 1770.0 a -2031.572754
1770.0 1840.0 r -917.941162
1840.0 1900.0 ssil -828.822998
1900.0 1960.0 ssil -786.785034 ADOPTEERT
1960.0 2035.0 ac -1112.707153
2035.0 2060.0 d -351.306305
2060.0 2215.0 oc -2000.105713
2215.0 2250.0 p -537.998413
2250.0 2285.0 t -526.157471
2285.0 2470.0 i -2159.203369
2470.0 2485.0 r -209.855042
2485.0 2595.0 t -1607.422119
2595.0 2610.0 ssil -177.381149
2610.0 2625.0 ssil -171.294144 VOOR
2625.0 2700.0 v -951.183533
2700.0 2780.0 o -994.783081
2780.0 2820.0 ssil -557.626953
2820.0 2835.0 ssil -191.778320 VEEL
2835.0 2910.0 v -964.849243
2910.0 2985.0 e -806.335876
2985.0 3100.0 l -1649.591797
3100.0 3115.0 ssil -249.360703
3115.0 3130.0 ssil -211.555511 GELD
3130.0 3160.0 x -435.572815
3160.0 3320.0 ec -1798.885010
3320.0 3415.0 l -1259.759644
3415.0 3485.0 t -1057.975342
3485.0 3515.0 ssil -445.943268
3515.0 3545.0 ssil -456.217560 EEN
3545.0 3575.0 @ -404.518860
3575.0 3665.0 n -1127.231567
3665.0 3685.0 ssil -288.583160
3685.0 3735.0 ssil -733.231506 TWEEJARIG
3735.0 3800.0 t -892.332092
3800.0 3845.0 w -524.734863
3845.0 3960.0 e -1228.753662
3960.0 4065.0 j -1134.644409
4065.0 4255.0 a -2141.519775
4255.0 4270.0 r -181.416245
4270.0 4290.0 @ -277.019409
4290.0 4320.0 x -405.834198
4320.0 4355.0 ssil -436.653717
4355.0 4380.0 ssil -359.669891 WEESJE
4380.0 4485.0 w -1243.641479
4485.0 4960.0 e -6147.688965
4960.0 5115.0 s -1901.812012
5115.0 5145.0 j -356.087067
5145.0 5250.0 @ -1152.338745
5250.0 5830.0 ssil -6679.206543
.
