#!MLF!#
"/net/aistaff/aki/_same-utterance/wav/02/Limburg/16207-1464394201-2076655.rec"
0.0 300.0 ssil -2399.363037 HET
300.0 315.0 h -158.308716
315.0 330.0 ec -224.452026
330.0 350.0 t -291.828400
350.0 395.0 ssil -548.076904
395.0 555.0 ssil -1913.217773 ECHTPAAR
555.0 620.0 ec -778.970947
620.0 635.0 x -249.897552
635.0 650.0 t -237.471283
650.0 670.0 p -304.437897
670.0 690.0 a -258.646790
690.0 830.0 r -1847.132324
830.0 905.0 ssil -1025.946167
905.0 965.0 ssil -796.414185 ADOPTEERT
965.0 1250.0 ac -3567.538818
1250.0 1265.0 d -237.349075
1265.0 1350.0 oc -1150.014893
1350.0 1380.0 p -424.536102
1380.0 1430.0 t -805.371948
1430.0 1495.0 i -737.532593
1495.0 1560.0 r -833.597656
1560.0 1595.0 ssil -495.443207
1595.0 1615.0 ssil -245.529449 VOOR
1615.0 1690.0 f -853.056946
1690.0 1705.0 o -190.680405
1705.0 1720.0 ssil -180.615814
1720.0 1735.0 ssil -186.713715 VEEL
1735.0 1840.0 v -1252.501099
1840.0 1865.0 e -287.307709
1865.0 1995.0 l -1659.840942
1995.0 2020.0 ssil -326.570587
2020.0 2045.0 ssil -336.157135 GELD
2045.0 2075.0 x -421.175720
2075.0 2135.0 ec -697.621338
2135.0 2300.0 l -1903.756958
2300.0 2335.0 ssil -510.713409
2335.0 2355.0 ssil -257.464447 EEN
2355.0 2405.0 @ -616.480896
2405.0 2460.0 n -652.188232
2460.0 2475.0 ssil -201.455612
2475.0 2490.0 ssil -218.049957 TWEEJARIG
2490.0 2570.0 t -1043.862183
2570.0 2635.0 w -695.400635
2635.0 2690.0 e -586.857971
2690.0 2760.0 j -799.546509
2760.0 2870.0 a -1080.182251
2870.0 2885.0 r -189.091904
2885.0 2965.0 @ -895.283081
2965.0 3015.0 x -716.316284
3015.0 3040.0 ssil -315.986053
3040.0 3055.0 ssil -204.347641 WEESJE
3055.0 3095.0 w -457.272186
3095.0 3205.0 ic -1313.136841
3205.0 3340.0 s -1880.740723
3340.0 3355.0 j -210.281509
3355.0 3380.0 @ -339.515808
3380.0 3620.0 ssil -2779.869141
.
