#!MLF!#
"/net/aistaff/aki/_same-utterance/wav/02/Limburg/16210-1464535688-2125337.rec"
0.0 150.0 ssil -1386.019897 HET
150.0 165.0 h -161.964478
165.0 180.0 ec -216.289658
180.0 200.0 t -278.756287
200.0 255.0 ssil -860.764587
255.0 735.0 ssil -6568.135742 ECHTPAAR
735.0 805.0 ec -978.508423
805.0 865.0 x -919.824402
865.0 910.0 t -753.178345
910.0 990.0 p -1025.056030
990.0 1100.0 a -1325.994141
1100.0 1145.0 r -607.536682
1145.0 1160.0 ssil -211.329559
1160.0 1180.0 ssil -278.649841 ADOPTEERT
1180.0 1290.0 ac -1464.767334
1290.0 1305.0 d -231.419800
1305.0 1345.0 oc -470.341461
1345.0 1410.0 p -807.326477
1410.0 1480.0 t -1018.642029
1480.0 1570.0 i -1161.282593
1570.0 1590.0 r -300.733765
1590.0 1705.0 t -1664.505737
1705.0 1720.0 ssil -194.104996
1720.0 1745.0 ssil -301.280945 VOOR
1745.0 1790.0 v -579.172913
1790.0 1830.0 o -508.125122
1830.0 1855.0 ssil -327.902649
1855.0 1870.0 ssil -203.772018 VEEL
1870.0 2035.0 f -2024.415283
2035.0 2105.0 e -885.587219
2105.0 2185.0 l -921.018799
2185.0 2200.0 ssil -220.743820
2200.0 2215.0 ssil -227.646088 GELD
2215.0 2290.0 x -1195.889526
2290.0 2390.0 ec -1364.564087
2390.0 2495.0 l -1282.606934
2495.0 2595.0 t -1435.344482
2595.0 2610.0 ssil -210.054611
2610.0 2650.0 ssil -587.475586 EEN
2650.0 2700.0 n -614.544067
2700.0 2735.0 ssil -581.202271
2735.0 2755.0 ssil -360.931976 TWEEJARIG
2755.0 2845.0 t -1201.061768
2845.0 2865.0 w -244.167160
2865.0 2885.0 e -251.356659
2885.0 3055.0 j -1806.501709
3055.0 3105.0 a -548.453918
3105.0 3190.0 r -1132.684570
3190.0 3205.0 @ -245.088135
3205.0 3275.0 x -978.374023
3275.0 3300.0 ssil -382.179565
3300.0 3325.0 ssil -374.560059 WEESJE
3325.0 3345.0 w -239.085236
3345.0 3465.0 e -1431.451538
3465.0 3605.0 s -1762.279175
3605.0 3650.0 j -593.230103
3650.0 3680.0 @ -402.772491
3680.0 3970.0 ssil -3657.967773
.
