#!MLF!#
"/net/aistaff/aki/_same-utterance/wav/02/Limburg/16495-1464466365-2106333.rec"
0.0 140.0 ssil -1511.766724 HET
140.0 155.0 h -213.836838
155.0 170.0 ec -195.769104
170.0 185.0 t -211.330246
185.0 870.0 ssil -8530.456055
870.0 905.0 ssil -504.062317 ECHTPAAR
905.0 1005.0 ec -1331.307495
1005.0 1055.0 x -694.463928
1055.0 1115.0 t -905.913879
1115.0 1190.0 p -1007.289246
1190.0 1340.0 ac -1740.165161
1340.0 1355.0 ssil -210.015182
1355.0 1370.0 ssil -208.692688 ADOPTEERT
1370.0 1545.0 ac -2334.792236
1545.0 1570.0 d -389.218719
1570.0 1695.0 oc -1756.421997
1695.0 1735.0 p -560.725952
1735.0 1765.0 t -496.100464
1765.0 1885.0 i -1331.658691
1885.0 1915.0 r -406.197510
1915.0 1975.0 ssil -896.775452
1975.0 2000.0 ssil -365.763641 VOOR
2000.0 2065.0 f -820.663635
2065.0 2140.0 o -890.747192
2140.0 2155.0 ssil -193.906326
2155.0 2170.0 ssil -196.546097 VEEL
2170.0 2225.0 v -725.894531
2225.0 2335.0 e -1190.791748
2335.0 2395.0 l -747.199890
2395.0 2410.0 ssil -193.809723
2410.0 2455.0 ssil -562.203125 GELD
2455.0 2470.0 x -215.294388
2470.0 2560.0 ec -1004.810120
2560.0 2665.0 l -1156.842896
2665.0 2750.0 t -1242.303589
2750.0 2780.0 ssil -388.803284
2780.0 2835.0 ssil -703.757507 EEN
2835.0 2880.0 @ -597.433838
2880.0 2940.0 n -729.784180
2940.0 2955.0 ssil -236.808014
2955.0 2975.0 ssil -305.959076 TWEEJARIG
2975.0 3060.0 t -1282.255493
3060.0 3095.0 w -374.065125
3095.0 3190.0 e -914.101379
3190.0 3275.0 j -1000.829712
3275.0 3370.0 a -1060.286377
3370.0 3440.0 r -903.094971
3440.0 3455.0 @ -198.318726
3455.0 3470.0 x -192.154434
3470.0 3510.0 ssil -495.980103
3510.0 3530.0 ssil -249.190002 WEESJE
3530.0 3605.0 w -815.625916
3605.0 3725.0 e -1339.350464
3725.0 3835.0 s -1465.540771
3835.0 3850.0 j -206.415161
3850.0 3900.0 @ -568.861206
3900.0 4390.0 ssil -5565.151367
.
