#!MLF!#
"/net/aistaff/aki/_same-utterance/wav/02/Limburg/165-1449072156-17107.rec"
0.0 345.0 ssil -3093.932129 HET
345.0 360.0 h -195.086136
360.0 375.0 ec -218.847122
375.0 405.0 t -423.036316
405.0 440.0 ssil -469.663086
440.0 470.0 ssil -443.474457 ECHTPAAR
470.0 580.0 ec -1378.192505
580.0 620.0 x -613.921509
620.0 725.0 t -1479.893555
725.0 750.0 p -403.885223
750.0 895.0 a -1584.613037
895.0 915.0 ssil -283.668182
915.0 935.0 ssil -264.191956 ADOPTEERT
935.0 1155.0 ac -2616.656982
1155.0 1170.0 d -202.205994
1170.0 1225.0 oc -660.589661
1225.0 1245.0 p -317.198730
1245.0 1295.0 t -694.782166
1295.0 1315.0 i -212.080276
1315.0 1445.0 r -1501.778198
1445.0 1470.0 t -336.843445
1470.0 1485.0 ssil -179.940720
1485.0 1500.0 ssil -185.705063 VOOR
1500.0 1580.0 f -982.611633
1580.0 1655.0 o -801.249939
1655.0 1690.0 ssil -455.860504
1690.0 1705.0 ssil -205.335388 VEEL
1705.0 1760.0 v -665.214355
1760.0 1825.0 e -656.784119
1825.0 1960.0 l -1553.913574
1960.0 1975.0 ssil -211.070374
1975.0 2000.0 ssil -340.753143 GELD
2000.0 2015.0 x -235.140579
2015.0 2065.0 ec -547.872925
2065.0 2160.0 l -1003.963989
2160.0 2175.0 ssil -224.168152
2175.0 2215.0 ssil -576.126282 EEN
2215.0 2265.0 @ -646.530701
2265.0 2335.0 n -841.584290
2335.0 2350.0 ssil -202.609192
2350.0 2365.0 ssil -194.909744 TWEEJARIG
2365.0 2455.0 t -1213.215820
2455.0 2500.0 w -513.242493
2500.0 2550.0 e -490.200897
2550.0 2650.0 j -947.864502
2650.0 2775.0 a -1283.620117
2775.0 2795.0 r -250.017731
2795.0 2855.0 @ -745.166077
2855.0 2870.0 x -217.991470
2870.0 2905.0 ssil -460.527130
2905.0 2970.0 ssil -866.954285 WEESJE
2970.0 3025.0 w -616.795898
3025.0 3200.0 ic -1827.295776
3200.0 3330.0 s -1696.634399
3330.0 3400.0 j -711.398682
3400.0 3495.0 @ -1060.396973
3495.0 3830.0 ssil -3826.896973
.
