#!MLF!#
"/net/aistaff/aki/_same-utterance/wav/02/Limburg/16938-1469363451-2410764.rec"
0.0 120.0 ssil -1419.487915 HET
120.0 140.0 h -303.371643
140.0 155.0 ec -228.586700
155.0 185.0 t -495.071594
185.0 215.0 ssil -446.296722
215.0 310.0 ssil -1357.458130 ECHTPAAR
310.0 415.0 @ -1415.033203
415.0 440.0 x -367.731598
440.0 455.0 t -208.887253
455.0 470.0 p -240.511292
470.0 505.0 ac -584.949158
505.0 560.0 ssil -754.945862
560.0 700.0 ssil -1824.025024 ADOPTEERT
700.0 1095.0 ac -4778.070801
1095.0 1110.0 d -199.498657
1110.0 1135.0 oc -353.068665
1135.0 1160.0 p -369.148346
1160.0 1225.0 t -991.874146
1225.0 1280.0 i -646.968323
1280.0 1340.0 r -829.723755
1340.0 1365.0 ssil -368.832642
1365.0 1385.0 ssil -299.273895 VOOR
1385.0 1460.0 f -1027.096069
1460.0 1495.0 o -456.424042
1495.0 1520.0 ssil -339.185303
1520.0 1540.0 ssil -258.081848 VEEL
1540.0 1590.0 v -664.738831
1590.0 1605.0 e -203.615723
1605.0 1730.0 l -1560.594360
1730.0 1750.0 ssil -267.949371
1750.0 1775.0 ssil -313.200104 GELD
1775.0 1790.0 x -232.152557
1790.0 1820.0 ec -404.522095
1820.0 1985.0 l -1907.083740
1985.0 2020.0 ssil -519.388794
2020.0 2035.0 ssil -203.546448 EEN
2035.0 2120.0 @ -976.628235
2120.0 2175.0 n -663.928345
2175.0 2190.0 ssil -229.142899
2190.0 2205.0 ssil -210.867737 TWEEJARIG
2205.0 2285.0 t -1104.389648
2285.0 2305.0 w -227.375793
2305.0 2395.0 e -749.116699
2395.0 2465.0 j -633.281311
2465.0 2530.0 a -667.410950
2530.0 2640.0 r -1273.815552
2640.0 2655.0 @ -192.407288
2655.0 2670.0 x -206.868271
2670.0 2700.0 ssil -372.330322
2700.0 2725.0 ssil -357.564178 WEESJE
2725.0 2790.0 w -744.301086
2790.0 2910.0 e -1312.863892
2910.0 3070.0 s -2023.823853
3070.0 3085.0 j -222.866882
3085.0 3130.0 @ -643.141785
3130.0 3345.0 ssil -2748.586914
.
