#!MLF!#
"/net/aistaff/aki/_same-utterance/wav/02/Limburg/17282-1472374165-2451451.rec"
0.0 490.0 ssil -6559.026367 HET
490.0 520.0 h -362.284851
520.0 535.0 ec -192.469345
535.0 565.0 t -467.585541
565.0 630.0 ssil -992.031982
630.0 730.0 ssil -1473.313843 ECHTPAAR
730.0 795.0 ec -954.220154
795.0 850.0 x -752.923889
850.0 925.0 t -1079.410522
925.0 1010.0 p -1128.385132
1010.0 1195.0 ac -2439.900635
1195.0 1270.0 r -1031.839966
1270.0 1355.0 ssil -1215.367554
1355.0 1370.0 ssil -190.913025 ADOPTEERT
1370.0 1520.0 ac -1845.558350
1520.0 1535.0 d -241.006348
1535.0 1725.0 oc -2536.414062
1725.0 1810.0 p -1153.707520
1810.0 1870.0 t -791.740967
1870.0 1975.0 i -1198.351807
1975.0 2005.0 r -409.056824
2005.0 2045.0 ssil -576.858093
2045.0 2080.0 ssil -466.538055 VOOR
2080.0 2230.0 f -1957.327515
2230.0 2310.0 o -905.136292
2310.0 2345.0 r -424.935394
2345.0 2360.0 ssil -177.269547
2360.0 2375.0 ssil -184.153122 VEEL
2375.0 2425.0 v -701.665161
2425.0 2460.0 e -466.252991
2460.0 2560.0 l -1302.214966
2560.0 2575.0 ssil -222.845535
2575.0 2590.0 ssil -223.201340 GELD
2590.0 2695.0 x -1426.167236
2695.0 2735.0 ec -542.348877
2735.0 2885.0 l -2032.252319
2885.0 2945.0 ssil -878.308716
2945.0 2965.0 ssil -308.735352 EEN
2965.0 3055.0 @ -1131.260376
3055.0 3140.0 n -1009.729919
3140.0 3155.0 ssil -203.796661
3155.0 3175.0 ssil -297.338898 TWEEJARIG
3175.0 3260.0 t -1240.956421
3260.0 3285.0 w -340.510834
3285.0 3300.0 e -209.858200
3300.0 3460.0 j -1874.870972
3460.0 3580.0 a -1213.567993
3580.0 3615.0 r -539.759460
3615.0 3630.0 @ -214.954910
3630.0 3645.0 x -208.449448
3645.0 3680.0 ssil -473.719788
3680.0 3710.0 ssil -449.224976 WEESJE
3710.0 3800.0 w -1045.233521
3800.0 3945.0 e -1709.576294
3945.0 4045.0 s -1377.013428
4045.0 4070.0 j -369.102814
4070.0 4170.0 @ -1286.767578
4170.0 4365.0 ssil -2184.164307
.
