#!MLF!#
"/net/aistaff/aki/_same-utterance/wav/02/Limburg/17321-1472396802-2470161.rec"
0.0 165.0 ssil -2011.017212 HET
165.0 180.0 h -196.549850
180.0 205.0 ec -369.793732
205.0 240.0 t -452.715790
240.0 480.0 ssil -2998.071289
480.0 935.0 ssil -6069.080566 ECHTPAAR
935.0 1025.0 ec -1269.303711
1025.0 1045.0 x -290.378448
1045.0 1095.0 t -771.246277
1095.0 1140.0 p -643.123413
1140.0 1260.0 a -1519.703003
1260.0 1275.0 ssil -200.385605
1275.0 1290.0 ssil -214.707626 ADOPTEERT
1290.0 1375.0 ac -1099.431274
1375.0 1405.0 d -405.039246
1405.0 1510.0 oc -1321.446777
1510.0 1540.0 p -435.206268
1540.0 1600.0 t -815.473022
1600.0 1695.0 i -1101.510010
1695.0 1730.0 r -489.297821
1730.0 1775.0 t -629.742615
1775.0 1790.0 ssil -223.497498
1790.0 1820.0 ssil -375.920074 VOOR
1820.0 1895.0 f -873.080322
1895.0 1980.0 o -1005.958740
1980.0 2095.0 ssil -1408.449341
2095.0 2125.0 ssil -400.779785 VEEL
2125.0 2255.0 f -1692.648560
2255.0 2320.0 e -767.948547
2320.0 2425.0 l -1178.266724
2425.0 2440.0 ssil -221.397781
2440.0 2455.0 ssil -204.748032 GELD
2455.0 2505.0 x -703.473938
2505.0 2595.0 ec -1063.141846
2595.0 2720.0 l -1445.125488
2720.0 2805.0 t -1137.295410
2805.0 2840.0 ssil -441.204620
2840.0 2895.0 ssil -720.635315 EEN
2895.0 2965.0 @ -923.851807
2965.0 2990.0 n -310.411560
2990.0 3005.0 ssil -212.504105
3005.0 3020.0 ssil -216.056213 TWEEJARIG
3020.0 3105.0 t -1146.791138
3105.0 3125.0 w -265.720764
3125.0 3195.0 e -744.492371
3195.0 3275.0 j -857.111633
3275.0 3375.0 a -979.025146
3375.0 3435.0 r -742.973267
3435.0 3460.0 @ -367.875427
3460.0 3475.0 x -209.221588
3475.0 3505.0 ssil -412.188232
3505.0 3580.0 ssil -1096.847778 WEESJE
3580.0 3605.0 w -343.798370
3605.0 3720.0 e -1258.595459
3720.0 3860.0 s -1870.024780
3860.0 3890.0 j -339.455933
3890.0 3980.0 @ -1055.423828
3980.0 4550.0 ssil -7613.071777
.
