#!MLF!#
"/net/aistaff/aki/_same-utterance/wav/02/Limburg/17777-1482059813-2543275.rec"
0.0 330.0 ssil -3577.186523 HET
330.0 345.0 h -220.334747
345.0 465.0 ec -1407.489136
465.0 480.0 t -203.257019
480.0 520.0 ssil -523.828857
520.0 540.0 ssil -283.891357 ECHTPAAR
540.0 575.0 ec -433.967407
575.0 595.0 x -273.487762
595.0 610.0 t -216.945740
610.0 635.0 p -369.762390
635.0 810.0 a -1896.616455
810.0 860.0 r -664.526123
860.0 915.0 ssil -712.328125
915.0 945.0 ssil -384.965820 ADOPTEERT
945.0 1160.0 ac -2777.468506
1160.0 1180.0 d -243.242767
1180.0 1205.0 oc -322.686584
1205.0 1225.0 p -277.996948
1225.0 1290.0 t -982.660461
1290.0 1420.0 i -1414.058716
1420.0 1495.0 r -992.709778
1495.0 1670.0 t -2337.842529
1670.0 1730.0 ssil -856.057434
1730.0 1975.0 ssil -3072.469971 VOOR
1975.0 2045.0 v -825.881165
2045.0 2190.0 o -1597.212524
2190.0 2205.0 ssil -193.204208
2205.0 2220.0 ssil -190.115768 VEEL
2220.0 2275.0 v -678.755310
2275.0 2320.0 e -510.620300
2320.0 2465.0 l -1653.281250
2465.0 2480.0 ssil -192.410217
2480.0 2515.0 ssil -459.293915 GELD
2515.0 2530.0 x -211.243439
2530.0 2635.0 ec -1146.149170
2635.0 2765.0 l -1543.316284
2765.0 2910.0 ssil -1943.967651
2910.0 2940.0 ssil -433.611267 EEN
2940.0 2965.0 n -359.745026
2965.0 2980.0 ssil -200.293488
2980.0 2995.0 ssil -197.167068 TWEEJARIG
2995.0 3080.0 t -1125.303101
3080.0 3130.0 w -544.976868
3130.0 3220.0 e -833.130249
3220.0 3350.0 j -1275.070435
3350.0 3440.0 a -1018.848328
3440.0 3500.0 r -716.664673
3500.0 3545.0 @ -591.731812
3545.0 3610.0 x -897.789551
3610.0 3625.0 ssil -204.496994
3625.0 3650.0 ssil -344.301270 WEESJE
3650.0 3705.0 w -685.699219
3705.0 3870.0 ic -2270.562012
3870.0 4020.0 s -2063.214844
4020.0 4050.0 j -378.986725
4050.0 4065.0 @ -200.483658
4065.0 4665.0 ssil -6938.761230
.
