#!MLF!#
"/net/aistaff/aki/_same-utterance/wav/02/Limburg/17838-1484488231-2553115.rec"
0.0 205.0 ssil -2691.096436 HET
205.0 390.0 h -2267.081055
390.0 405.0 ec -185.132339
405.0 425.0 t -289.079895
425.0 440.0 ssil -221.480606
440.0 570.0 ssil -1597.374023 ECHTPAAR
570.0 645.0 ec -911.341003
645.0 675.0 x -477.930450
675.0 715.0 t -587.153748
715.0 785.0 p -989.608093
785.0 870.0 a -984.526611
870.0 1070.0 ssil -2609.628174
1070.0 1095.0 ssil -365.780579 ADOPTEERT
1095.0 1250.0 ac -1788.641479
1250.0 1265.0 d -213.586884
1265.0 1570.0 oc -3959.779297
1570.0 1710.0 p -1918.242310
1710.0 1755.0 t -634.549866
1755.0 1875.0 i -1402.236084
1875.0 1955.0 r -1108.985962
1955.0 1975.0 ssil -291.593994
1975.0 2005.0 ssil -395.030396 VOOR
2005.0 2130.0 f -1544.805298
2130.0 2225.0 o -1033.717407
2225.0 2255.0 r -349.355774
2255.0 2270.0 ssil -187.617096
2270.0 2285.0 ssil -198.973846 VEEL
2285.0 2380.0 v -1230.120117
2380.0 2435.0 e -651.058289
2435.0 2630.0 l -2424.710449
2630.0 2655.0 ssil -365.217041
2655.0 2695.0 ssil -474.728088 GELD
2695.0 2720.0 x -338.125061
2720.0 2790.0 ec -873.225403
2790.0 2990.0 l -2537.497803
2990.0 3080.0 t -1223.364014
3080.0 3285.0 ssil -2471.698242
3285.0 3370.0 ssil -1261.045654 EEN
3370.0 3495.0 n -1525.941650
3495.0 3530.0 ssil -545.572144
3530.0 3595.0 ssil -844.619690 TWEEJARIG
3595.0 3625.0 t -404.157898
3625.0 3645.0 w -280.243652
3645.0 3710.0 e -661.712830
3710.0 3940.0 j -2517.381592
3940.0 4075.0 a -1423.059692
4075.0 4095.0 r -239.523697
4095.0 4175.0 @ -971.866089
4175.0 4210.0 x -513.905823
4210.0 4325.0 ssil -1539.923218
4325.0 4340.0 ssil -249.598160 WEESJE
4340.0 4355.0 w -216.617691
4355.0 4505.0 ic -2194.379639
4505.0 4720.0 s -2861.259277
4720.0 4800.0 j -1056.061035
4800.0 4825.0 @ -338.938568
4825.0 4900.0 ssil -1002.031860
.
