#!MLF!#
"/net/aistaff/aki/_same-utterance/wav/02/Limburg/204-1449128202-18919.rec"
0.0 290.0 ssil -2815.738281 HET
290.0 305.0 h -161.149643
305.0 320.0 ec -228.750748
320.0 360.0 t -577.534363
360.0 390.0 ssil -390.790344
390.0 440.0 ssil -742.498291 ECHTPAAR
440.0 520.0 ec -1042.452393
520.0 615.0 x -1296.455811
615.0 630.0 t -213.540085
630.0 695.0 p -940.617188
695.0 915.0 a -2629.543457
915.0 935.0 r -228.677689
935.0 950.0 ssil -208.948807
950.0 965.0 ssil -227.125336 ADOPTEERT
965.0 1070.0 ac -1375.794800
1070.0 1090.0 d -261.775360
1090.0 1195.0 oc -1302.179443
1195.0 1240.0 p -663.958374
1240.0 1295.0 t -756.044678
1295.0 1430.0 i -1390.355225
1430.0 1460.0 r -405.354431
1460.0 1610.0 t -1912.243896
1610.0 1865.0 ssil -2990.123047
1865.0 1885.0 ssil -294.940857 VOOR
1885.0 2025.0 f -1642.767700
2025.0 2145.0 o -1249.173584
2145.0 2160.0 ssil -187.577271
2160.0 2175.0 ssil -184.904510 VEEL
2175.0 2270.0 v -1057.652710
2270.0 2345.0 e -820.128723
2345.0 2455.0 l -1176.383911
2455.0 2470.0 ssil -229.604767
2470.0 2485.0 ssil -215.519760 GELD
2485.0 2530.0 x -609.925415
2530.0 2605.0 ec -788.132263
2605.0 2700.0 l -1082.966187
2700.0 2785.0 ssil -1192.720093
2785.0 2815.0 ssil -395.169769 EEN
2815.0 2860.0 @ -649.754822
2860.0 2905.0 n -615.698364
2905.0 2925.0 ssil -259.284668
2925.0 2955.0 ssil -394.381348 TWEEJARIG
2955.0 3030.0 t -956.283386
3030.0 3055.0 w -299.588379
3055.0 3220.0 e -1546.593384
3220.0 3290.0 j -752.220825
3290.0 3390.0 a -989.801941
3390.0 3430.0 r -480.258759
3430.0 3465.0 @ -457.233734
3465.0 3480.0 x -211.685608
3480.0 3495.0 ssil -195.861176
3495.0 3535.0 ssil -549.098938 WEESJE
3535.0 3605.0 w -822.229736
3605.0 3760.0 e -1616.953247
3760.0 3905.0 s -1747.661255
3905.0 3980.0 j -896.826660
3980.0 4055.0 @ -980.191345
4055.0 4135.0 ssil -1021.321228
.
