#!MLF!#
"/net/aistaff/aki/_same-utterance/wav/02/Limburg/2219-1449526790-462413.rec"
0.0 620.0 ssil -7093.945312 HET
620.0 655.0 h -442.230560
655.0 705.0 ec -608.250793
705.0 765.0 t -807.886414
765.0 800.0 ssil -444.005951
800.0 860.0 ssil -729.227295 ECHTPAAR
860.0 960.0 ec -1363.289917
960.0 1000.0 x -581.161072
1000.0 1090.0 t -1224.126221
1090.0 1200.0 p -1364.067871
1200.0 1395.0 a -2099.392578
1395.0 1410.0 ssil -198.417603
1410.0 1430.0 ssil -281.131958 ADOPTEERT
1430.0 1700.0 ac -3433.125488
1700.0 1720.0 d -276.686859
1720.0 1830.0 oc -1373.679565
1830.0 1875.0 p -586.387146
1875.0 1935.0 t -834.157837
1935.0 2075.0 i -1436.709473
2075.0 2120.0 r -588.901733
2120.0 2160.0 ssil -537.127441
2160.0 2175.0 ssil -227.131866 VOOR
2175.0 2280.0 f -1241.578735
2280.0 2375.0 o -1112.672241
2375.0 2390.0 ssil -177.983719
2390.0 2405.0 ssil -183.955795 VEEL
2405.0 2505.0 f -1323.668335
2505.0 2595.0 e -947.798340
2595.0 2730.0 l -1665.518433
2730.0 2760.0 ssil -383.518127
2760.0 2775.0 ssil -186.728821 GELD
2775.0 2825.0 x -695.771240
2825.0 2880.0 ec -647.372375
2880.0 3015.0 l -1581.935913
3015.0 3065.0 t -733.773560
3065.0 3085.0 ssil -283.701904
3085.0 3105.0 ssil -307.338837 EEN
3105.0 3120.0 @ -194.705719
3120.0 3225.0 n -1300.154785
3225.0 3240.0 ssil -219.607681
3240.0 3265.0 ssil -302.251099 TWEEJARIG
3265.0 3385.0 t -1625.829956
3385.0 3410.0 w -307.801331
3410.0 3495.0 e -877.184143
3495.0 3660.0 j -1825.493042
3660.0 3745.0 a -876.413757
3745.0 3835.0 r -1242.843994
3835.0 3855.0 @ -289.613495
3855.0 3870.0 x -209.493256
3870.0 3935.0 ssil -932.261658
3935.0 3985.0 ssil -711.530762 WEESJE
3985.0 4040.0 w -705.293701
4040.0 4160.0 e -1287.882202
4160.0 4295.0 s -1691.414307
4295.0 4380.0 j -1112.429077
4380.0 4415.0 @ -462.169678
4415.0 4645.0 ssil -2808.676270
.
