#!MLF!#
"/net/aistaff/aki/_same-utterance/wav/02/Limburg/2339-1449315888-271169.rec"
0.0 165.0 ssil -1894.568359 HET
165.0 230.0 h -770.536560
230.0 245.0 ec -201.749191
245.0 270.0 t -303.058014
270.0 675.0 ssil -4592.692871
675.0 1105.0 ssil -5420.072754 ECHTPAAR
1105.0 1190.0 ec -998.309082
1190.0 1210.0 x -273.361389
1210.0 1315.0 t -1471.999023
1315.0 1380.0 p -782.174377
1380.0 1650.0 a -3046.116211
1650.0 1720.0 r -922.870850
1720.0 1735.0 ssil -197.723648
1735.0 1750.0 ssil -186.662094 ADOPTEERT
1750.0 1815.0 @ -708.510315
1815.0 1830.0 d -202.777618
1830.0 1850.0 oc -342.401001
1850.0 1865.0 p -238.730118
1865.0 1885.0 t -313.066193
1885.0 1995.0 @ -1285.426514
1995.0 2020.0 r -335.991394
2020.0 2055.0 ssil -413.674805
2055.0 2070.0 ssil -172.204514 VOOR
2070.0 2140.0 v -778.847961
2140.0 2210.0 o -739.749390
2210.0 2240.0 ssil -359.707184
2240.0 2275.0 ssil -400.230804 VEEL
2275.0 2310.0 v -458.998993
2310.0 2385.0 e -857.754517
2385.0 2500.0 l -1475.532471
2500.0 2515.0 ssil -210.027176
2515.0 2550.0 ssil -416.995056 GELD
2550.0 2570.0 x -278.146973
2570.0 2645.0 ec -835.950134
2645.0 2705.0 l -698.933472
2705.0 2720.0 ssil -220.348816
2720.0 2735.0 ssil -203.632370 EEN
2735.0 2785.0 @ -577.887756
2785.0 2840.0 n -661.848145
2840.0 2855.0 ssil -206.636566
2855.0 2870.0 ssil -217.882507 TWEEJARIG
2870.0 2960.0 t -1104.624634
2960.0 2995.0 w -385.482452
2995.0 3150.0 e -1368.343018
3150.0 3200.0 j -527.150635
3200.0 3280.0 a -790.972351
3280.0 3295.0 r -192.077576
3295.0 3370.0 @ -905.096619
3370.0 3395.0 x -360.770630
3395.0 3440.0 ssil -631.880859
3440.0 3495.0 ssil -751.996582 WEESJE
3495.0 3545.0 w -566.234314
3545.0 3690.0 e -1471.301147
3690.0 3850.0 s -2072.007568
3850.0 3870.0 j -255.225128
3870.0 4350.0 @ -5872.360352
4350.0 4480.0 ssil -1749.123657
.
