#!MLF!#
"/net/aistaff/aki/_same-utterance/wav/02/Limburg/2343-1449416301-371325.rec"
0.0 295.0 ssil -2702.258789 HET
295.0 310.0 h -158.238525
310.0 325.0 ec -220.607162
325.0 340.0 t -219.860870
340.0 515.0 ssil -2304.582031
515.0 670.0 ssil -2159.445801 ECHTPAAR
670.0 800.0 ec -2095.915771
800.0 815.0 x -255.885040
815.0 835.0 t -327.059265
835.0 950.0 p -1453.740234
950.0 1075.0 a -1529.706055
1075.0 1100.0 ssil -318.850555
1100.0 1135.0 ssil -510.062469 ADOPTEERT
1135.0 1250.0 ac -1408.536743
1250.0 1265.0 d -204.825821
1265.0 1285.0 oc -239.445160
1285.0 1355.0 p -826.742859
1355.0 1420.0 t -898.369751
1420.0 1550.0 i -1524.057007
1550.0 1575.0 r -313.038147
1575.0 1620.0 ssil -678.617615
1620.0 1675.0 ssil -913.797607 VOOR
1675.0 1770.0 f -1166.781860
1770.0 1865.0 o -1169.612549
1865.0 1880.0 ssil -182.406494
1880.0 1940.0 ssil -685.520569 VEEL
1940.0 1970.0 v -391.998352
1970.0 2035.0 e -796.445190
2035.0 2100.0 l -884.035095
2100.0 2115.0 ssil -205.065872
2115.0 2130.0 ssil -193.253601 GELD
2130.0 2145.0 x -224.113922
2145.0 2265.0 ec -1450.192993
2265.0 2365.0 l -1210.198975
2365.0 2395.0 t -489.390991
2395.0 2415.0 ssil -267.084808
2415.0 2510.0 ssil -1178.895386 EEN
2510.0 2570.0 n -718.110229
2570.0 2585.0 ssil -180.992249
2585.0 2600.0 ssil -210.674316 TWEEJARIG
2600.0 2710.0 t -1521.492676
2710.0 2735.0 w -330.386719
2735.0 2875.0 e -1566.320801
2875.0 2945.0 j -762.767212
2945.0 3025.0 a -806.222656
3025.0 3040.0 r -193.800949
3040.0 3130.0 @ -1095.617920
3130.0 3180.0 x -702.206604
3180.0 3205.0 ssil -329.729706
3205.0 3265.0 ssil -771.529053 WEESJE
3265.0 3295.0 w -381.521729
3295.0 3425.0 ic -1476.444702
3425.0 3615.0 s -2474.277100
3615.0 3630.0 j -216.622757
3630.0 3645.0 @ -214.172363
3645.0 3995.0 ssil -3920.241699
.
