#!MLF!#
"/net/aistaff/aki/_same-utterance/wav/02/Limburg/2782-1449530940-465135.rec"
0.0 15.0 ssil -148.966614 HET
15.0 30.0 h -145.054718
30.0 330.0 ec -2775.872070
330.0 345.0 t -232.497543
345.0 485.0 ssil -1821.836426
485.0 635.0 ssil -2144.641602 ECHTPAAR
635.0 780.0 ec -1967.411011
780.0 800.0 x -302.414246
800.0 820.0 t -286.652771
820.0 835.0 p -266.539764
835.0 935.0 a -1282.434937
935.0 1110.0 r -2620.611816
1110.0 1130.0 ssil -295.831879
1130.0 1145.0 ssil -244.028366 ADOPTEERT
1145.0 1340.0 ac -2814.229980
1340.0 1355.0 d -220.231766
1355.0 1430.0 oc -926.303406
1430.0 1455.0 p -416.675476
1455.0 1495.0 t -726.546875
1495.0 1585.0 i -1088.523682
1585.0 1600.0 r -198.505173
1600.0 1650.0 ssil -698.598206
1650.0 1695.0 ssil -693.077942 VOOR
1695.0 1755.0 f -781.054810
1755.0 1835.0 o -918.937073
1835.0 1850.0 ssil -211.534042
1850.0 1880.0 ssil -422.313965 VEEL
1880.0 1910.0 v -442.491821
1910.0 2005.0 e -1163.716064
2005.0 2090.0 l -977.502258
2090.0 2105.0 ssil -204.119278
2105.0 2130.0 ssil -323.830292 GELD
2130.0 2165.0 x -448.873505
2165.0 2255.0 ec -1153.967041
2255.0 2360.0 l -1236.591187
2360.0 2375.0 ssil -202.879852
2375.0 2430.0 ssil -856.129639 EEN
2430.0 2460.0 @ -389.981049
2460.0 2560.0 n -1343.320801
2560.0 2575.0 ssil -199.937027
2575.0 2590.0 ssil -232.471573 TWEEJARIG
2590.0 2645.0 t -887.684326
2645.0 2715.0 w -843.800476
2715.0 2765.0 e -643.682861
2765.0 2885.0 j -1256.326172
2885.0 2960.0 a -750.654663
2960.0 2980.0 r -228.590912
2980.0 3075.0 @ -1113.233643
3075.0 3090.0 x -207.379456
3090.0 3130.0 ssil -512.890381
3130.0 3175.0 ssil -659.230042 WEESJE
3175.0 3230.0 w -654.533142
3230.0 3350.0 ic -1285.410034
3350.0 3465.0 s -1403.667969
3465.0 3510.0 j -570.936096
3510.0 3570.0 @ -794.704651
3570.0 4785.0 ssil -14357.647461
.
