#!MLF!#
"/net/aistaff/aki/_same-utterance/wav/02/Limburg/2981-1449429542-388021.rec"
0.0 15.0 ssil -171.896881 HET
15.0 30.0 h -168.921173
30.0 325.0 ec -3144.946533
325.0 345.0 t -295.740295
345.0 400.0 ssil -666.107544
400.0 1100.0 ssil -8655.544922 ECHTPAAR
1100.0 1220.0 ec -1579.655762
1220.0 1305.0 x -1199.382202
1305.0 1380.0 t -1102.883179
1380.0 1435.0 p -797.226685
1435.0 1620.0 a -1890.544434
1620.0 1700.0 ssil -1046.863647
1700.0 1785.0 ssil -1067.919067 ADOPTEERT
1785.0 1870.0 ac -1092.311768
1870.0 1920.0 d -717.844543
1920.0 2030.0 oc -1385.515991
2030.0 2070.0 p -605.781006
2070.0 2180.0 t -1483.782104
2180.0 2300.0 i -1135.856567
2300.0 2380.0 r -1125.093750
2380.0 2410.0 t -431.300598
2410.0 2430.0 ssil -285.051788
2430.0 2480.0 ssil -700.554077 VOOR
2480.0 2565.0 f -1088.241699
2565.0 2640.0 o -882.729736
2640.0 2655.0 ssil -208.816345
2655.0 2670.0 ssil -187.790848 VEEL
2670.0 2735.0 f -806.476990
2735.0 2810.0 e -797.786560
2810.0 2905.0 l -1055.178711
2905.0 2935.0 ssil -411.028381
2935.0 2975.0 ssil -516.528076 GELD
2975.0 3000.0 x -352.258606
3000.0 3085.0 ec -828.409973
3085.0 3230.0 l -1730.101562
3230.0 3290.0 t -825.442566
3290.0 3340.0 ssil -638.393066
3340.0 3355.0 ssil -222.508499 EEN
3355.0 3380.0 @ -329.176727
3380.0 3455.0 n -844.886719
3455.0 3470.0 ssil -194.691498
3470.0 3485.0 ssil -192.246231 TWEEJARIG
3485.0 3595.0 t -1517.023682
3595.0 3615.0 w -257.630249
3615.0 3750.0 e -1314.318115
3750.0 3840.0 j -1021.184570
3840.0 3950.0 a -1192.005981
3950.0 4005.0 r -706.452087
4005.0 4030.0 @ -363.647491
4030.0 4050.0 x -288.400024
4050.0 4075.0 ssil -325.577942
4075.0 4125.0 ssil -759.654236 WEESJE
4125.0 4180.0 w -664.976562
4180.0 4380.0 e -2102.951416
4380.0 4505.0 s -1547.005127
4505.0 4530.0 j -319.085571
4530.0 4585.0 @ -737.780945
4585.0 5575.0 ssil -11051.495117
.
