#!MLF!#
"/net/aistaff/aki/_same-utterance/wav/02/Limburg/3047-1449412658-366685.rec"
0.0 165.0 ssil -2156.292236 HET
165.0 495.0 h -4153.256836
495.0 525.0 ec -406.089508
525.0 545.0 t -279.079071
545.0 565.0 ssil -262.365906
565.0 730.0 ssil -1978.377808 ECHTPAAR
730.0 845.0 ec -1535.765503
845.0 865.0 x -282.513916
865.0 925.0 t -776.788513
925.0 1050.0 p -1595.832275
1050.0 1225.0 a -1841.165283
1225.0 1245.0 ssil -236.313171
1245.0 1295.0 ssil -593.204773 ADOPTEERT
1295.0 1465.0 ac -1912.743408
1465.0 1480.0 d -200.251785
1480.0 1510.0 oc -376.921204
1510.0 1610.0 p -1231.442871
1610.0 1660.0 t -766.371887
1660.0 1730.0 i -761.312439
1730.0 1765.0 r -551.098816
1765.0 1830.0 t -940.086365
1830.0 1870.0 ssil -516.124939
1870.0 1930.0 ssil -739.508911 VOOR
1930.0 1955.0 v -320.186249
1955.0 1970.0 o -205.390518
1970.0 2025.0 ssil -609.668030
2025.0 2055.0 ssil -337.761566 VEEL
2055.0 2135.0 f -937.045776
2135.0 2180.0 e -490.870422
2180.0 2320.0 l -1565.708618
2320.0 2335.0 ssil -193.223358
2335.0 2355.0 ssil -248.583038 GELD
2355.0 2415.0 x -810.737061
2415.0 2460.0 ec -552.608398
2460.0 2565.0 l -1140.809692
2565.0 2580.0 ssil -221.656754
2580.0 2600.0 ssil -327.466461 EEN
2600.0 2705.0 @ -1273.387817
2705.0 2800.0 n -1137.699585
2800.0 2875.0 ssil -1005.931824
2875.0 2900.0 ssil -296.685547 TWEEJARIG
2900.0 2915.0 t -231.125809
2915.0 2935.0 w -284.614044
2935.0 3075.0 e -1474.863525
3075.0 3175.0 j -1073.232910
3175.0 3290.0 a -1125.675293
3290.0 3340.0 r -631.219543
3340.0 3380.0 @ -489.875793
3380.0 3395.0 x -220.144775
3395.0 3410.0 ssil -183.962967
3410.0 3430.0 ssil -216.947830 WEESJE
3430.0 3505.0 w -798.537842
3505.0 3650.0 e -1731.116943
3650.0 3855.0 s -2577.697998
3855.0 3870.0 j -208.539673
3870.0 3935.0 @ -802.385803
3935.0 4180.0 ssil -2804.990723
.
