#!MLF!#
"/net/aistaff/aki/_same-utterance/wav/02/Limburg/3178-1449470399-411313.rec"
0.0 175.0 ssil -1899.094482 HET
175.0 245.0 h -866.638855
245.0 260.0 ec -202.846161
260.0 275.0 t -208.159454
275.0 735.0 ssil -5673.235840
735.0 880.0 ssil -2072.220703 ECHTPAAR
880.0 960.0 ec -1177.948730
960.0 1005.0 x -646.195679
1005.0 1100.0 t -1316.367065
1100.0 1170.0 p -1028.174194
1170.0 1330.0 a -1743.907593
1330.0 1415.0 r -1254.721191
1415.0 1430.0 ssil -213.828781
1430.0 1450.0 ssil -269.369843 ADOPTEERT
1450.0 1560.0 ac -1379.851074
1560.0 1590.0 d -416.398834
1590.0 1685.0 oc -1227.703247
1685.0 1725.0 p -626.390381
1725.0 1770.0 t -661.956665
1770.0 1885.0 i -1247.125366
1885.0 1920.0 r -506.021301
1920.0 1935.0 ssil -224.874802
1935.0 1965.0 ssil -422.803986 VOOR
1965.0 2085.0 f -1436.181641
2085.0 2130.0 o -521.833984
2130.0 2145.0 ssil -193.955048
2145.0 2160.0 ssil -211.628448 VEEL
2160.0 2225.0 v -892.401611
2225.0 2285.0 e -745.914246
2285.0 2380.0 l -1171.477417
2380.0 2395.0 ssil -213.213852
2395.0 2410.0 ssil -202.893829 GELD
2410.0 2475.0 x -902.833984
2475.0 2510.0 ec -423.283661
2510.0 2655.0 l -1738.067383
2655.0 2710.0 t -778.683044
2710.0 2725.0 ssil -231.177856
2725.0 2740.0 ssil -194.998657 EEN
2740.0 2825.0 n -1060.621460
2825.0 2880.0 ssil -777.747559
2880.0 2910.0 ssil -389.960815 TWEEJARIG
2910.0 2930.0 t -314.047424
2930.0 2945.0 w -223.617386
2945.0 3070.0 e -1342.497192
3070.0 3175.0 j -1178.324219
3175.0 3250.0 a -740.694275
3250.0 3360.0 r -1720.116089
3360.0 3395.0 @ -479.248749
3395.0 3460.0 x -815.401062
3460.0 3475.0 ssil -172.204071
3475.0 3490.0 ssil -191.720306 WEESJE
3490.0 3530.0 w -446.262573
3530.0 3670.0 e -1600.362427
3670.0 3815.0 s -1846.494019
3815.0 3835.0 j -275.603729
3835.0 3885.0 @ -619.003479
3885.0 4295.0 ssil -4942.684082
.
