#!MLF!#
"/net/aistaff/aki/_same-utterance/wav/02/Limburg/3292-1449510907-441575.rec"
0.0 675.0 ssil -6165.601562 HET
675.0 690.0 h -200.398438
690.0 725.0 ec -421.918884
725.0 740.0 t -210.018188
740.0 760.0 ssil -247.413300
760.0 775.0 ssil -170.212555 ECHTPAAR
775.0 790.0 ec -213.037720
790.0 820.0 x -406.314270
820.0 875.0 t -688.035339
875.0 935.0 p -773.699341
935.0 1135.0 a -2127.453369
1135.0 1150.0 ssil -239.912582
1150.0 1165.0 ssil -236.607773 ADOPTEERT
1165.0 1260.0 ac -1131.288696
1260.0 1285.0 d -347.759186
1285.0 1365.0 oc -1034.623047
1365.0 1395.0 p -413.455231
1395.0 1445.0 t -730.572327
1445.0 1575.0 i -1651.920532
1575.0 1655.0 r -1143.103027
1655.0 1750.0 t -1398.286743
1750.0 1765.0 ssil -219.665024
1765.0 1780.0 ssil -211.879898 VOOR
1780.0 1850.0 f -1030.673950
1850.0 1915.0 o -725.640808
1915.0 1930.0 ssil -207.002350
1930.0 1945.0 ssil -187.848679 VEEL
1945.0 1995.0 v -702.579163
1995.0 2105.0 e -1303.215088
2105.0 2190.0 l -1128.845581
2190.0 2205.0 ssil -228.871826
2205.0 2225.0 ssil -299.475830 GELD
2225.0 2270.0 x -654.981384
2270.0 2340.0 ec -770.474426
2340.0 2465.0 l -1530.557373
2465.0 2540.0 t -1097.413940
2540.0 2555.0 ssil -223.497086
2555.0 2570.0 ssil -229.572357 EEN
2570.0 2620.0 @ -669.229553
2620.0 2660.0 n -477.997650
2660.0 2675.0 ssil -207.678741
2675.0 2690.0 ssil -224.134186 TWEEJARIG
2690.0 2780.0 t -1322.344727
2780.0 2810.0 w -331.120483
2810.0 2940.0 e -1314.635010
2940.0 3025.0 j -902.272522
3025.0 3170.0 a -1394.475342
3170.0 3185.0 r -201.122070
3185.0 3220.0 @ -482.442993
3220.0 3245.0 x -333.426331
3245.0 3265.0 ssil -261.606384
3265.0 3320.0 ssil -782.310974 WEESJE
3320.0 3370.0 w -622.499512
3370.0 3525.0 e -1501.640259
3525.0 3650.0 s -1645.176270
3650.0 3730.0 j -848.613281
3730.0 3780.0 @ -595.128845
3780.0 4275.0 ssil -5678.107910
.
