#!MLF!#
"/net/aistaff/aki/_same-utterance/wav/02/Limburg/3293-1449601596-498771.rec"
0.0 160.0 ssil -1357.941895 HET
160.0 175.0 h -160.246002
175.0 190.0 ec -229.560074
190.0 210.0 t -281.245819
210.0 355.0 ssil -1719.203857
355.0 555.0 ssil -2864.818604 ECHTPAAR
555.0 655.0 ec -1272.226440
655.0 725.0 x -944.493774
725.0 790.0 t -893.101501
790.0 850.0 p -849.893494
850.0 1005.0 a -1828.288330
1005.0 1020.0 ssil -263.291138
1020.0 1035.0 ssil -249.107605 ADOPTEERT
1035.0 1130.0 ac -1271.667358
1130.0 1150.0 d -272.162872
1150.0 1250.0 oc -1303.366821
1250.0 1275.0 p -335.990814
1275.0 1340.0 t -920.793152
1340.0 1445.0 i -1208.264526
1445.0 1480.0 r -481.097748
1480.0 1555.0 t -1095.450317
1555.0 1570.0 ssil -211.484970
1570.0 1585.0 ssil -186.770004 VOOR
1585.0 1630.0 v -523.514526
1630.0 1660.0 o -331.127411
1660.0 1675.0 ssil -195.811188
1675.0 1690.0 ssil -203.120422 VEEL
1690.0 1790.0 v -1198.906738
1790.0 1855.0 e -763.865906
1855.0 1980.0 l -1739.068970
1980.0 1995.0 ssil -243.817932
1995.0 2010.0 ssil -250.595657 GELD
2010.0 2040.0 x -477.298523
2040.0 2115.0 ec -824.385254
2115.0 2260.0 l -1733.225586
2260.0 2275.0 ssil -240.957993
2275.0 2305.0 ssil -484.862671 EEN
2305.0 2395.0 @ -1286.986084
2395.0 2445.0 n -628.836182
2445.0 2460.0 ssil -202.334961
2460.0 2475.0 ssil -208.052200 TWEEJARIG
2475.0 2550.0 t -1077.266357
2550.0 2575.0 w -311.437927
2575.0 2710.0 e -1379.475952
2710.0 2780.0 j -762.962830
2780.0 2915.0 a -1402.727173
2915.0 2930.0 r -219.303177
2930.0 2945.0 @ -227.935898
2945.0 2960.0 x -226.265549
2960.0 2985.0 ssil -326.632385
2985.0 3020.0 ssil -480.031464 WEESJE
3020.0 3085.0 w -796.676392
3085.0 3235.0 e -1564.937744
3235.0 3360.0 s -1573.187012
3360.0 3375.0 j -188.908417
3375.0 3475.0 @ -1120.715698
3475.0 4505.0 ssil -11821.500000
.
