#!MLF!#
"/net/aistaff/aki/_same-utterance/wav/02/Limburg/3333-1449774493-576284.rec"
0.0 650.0 ssil -8398.211914 HET
650.0 665.0 h -200.886124
665.0 710.0 ec -605.017883
710.0 740.0 t -442.079987
740.0 795.0 ssil -809.124878
795.0 825.0 ssil -485.625397 ECHTPAAR
825.0 965.0 ec -1908.807373
965.0 1055.0 x -1199.320068
1055.0 1070.0 t -219.047089
1070.0 1125.0 p -771.943115
1125.0 1255.0 a -1331.157593
1255.0 1295.0 r -549.063721
1295.0 1345.0 ssil -668.713684
1345.0 1365.0 ssil -303.774078 ADOPTEERT
1365.0 1480.0 ac -1644.326904
1480.0 1515.0 d -503.890869
1515.0 1565.0 oc -643.807434
1565.0 1620.0 p -760.212891
1620.0 1725.0 t -1651.140747
1725.0 1860.0 i -1715.571167
1860.0 1875.0 r -221.062149
1875.0 1980.0 t -1592.661987
1980.0 2000.0 ssil -237.338654
2000.0 2015.0 ssil -182.963760 VOOR
2015.0 2065.0 f -701.932800
2065.0 2135.0 o -906.755920
2135.0 2150.0 ssil -199.625839
2150.0 2175.0 ssil -331.561798 VEEL
2175.0 2250.0 f -1127.671143
2250.0 2320.0 e -799.514526
2320.0 2405.0 l -1019.687134
2405.0 2445.0 ssil -552.896790
2445.0 2470.0 ssil -370.072784 GELD
2470.0 2510.0 x -567.668579
2510.0 2610.0 ec -1243.079590
2610.0 2725.0 l -1517.496582
2725.0 2780.0 t -895.875610
2780.0 2805.0 ssil -351.831665
2805.0 2860.0 ssil -715.813293 EEN
2860.0 2950.0 n -1158.462158
2950.0 2965.0 ssil -225.967941
2965.0 2980.0 ssil -214.365906 TWEEJARIG
2980.0 3065.0 t -1234.361938
3065.0 3080.0 w -219.512802
3080.0 3215.0 e -1438.582520
3215.0 3310.0 j -1134.536133
3310.0 3375.0 a -683.301331
3375.0 3390.0 r -182.116745
3390.0 3425.0 @ -451.012665
3425.0 3440.0 x -218.746811
3440.0 3480.0 ssil -488.557129
3480.0 3595.0 ssil -1515.053101 WEESJE
3595.0 3630.0 w -496.243958
3630.0 3780.0 e -1788.659424
3780.0 3910.0 s -1891.600708
3910.0 3965.0 j -667.456787
3965.0 4030.0 @ -852.585999
4030.0 4275.0 ssil -3085.060303
.
