#!MLF!#
"/net/aistaff/aki/_same-utterance/wav/02/Limburg/3594-1449607070-506767.rec"
0.0 700.0 ssil -5901.086914 HET
700.0 715.0 h -142.290680
715.0 730.0 ec -191.745483
730.0 755.0 t -362.957977
755.0 1085.0 ssil -3826.059570
1085.0 1300.0 ssil -2949.514648 ECHTPAAR
1300.0 1430.0 ec -1739.119751
1430.0 1525.0 x -1261.775146
1525.0 1575.0 t -678.818237
1575.0 1680.0 p -1239.844604
1680.0 1885.0 a -2097.572021
1885.0 1900.0 ssil -195.883636
1900.0 1930.0 ssil -381.236298 ADOPTEERT
1930.0 2135.0 ac -2507.907715
2135.0 2150.0 d -190.173126
2150.0 2165.0 oc -199.158905
2165.0 2250.0 p -983.016907
2250.0 2300.0 t -665.718018
2300.0 2465.0 i -1935.022583
2465.0 2510.0 r -537.943115
2510.0 2525.0 ssil -209.870605
2525.0 2575.0 ssil -624.549683 VOOR
2575.0 2720.0 v -1767.331421
2720.0 2840.0 o -1201.826172
2840.0 2855.0 ssil -201.689636
2855.0 2870.0 ssil -204.704147 VEEL
2870.0 2955.0 v -1093.753296
2955.0 3080.0 e -1376.606812
3080.0 3160.0 l -925.408325
3160.0 3185.0 ssil -319.097412
3185.0 3225.0 ssil -544.703491 GELD
3225.0 3255.0 x -411.705994
3255.0 3380.0 ec -1317.106079
3380.0 3460.0 l -868.406128
3460.0 3475.0 ssil -178.447144
3475.0 3550.0 ssil -981.086304 EEN
3550.0 3585.0 @ -455.008820
3585.0 3665.0 n -880.900635
3665.0 3685.0 ssil -256.188263
3685.0 3720.0 ssil -486.770905 TWEEJARIG
3720.0 3745.0 t -351.650208
3745.0 3780.0 w -420.982422
3780.0 3910.0 e -1310.257446
3910.0 3985.0 j -724.322937
3985.0 4080.0 a -904.355286
4080.0 4115.0 r -425.682404
4115.0 4175.0 @ -765.173462
4175.0 4190.0 x -225.890640
4190.0 4255.0 ssil -772.786804
4255.0 4270.0 ssil -187.667297 WEESJE
4270.0 4295.0 w -309.935364
4295.0 4475.0 e -1867.799927
4475.0 4595.0 s -1573.781738
4595.0 4650.0 j -676.864319
4650.0 4755.0 @ -1142.354126
4755.0 5270.0 ssil -5736.128906
.
