#!MLF!#
"/net/aistaff/aki/_same-utterance/wav/02/Limburg/3677-1449655321-524877.rec"
0.0 290.0 ssil -3081.620850 HET
290.0 305.0 h -177.155243
305.0 320.0 ec -236.599121
320.0 350.0 t -467.151672
350.0 565.0 ssil -2719.118652
565.0 700.0 ssil -1855.211182 ECHTPAAR
700.0 790.0 ec -1269.728027
790.0 900.0 x -1416.306519
900.0 930.0 t -374.372406
930.0 1015.0 p -1005.556396
1015.0 1325.0 a -3418.749512
1325.0 1340.0 ssil -221.125488
1340.0 1355.0 ssil -244.810547 ADOPTEERT
1355.0 1405.0 @ -726.244019
1405.0 1425.0 d -297.333099
1425.0 1510.0 oc -1010.312866
1510.0 1620.0 p -1433.722046
1620.0 1665.0 t -709.710815
1665.0 1805.0 @ -1802.363281
1805.0 1820.0 r -201.184464
1820.0 1835.0 ssil -205.394821
1835.0 1855.0 ssil -257.107849 VOOR
1855.0 1975.0 f -1392.249390
1975.0 2040.0 o -806.595947
2040.0 2055.0 ssil -213.120819
2055.0 2070.0 ssil -194.460052 VEEL
2070.0 2135.0 v -789.432861
2135.0 2195.0 e -844.402100
2195.0 2300.0 l -1282.707275
2300.0 2320.0 ssil -251.610611
2320.0 2340.0 ssil -240.489334 GELD
2340.0 2365.0 x -356.419250
2365.0 2430.0 ec -836.049316
2430.0 2525.0 l -1202.795776
2525.0 2580.0 ssil -736.926086
2580.0 2605.0 ssil -335.694061 EEN
2605.0 2660.0 @ -700.730042
2660.0 2755.0 n -1043.021240
2755.0 2780.0 ssil -311.225647
2780.0 2955.0 ssil -1976.741455 TWEEJARIG
2955.0 3010.0 t -737.691345
3010.0 3065.0 w -615.729614
3065.0 3245.0 e -1986.134277
3245.0 3300.0 j -584.438904
3300.0 3365.0 a -709.147278
3365.0 3390.0 r -301.013611
3390.0 3475.0 @ -998.342773
3475.0 3490.0 x -209.468430
3490.0 3555.0 ssil -806.270081
3555.0 3600.0 ssil -586.846924 WEESJE
3600.0 3695.0 w -1130.057495
3695.0 3815.0 ic -1378.566040
3815.0 3940.0 s -1617.281616
3940.0 3995.0 j -670.372131
3995.0 4010.0 @ -196.510406
4010.0 4480.0 ssil -5345.067383
.
