#!MLF!#
"/net/aistaff/aki/_same-utterance/wav/02/Limburg/3733-1449691416-549082.rec"
0.0 385.0 ssil -3791.772949 HET
385.0 590.0 h -2666.059570
590.0 655.0 ec -898.801147
655.0 690.0 t -534.316650
690.0 720.0 ssil -391.699585
720.0 755.0 ssil -474.984467 ECHTPAAR
755.0 875.0 ec -1573.369873
875.0 930.0 x -753.148804
930.0 950.0 t -288.178802
950.0 1080.0 p -1773.362305
1080.0 1250.0 a -1686.146240
1250.0 1265.0 ssil -208.709595
1265.0 1310.0 ssil -645.215881 ADOPTEERT
1310.0 1430.0 ac -1822.305298
1430.0 1455.0 d -377.349548
1455.0 1565.0 oc -1481.191528
1565.0 1580.0 p -215.669083
1580.0 1635.0 t -773.478577
1635.0 1735.0 i -1114.061401
1735.0 1790.0 r -755.462646
1790.0 1840.0 t -682.979004
1840.0 1855.0 ssil -210.048798
1855.0 1870.0 ssil -198.351212 VOOR
1870.0 1940.0 f -891.913818
1940.0 2015.0 o -882.205017
2015.0 2030.0 ssil -190.157394
2030.0 2045.0 ssil -183.152100 VEEL
2045.0 2095.0 v -633.845093
2095.0 2170.0 e -875.091553
2170.0 2290.0 l -1798.537109
2290.0 2320.0 ssil -395.559448
2320.0 2335.0 ssil -199.257584 GELD
2335.0 2350.0 x -223.431442
2350.0 2400.0 ec -551.565247
2400.0 2550.0 l -1726.726807
2550.0 2635.0 t -1238.812622
2635.0 2650.0 ssil -222.442413
2650.0 2685.0 ssil -593.037476 EEN
2685.0 2740.0 @ -807.422852
2740.0 2790.0 n -614.447327
2790.0 2805.0 ssil -223.041306
2805.0 2820.0 ssil -216.603500 TWEEJARIG
2820.0 2895.0 t -1054.354980
2895.0 2920.0 w -305.091278
2920.0 2975.0 e -604.004700
2975.0 3095.0 j -1224.037231
3095.0 3160.0 a -656.632935
3160.0 3190.0 r -385.458069
3190.0 3285.0 @ -1200.855835
3285.0 3305.0 x -270.998596
3305.0 3325.0 ssil -234.477280
3325.0 3365.0 ssil -537.993591 WEESJE
3365.0 3400.0 w -468.622314
3400.0 3540.0 e -1636.269165
3540.0 3655.0 s -1486.097290
3655.0 3690.0 j -459.022736
3690.0 3745.0 @ -719.152832
3745.0 4365.0 ssil -7317.827148
.
