#!MLF!#
"/net/aistaff/aki/_same-utterance/wav/02/Limburg/4547-1450966603-740333.rec"
0.0 210.0 ssil -2169.783203 HET
210.0 340.0 h -1656.432129
340.0 395.0 ec -693.222412
395.0 420.0 t -390.198547
420.0 490.0 ssil -1009.144043
490.0 525.0 ssil -528.283020 ECHTPAAR
525.0 600.0 ec -959.930359
600.0 680.0 x -1156.802490
680.0 695.0 t -207.983078
695.0 790.0 p -1227.458496
790.0 955.0 a -1745.767822
955.0 970.0 r -192.988144
970.0 1060.0 ssil -1174.299805
1060.0 1160.0 ssil -1310.683228 ADOPTEERT
1160.0 1230.0 ac -908.141418
1230.0 1275.0 d -572.504272
1275.0 1290.0 oc -222.693985
1290.0 1370.0 p -957.576782
1370.0 1470.0 t -1361.505249
1470.0 1605.0 i -1406.548706
1605.0 1705.0 r -1337.392334
1705.0 1780.0 t -993.481934
1780.0 1795.0 ssil -223.718704
1795.0 1810.0 ssil -204.520416 VOOR
1810.0 1915.0 f -1260.028442
1915.0 1970.0 o -665.339417
1970.0 1985.0 ssil -183.397171
1985.0 2000.0 ssil -182.321625 VEEL
2000.0 2090.0 v -1023.308899
2090.0 2195.0 e -1221.013550
2195.0 2295.0 l -1069.283203
2295.0 2310.0 ssil -194.789917
2310.0 2325.0 ssil -198.201355 GELD
2325.0 2415.0 x -1171.306274
2415.0 2500.0 ec -966.532410
2500.0 2605.0 l -1190.111084
2605.0 2660.0 t -742.683899
2660.0 2745.0 ssil -1147.192383
2745.0 2990.0 ssil -3038.480713 EEN
2990.0 3100.0 n -1278.761841
3100.0 3115.0 ssil -210.349152
3115.0 3130.0 ssil -222.514709 TWEEJARIG
3130.0 3210.0 t -1012.016174
3210.0 3265.0 w -649.472900
3265.0 3365.0 e -1061.915527
3365.0 3460.0 j -1058.690674
3460.0 3600.0 a -1482.554199
3600.0 3625.0 r -282.962402
3625.0 3690.0 @ -726.355225
3690.0 3735.0 x -623.318359
3735.0 3760.0 ssil -337.414124
3760.0 3780.0 ssil -274.677948 WEESJE
3780.0 3860.0 w -945.310486
3860.0 4005.0 e -1587.492676
4005.0 4155.0 s -1848.375732
4155.0 4180.0 j -316.021179
4180.0 4235.0 @ -635.661316
4235.0 4600.0 ssil -4501.900879
.
