#!MLF!#
"/net/aistaff/aki/_same-utterance/wav/02/Limburg/4772-1451327143-804682.rec"
0.0 295.0 ssil -3039.583008 HET
295.0 310.0 h -174.010544
310.0 350.0 ec -641.348877
350.0 400.0 t -796.929199
400.0 445.0 ssil -707.795593
445.0 460.0 ssil -201.954803 ECHTPAAR
460.0 570.0 ec -1429.813354
570.0 630.0 x -885.146973
630.0 710.0 t -1129.214844
710.0 765.0 p -804.837280
765.0 940.0 a -1951.257935
940.0 1030.0 r -1269.717407
1030.0 1060.0 ssil -481.309875
1060.0 1115.0 ssil -804.096313 ADOPTEERT
1115.0 1195.0 ac -1043.984009
1195.0 1225.0 d -420.483551
1225.0 1340.0 oc -1626.484131
1340.0 1395.0 p -865.565430
1395.0 1430.0 t -586.670288
1430.0 1525.0 i -1268.234253
1525.0 1565.0 r -655.659485
1565.0 1590.0 t -384.343353
1590.0 1605.0 ssil -193.991745
1605.0 1620.0 ssil -170.853394 VOOR
1620.0 1705.0 v -1078.343628
1705.0 1725.0 o -239.082809
1725.0 1755.0 r -367.471771
1755.0 1770.0 ssil -187.282364
1770.0 1785.0 ssil -198.735458 VEEL
1785.0 1870.0 v -1077.698486
1870.0 1930.0 e -815.713928
1930.0 1995.0 l -848.272339
1995.0 2040.0 ssil -674.950867
2040.0 2055.0 ssil -208.916122 GELD
2055.0 2100.0 x -664.545837
2100.0 2215.0 ec -1265.610718
2215.0 2315.0 l -1403.477295
2315.0 2340.0 t -392.851685
2340.0 2375.0 ssil -499.857910
2375.0 2405.0 ssil -492.181732 EEN
2405.0 2435.0 @ -405.981903
2435.0 2500.0 n -887.464355
2500.0 2515.0 ssil -238.354202
2515.0 2530.0 ssil -215.862564 TWEEJARIG
2530.0 2635.0 t -1464.686401
2635.0 2690.0 w -637.082520
2690.0 2755.0 e -710.084167
2755.0 2885.0 j -1458.636841
2885.0 2990.0 a -1158.322632
2990.0 3065.0 r -1029.876099
3065.0 3080.0 @ -236.051804
3080.0 3115.0 x -492.556976
3115.0 3130.0 ssil -248.964325
3130.0 3145.0 ssil -261.603882 WEESJE
3145.0 3220.0 w -942.835327
3220.0 3360.0 e -1620.040649
3360.0 3480.0 s -1487.183350
3480.0 3540.0 j -756.592529
3540.0 3620.0 @ -992.570923
3620.0 3690.0 ssil -901.947144
.
