#!MLF!#
"/net/aistaff/aki/_same-utterance/wav/02/Limburg/4830-1452016352-856731.rec"
0.0 495.0 ssil -5968.103027 HET
495.0 610.0 h -1446.929321
610.0 685.0 ec -983.620422
685.0 700.0 t -232.287109
700.0 740.0 ssil -586.302673
740.0 760.0 ssil -290.799011 ECHTPAAR
760.0 880.0 ec -1656.837280
880.0 935.0 x -770.921082
935.0 1020.0 t -1267.377930
1020.0 1075.0 p -749.647949
1075.0 1245.0 a -1997.420166
1245.0 1290.0 r -713.283813
1290.0 1370.0 ssil -1053.787354
1370.0 1460.0 ssil -1171.749756 ADOPTEERT
1460.0 1540.0 ac -1134.134155
1540.0 1560.0 d -344.955139
1560.0 1660.0 oc -1399.683228
1660.0 1730.0 p -1033.243042
1730.0 1780.0 t -774.237976
1780.0 1915.0 i -1542.744629
1915.0 1945.0 r -420.661224
1945.0 2005.0 ssil -888.891663
2005.0 2030.0 ssil -398.047791 VOOR
2030.0 2150.0 f -1514.588013
2150.0 2270.0 o -1480.387695
2270.0 2285.0 ssil -189.248123
2285.0 2320.0 ssil -378.838196 VEEL
2320.0 2430.0 f -1311.346069
2430.0 2555.0 e -1510.516113
2555.0 2670.0 l -1532.494507
2670.0 2685.0 ssil -217.589508
2685.0 2700.0 ssil -224.229019 GELD
2700.0 2740.0 x -574.279236
2740.0 2840.0 ec -1171.150391
2840.0 2955.0 l -1432.521362
2955.0 3035.0 t -1105.231079
3035.0 3050.0 ssil -212.396347
3050.0 3085.0 ssil -446.843231 EEN
3085.0 3135.0 @ -601.611816
3135.0 3195.0 n -711.599121
3195.0 3210.0 ssil -213.852371
3210.0 3225.0 ssil -245.027740 TWEEJARIG
3225.0 3320.0 t -1296.373169
3320.0 3375.0 w -652.718018
3375.0 3510.0 e -1429.653809
3510.0 3565.0 j -671.949768
3565.0 3675.0 a -1042.738892
3675.0 3710.0 r -463.454529
3710.0 3790.0 @ -969.103821
3790.0 3805.0 x -216.577957
3805.0 3905.0 ssil -1490.777954
3905.0 3945.0 ssil -561.868835 WEESJE
3945.0 3980.0 w -473.207520
3980.0 4130.0 e -1766.140381
4130.0 4280.0 s -1871.865845
4280.0 4315.0 j -427.743866
4315.0 4345.0 @ -407.109131
4345.0 4970.0 ssil -7808.624512
.
