#!MLF!#
"/net/aistaff/aki/_same-utterance/wav/02/Limburg/4851-1451498310-827216.rec"
0.0 70.0 ssil -625.939697 HET
70.0 85.0 h -153.996170
85.0 100.0 ec -189.705292
100.0 125.0 t -355.297211
125.0 145.0 ssil -283.179474
145.0 1080.0 ssil -10296.855469 ECHTPAAR
1080.0 1400.0 ec -4327.438965
1400.0 1440.0 x -526.184692
1440.0 1560.0 t -1599.055908
1560.0 1650.0 p -1274.063843
1650.0 1815.0 a -1920.251709
1815.0 1900.0 r -1199.344482
1900.0 1915.0 ssil -226.980911
1915.0 2025.0 ssil -1431.182983 ADOPTEERT
2025.0 2115.0 ac -1157.755249
2115.0 2135.0 d -287.763336
2135.0 2250.0 oc -1513.172729
2250.0 2280.0 p -464.178772
2280.0 2330.0 t -751.999512
2330.0 2505.0 i -1897.640747
2505.0 2570.0 r -930.289734
2570.0 2655.0 t -1187.483765
2655.0 2695.0 ssil -521.993225
2695.0 2710.0 ssil -189.444061 VOOR
2710.0 2805.0 f -1108.396240
2805.0 2900.0 o -1078.794800
2900.0 2915.0 ssil -195.940643
2915.0 2955.0 ssil -440.013092 VEEL
2955.0 3000.0 v -622.298218
3000.0 3100.0 e -1167.490479
3100.0 3205.0 l -1337.704590
3205.0 3230.0 ssil -357.546234
3230.0 3255.0 ssil -315.492340 GELD
3255.0 3295.0 x -586.274353
3295.0 3385.0 ec -1101.407837
3385.0 3530.0 l -1716.050171
3530.0 3610.0 t -1175.134766
3610.0 3640.0 ssil -436.535156
3640.0 3660.0 ssil -294.220703 EEN
3660.0 3700.0 @ -493.789398
3700.0 3795.0 n -1036.273071
3795.0 3810.0 ssil -183.333649
3810.0 3825.0 ssil -224.774551 TWEEJARIG
3825.0 3895.0 t -949.670898
3895.0 3945.0 w -615.377625
3945.0 4090.0 e -1673.887207
4090.0 4220.0 j -1511.948486
4220.0 4340.0 a -1373.887329
4340.0 4360.0 r -246.163086
4360.0 4425.0 @ -781.635071
4425.0 4440.0 x -238.289169
4440.0 4475.0 ssil -474.406799
4475.0 4555.0 ssil -1169.948364 WEESJE
4555.0 4630.0 w -896.639038
4630.0 4790.0 e -1805.672363
4790.0 4920.0 s -1700.222168
4920.0 5035.0 j -1292.661377
5035.0 5110.0 @ -838.515381
5110.0 5760.0 ssil -7851.122070
.
