#!MLF!#
"/net/aistaff/aki/_same-utterance/wav/02/Limburg/5058-1454081942-1099768.rec"
0.0 660.0 ssil -7883.434570 HET
660.0 745.0 h -1022.508423
745.0 785.0 ec -486.379547
785.0 800.0 t -216.543869
800.0 865.0 ssil -879.176880
865.0 950.0 ssil -1127.004272 ECHTPAAR
950.0 1060.0 ec -1372.429565
1060.0 1105.0 x -644.581970
1105.0 1120.0 t -224.492096
1120.0 1140.0 p -291.160065
1140.0 1215.0 a -940.742004
1215.0 1230.0 ssil -225.674957
1230.0 1245.0 ssil -230.020035 ADOPTEERT
1245.0 1665.0 ac -4719.075195
1665.0 1695.0 d -394.518707
1695.0 1840.0 oc -1713.668091
1840.0 1870.0 p -419.820862
1870.0 1910.0 t -560.643616
1910.0 2030.0 i -1371.898071
2030.0 2070.0 r -483.261292
2070.0 2175.0 t -1369.215820
2175.0 2190.0 ssil -189.941040
2190.0 2240.0 ssil -606.844482 VOOR
2240.0 2290.0 v -603.315002
2290.0 2355.0 o -758.993408
2355.0 2370.0 ssil -188.039581
2370.0 2385.0 ssil -196.434631 VEEL
2385.0 2505.0 f -1552.410522
2505.0 2605.0 e -1196.637085
2605.0 2705.0 l -1208.059204
2705.0 2725.0 ssil -254.075211
2725.0 2755.0 ssil -367.102478 GELD
2755.0 2775.0 x -255.857178
2775.0 2920.0 ec -1545.676392
2920.0 3025.0 l -1219.384277
3025.0 3090.0 ssil -877.336731
3090.0 3440.0 ssil -4235.910156 EEN
3440.0 3510.0 @ -940.871582
3510.0 3645.0 n -1682.195923
3645.0 3670.0 ssil -338.187103
3670.0 3715.0 ssil -514.578796 TWEEJARIG
3715.0 3730.0 t -195.742157
3730.0 3755.0 w -315.940613
3755.0 3910.0 e -1650.961426
3910.0 3995.0 j -1013.133972
3995.0 4130.0 a -1497.955811
4130.0 4170.0 r -500.143433
4170.0 4200.0 @ -369.018127
4200.0 4215.0 x -207.723083
4215.0 4270.0 ssil -630.969666
4270.0 4300.0 ssil -391.554871 WEESJE
4300.0 4355.0 w -571.012756
4355.0 4515.0 e -1817.879639
4515.0 4660.0 s -1932.198120
4660.0 4780.0 j -1547.102051
4780.0 4795.0 @ -227.022507
4795.0 4900.0 ssil -1614.577026
.
