#!MLF!#
"/net/aistaff/aki/_same-utterance/wav/02/Limburg/5418-1454009070-966635.rec"
0.0 200.0 ssil -2225.281250 HET
200.0 675.0 h -5586.966309
675.0 790.0 ec -1467.070801
790.0 830.0 t -557.973145
830.0 850.0 ssil -277.630920
850.0 920.0 ssil -915.891418 ECHTPAAR
920.0 1010.0 ec -1126.917603
1010.0 1105.0 x -1310.474854
1105.0 1150.0 t -619.907471
1150.0 1255.0 p -1323.579102
1255.0 1440.0 a -1931.670898
1440.0 1460.0 ssil -238.948990
1460.0 1625.0 ssil -2056.547119 ADOPTEERT
1625.0 1725.0 ac -1313.893433
1725.0 1775.0 d -754.835205
1775.0 1900.0 oc -1638.259277
1900.0 1950.0 p -740.687012
1950.0 1990.0 t -601.761169
1990.0 2140.0 i -1671.040405
2140.0 2170.0 r -443.947632
2170.0 2315.0 ssil -1971.289551
2315.0 2355.0 ssil -479.802460 VOOR
2355.0 2495.0 f -1587.685547
2495.0 2640.0 o -1745.913818
2640.0 2655.0 ssil -184.569565
2655.0 2675.0 ssil -289.435425 VEEL
2675.0 2775.0 f -1208.477783
2775.0 2875.0 e -1324.673218
2875.0 2970.0 l -1107.900024
2970.0 2985.0 ssil -209.501312
2985.0 3000.0 ssil -200.685745 GELD
3000.0 3085.0 x -1119.429199
3085.0 3180.0 ec -1034.486084
3180.0 3285.0 l -1140.754639
3285.0 3400.0 ssil -1552.894653
3400.0 3725.0 ssil -3753.004883 EEN
3725.0 3775.0 @ -638.110229
3775.0 3835.0 n -744.667969
3835.0 3850.0 ssil -203.827789
3850.0 3865.0 ssil -178.790894 TWEEJARIG
3865.0 3980.0 t -1585.168701
3980.0 4030.0 w -599.891968
4030.0 4110.0 e -842.478638
4110.0 4245.0 j -1449.741821
4245.0 4395.0 a -1443.062744
4395.0 4420.0 r -319.086456
4420.0 4470.0 @ -589.324402
4470.0 4490.0 x -251.478790
4490.0 4590.0 ssil -1290.816650
4590.0 4610.0 ssil -233.786423 WEESJE
4610.0 4665.0 w -685.609192
4665.0 4825.0 e -1920.900391
4825.0 4985.0 s -2067.023193
4985.0 5035.0 j -622.566467
5035.0 5115.0 @ -1001.592468
5115.0 5735.0 ssil -7020.013184
.
