#!MLF!#
"/net/aistaff/aki/_same-utterance/wav/02/Limburg/6352-1454082756-1101752.rec"
0.0 85.0 ssil -752.840454 HET
85.0 100.0 h -156.640778
100.0 115.0 ec -228.217957
115.0 140.0 t -388.850372
140.0 235.0 ssil -1164.575073
235.0 895.0 ssil -7521.641602 ECHTPAAR
895.0 970.0 ec -919.255310
970.0 985.0 x -230.580154
985.0 1035.0 t -801.655579
1035.0 1070.0 p -498.399078
1070.0 1130.0 a -795.794983
1130.0 1160.0 r -402.478241
1160.0 1225.0 ssil -987.630676
1225.0 1285.0 ssil -854.874268 ADOPTEERT
1285.0 1475.0 ac -2351.308350
1475.0 1495.0 d -272.257324
1495.0 1550.0 oc -777.016785
1550.0 1615.0 p -886.296326
1615.0 1695.0 t -1181.376221
1695.0 1765.0 i -790.829285
1765.0 1900.0 r -1542.955078
1900.0 1975.0 t -997.274658
1975.0 1990.0 ssil -198.746140
1990.0 2005.0 ssil -177.726898 VOOR
2005.0 2100.0 f -1224.590454
2100.0 2270.0 o -2093.619629
2270.0 2285.0 ssil -223.350784
2285.0 2300.0 ssil -198.102661 VEEL
2300.0 2430.0 f -1644.473022
2430.0 2540.0 e -1429.270386
2540.0 2625.0 l -1131.962402
2625.0 2640.0 ssil -233.733200
2640.0 2655.0 ssil -224.146988 GELD
2655.0 2690.0 x -492.141388
2690.0 2780.0 ec -1210.984497
2780.0 2910.0 l -1606.017334
2910.0 3035.0 t -1792.559204
3035.0 3125.0 ssil -1195.472656
3125.0 3150.0 ssil -423.340912 EEN
3150.0 3260.0 n -1477.337158
3260.0 3275.0 ssil -207.425232
3275.0 3290.0 ssil -206.016800 TWEEJARIG
3290.0 3385.0 t -1328.278198
3385.0 3405.0 w -289.347565
3405.0 3600.0 e -2095.895264
3600.0 3620.0 j -305.351471
3620.0 3775.0 a -1546.955200
3775.0 3825.0 r -554.134827
3825.0 3870.0 @ -566.391968
3870.0 3885.0 x -208.915649
3885.0 3910.0 ssil -328.795563
3910.0 3950.0 ssil -532.025879 WEESJE
3950.0 4020.0 w -848.060486
4020.0 4105.0 ic -984.011169
4105.0 4265.0 s -2488.883545
4265.0 4365.0 j -1243.206055
4365.0 4435.0 @ -944.488708
4435.0 6200.0 ssil -21120.363281
.
