#!MLF!#
"/net/aistaff/aki/_same-utterance/wav/02/Limburg/6377-1454277959-1108479.rec"
0.0 290.0 ssil -2606.243652 HET
290.0 305.0 h -160.898758
305.0 320.0 ec -213.690430
320.0 340.0 t -288.678070
340.0 955.0 ssil -7380.289551
955.0 1120.0 ssil -2418.106689 ECHTPAAR
1120.0 1215.0 ec -1279.484863
1215.0 1275.0 x -844.408997
1275.0 1345.0 t -958.153503
1345.0 1420.0 p -994.405579
1420.0 1570.0 a -1593.469727
1570.0 1655.0 r -1192.123291
1655.0 1680.0 ssil -391.749115
1680.0 1705.0 ssil -338.989471 ADOPTEERT
1705.0 1820.0 ac -1415.523315
1820.0 1860.0 d -582.907288
1860.0 1950.0 oc -1189.234619
1950.0 1980.0 p -454.612701
1980.0 2020.0 t -584.590271
2020.0 2130.0 i -1264.210449
2130.0 2145.0 r -213.086975
2145.0 2220.0 t -970.998657
2220.0 2235.0 ssil -193.748428
2235.0 2260.0 ssil -338.435425 VOOR
2260.0 2295.0 v -424.103760
2295.0 2380.0 o -954.985352
2380.0 2400.0 ssil -228.194199
2400.0 2450.0 ssil -605.581970 VEEL
2450.0 2485.0 v -483.213867
2485.0 2565.0 e -955.993469
2565.0 2655.0 l -1121.762573
2655.0 2670.0 ssil -216.925858
2670.0 2720.0 ssil -654.362549 GELD
2720.0 2755.0 x -519.143066
2755.0 2815.0 ec -683.638672
2815.0 2935.0 l -1327.779297
2935.0 2955.0 ssil -326.244843
2955.0 2990.0 ssil -539.688171 EEN
2990.0 3060.0 @ -852.553528
3060.0 3155.0 n -1224.755127
3155.0 3170.0 ssil -217.366165
3170.0 3185.0 ssil -209.116547 TWEEJARIG
3185.0 3260.0 t -1009.080872
3260.0 3315.0 w -601.905945
3315.0 3455.0 e -1310.453857
3455.0 3510.0 j -574.295288
3510.0 3625.0 a -1173.879761
3625.0 3660.0 r -429.334869
3660.0 3710.0 @ -601.405090
3710.0 3760.0 x -703.972229
3760.0 3790.0 ssil -445.911316
3790.0 3825.0 ssil -576.145203 WEESJE
3825.0 3905.0 w -954.707520
3905.0 4070.0 e -1710.504150
4070.0 4240.0 s -2140.774170
4240.0 4330.0 j -1095.292847
4330.0 4365.0 @ -481.797272
4365.0 4690.0 ssil -3727.876221
.
