#!MLF!#
"/net/aistaff/aki/_same-utterance/wav/02/Limburg/6705-1454269846-1197368.rec"
0.0 285.0 ssil -2751.301270 HET
285.0 300.0 h -168.630203
300.0 315.0 ec -242.656021
315.0 335.0 t -310.967224
335.0 835.0 ssil -6078.863281
835.0 1000.0 ssil -2479.622314 ECHTPAAR
1000.0 1155.0 ec -2024.065063
1155.0 1200.0 x -638.122437
1200.0 1240.0 t -551.426392
1240.0 1315.0 p -1010.580872
1315.0 1440.0 a -1275.329590
1440.0 1495.0 r -703.421265
1495.0 1515.0 ssil -287.243103
1515.0 1530.0 ssil -226.641739 ADOPTEERT
1530.0 1715.0 ac -2516.489990
1715.0 1735.0 d -290.435211
1735.0 1840.0 oc -1430.563477
1840.0 1900.0 p -909.682678
1900.0 1955.0 t -791.908264
1955.0 2120.0 i -2066.641602
2120.0 2140.0 r -272.454956
2140.0 2180.0 t -551.250183
2180.0 2210.0 ssil -429.265961
2210.0 2225.0 ssil -219.930405 VOOR
2225.0 2350.0 f -1502.671265
2350.0 2445.0 o -1123.107056
2445.0 2460.0 ssil -202.930771
2460.0 2540.0 ssil -994.567139 VEEL
2540.0 2565.0 v -343.413605
2565.0 2680.0 e -1382.692017
2680.0 2800.0 l -1522.945068
2800.0 2840.0 ssil -586.594299
2840.0 2860.0 ssil -285.948181 GELD
2860.0 2890.0 x -421.484161
2890.0 3000.0 ec -1360.860718
3000.0 3105.0 l -1347.409912
3105.0 3150.0 ssil -664.897217
3150.0 3215.0 ssil -996.479736 EEN
3215.0 3295.0 @ -968.834167
3295.0 3365.0 n -840.060547
3365.0 3380.0 ssil -189.640686
3380.0 3405.0 ssil -343.726837 TWEEJARIG
3405.0 3490.0 t -1168.807983
3490.0 3535.0 w -608.556519
3535.0 3670.0 e -1379.024048
3670.0 3725.0 j -635.906372
3725.0 3855.0 a -1540.930298
3855.0 3880.0 r -302.483765
3880.0 3920.0 @ -514.868896
3920.0 3935.0 x -204.460922
3935.0 4000.0 ssil -883.633057
4000.0 4055.0 ssil -784.705383 WEESJE
4055.0 4090.0 w -500.287720
4090.0 4225.0 e -1643.481445
4225.0 4360.0 s -1717.789551
4360.0 4415.0 j -676.195435
4415.0 4485.0 @ -785.817932
4485.0 4875.0 ssil -4575.737793
.
