#!MLF!#
"/net/aistaff/aki/_same-utterance/wav/02/Limburg/6813-1454368486-1235045.rec"
0.0 350.0 ssil -3307.628662 HET
350.0 1345.0 h -12125.822266
1345.0 1435.0 ec -1167.564209
1435.0 1450.0 t -229.307526
1450.0 1575.0 ssil -1653.389404
1575.0 1625.0 ssil -647.782043 ECHTPAAR
1625.0 1705.0 ec -1014.325867
1705.0 1760.0 x -763.877014
1760.0 1810.0 t -714.376465
1810.0 1995.0 p -2639.323486
1995.0 2195.0 a -2057.672852
2195.0 2370.0 r -2233.182617
2370.0 2385.0 ssil -254.834961
2385.0 2400.0 ssil -276.763275 ADOPTEERT
2400.0 2500.0 ac -1440.537354
2500.0 2530.0 d -416.762390
2530.0 2710.0 oc -2373.007324
2710.0 2765.0 p -820.438232
2765.0 2820.0 t -782.664978
2820.0 2965.0 i -1638.293701
2965.0 2980.0 r -223.299301
2980.0 3080.0 ssil -1424.571045
3080.0 3110.0 ssil -410.482880 VOOR
3110.0 3245.0 f -1708.010986
3245.0 3380.0 o -1468.809937
3380.0 3395.0 ssil -194.693176
3395.0 3410.0 ssil -202.645309 VEEL
3410.0 3550.0 v -1695.072510
3550.0 3655.0 e -1285.580688
3655.0 3770.0 l -1476.742554
3770.0 3810.0 ssil -551.690063
3810.0 3850.0 ssil -522.414795 GELD
3850.0 3865.0 x -231.955322
3865.0 3950.0 ec -937.438110
3950.0 4095.0 l -1798.932983
4095.0 4110.0 ssil -211.300171
4110.0 4165.0 ssil -807.811340 EEN
4165.0 4255.0 @ -1160.967896
4255.0 4420.0 n -2173.100586
4420.0 4475.0 ssil -676.006897
4475.0 4500.0 ssil -304.499451 TWEEJARIG
4500.0 4615.0 t -1561.180542
4615.0 4655.0 w -469.131958
4655.0 4720.0 e -710.121094
4720.0 4910.0 j -2027.039673
4910.0 5060.0 a -1555.488159
5060.0 5085.0 r -291.513794
5085.0 5105.0 @ -261.060822
5105.0 5120.0 x -211.570953
5120.0 5165.0 ssil -594.122803
5165.0 5225.0 ssil -823.928284 WEESJE
5225.0 5270.0 w -573.231873
5270.0 5430.0 e -1955.147827
5430.0 5585.0 s -2073.823975
5585.0 5615.0 j -376.918976
5615.0 5630.0 @ -209.464584
5630.0 6735.0 ssil -12702.844727
.
