#!MLF!#
"/net/aistaff/aki/_same-utterance/wav/02/Limburg/6875-1454450841-1256052.rec"
0.0 610.0 ssil -7321.736328 HET
610.0 630.0 h -248.912430
630.0 710.0 ec -1090.972046
710.0 740.0 t -451.306702
740.0 755.0 ssil -233.497971
755.0 770.0 ssil -238.728348 ECHTPAAR
770.0 885.0 ec -1551.040771
885.0 915.0 x -401.100067
915.0 975.0 t -808.997192
975.0 1055.0 p -1143.831787
1055.0 1190.0 a -1515.567383
1190.0 1260.0 r -931.450745
1260.0 1275.0 ssil -229.989502
1275.0 1290.0 ssil -219.365646 ADOPTEERT
1290.0 1415.0 ac -1626.140259
1415.0 1450.0 d -465.796478
1450.0 1560.0 oc -1565.802612
1560.0 1580.0 p -315.466461
1580.0 1650.0 t -1117.483154
1650.0 1740.0 i -1070.739990
1740.0 1785.0 r -632.383972
1785.0 1835.0 ssil -713.072205
1835.0 1850.0 ssil -213.640213 VOOR
1850.0 1950.0 f -1175.479248
1950.0 1970.0 o -273.066071
1970.0 2055.0 r -1081.556152
2055.0 2070.0 ssil -191.311478
2070.0 2085.0 ssil -173.369476 VEEL
2085.0 2125.0 v -495.879822
2125.0 2230.0 e -1252.370728
2230.0 2290.0 l -778.613770
2290.0 2340.0 ssil -685.134827
2340.0 2380.0 ssil -493.760162 GELD
2380.0 2415.0 x -504.221741
2415.0 2510.0 ec -1093.800049
2510.0 2625.0 l -1482.772217
2625.0 2790.0 t -2279.853760
2790.0 2865.0 ssil -994.665710
2865.0 2880.0 ssil -215.712830 EEN
2880.0 2995.0 n -1430.325073
2995.0 3010.0 ssil -189.587021
3010.0 3025.0 ssil -193.404266 TWEEJARIG
3025.0 3125.0 t -1249.111694
3125.0 3140.0 w -208.728516
3140.0 3255.0 e -1260.589722
3255.0 3345.0 j -981.727478
3345.0 3365.0 a -270.558197
3365.0 3425.0 r -810.705872
3425.0 3480.0 @ -896.115784
3480.0 3495.0 x -217.542953
3495.0 3540.0 ssil -556.194092
3540.0 3585.0 ssil -624.618225 WEESJE
3585.0 3600.0 w -233.198578
3600.0 3760.0 ic -2083.947998
3760.0 3915.0 s -1922.530762
3915.0 3940.0 j -321.574768
3940.0 4100.0 @ -1956.668091
4100.0 4945.0 ssil -9584.367188
.
