#!MLF!#
"/net/aistaff/aki/_same-utterance/wav/02/Limburg/6969-1454515881-1282195.rec"
0.0 295.0 ssil -2509.875488 HET
295.0 310.0 h -143.242386
310.0 325.0 ec -203.157379
325.0 350.0 t -362.377502
350.0 505.0 ssil -1790.490479
505.0 550.0 ssil -672.290466 ECHTPAAR
550.0 625.0 ec -1077.871460
625.0 660.0 x -591.661987
660.0 865.0 t -3046.730469
865.0 905.0 p -555.691956
905.0 925.0 ac -269.873199
925.0 1075.0 r -1799.384644
1075.0 1145.0 ssil -917.853210
1145.0 1255.0 ssil -1435.618652 ADOPTEERT
1255.0 1305.0 ac -739.550537
1305.0 1320.0 d -214.688782
1320.0 1455.0 oc -1774.296875
1455.0 1470.0 p -240.893631
1470.0 1495.0 t -347.511993
1495.0 1600.0 i -1151.027832
1600.0 1660.0 r -883.981934
1660.0 1675.0 t -216.051575
1675.0 1690.0 ssil -209.227463
1690.0 1705.0 ssil -197.350693 VOOR
1705.0 1805.0 f -1180.773438
1805.0 1845.0 o -449.213562
1845.0 1860.0 ssil -198.044510
1860.0 1875.0 ssil -207.264084 VEEL
1875.0 1945.0 v -844.426941
1945.0 1990.0 e -504.895142
1990.0 2060.0 l -992.848511
2060.0 2075.0 ssil -214.606781
2075.0 2100.0 ssil -388.661377 GELD
2100.0 2190.0 x -1207.323853
2190.0 2235.0 ec -490.663757
2235.0 2380.0 l -1724.830444
2380.0 2430.0 t -720.385803
2430.0 2485.0 ssil -711.721741
2485.0 2520.0 ssil -449.448517 EEN
2520.0 2570.0 @ -732.498291
2570.0 2605.0 n -479.501007
2605.0 2620.0 ssil -226.559204
2620.0 2635.0 ssil -214.576157 TWEEJARIG
2635.0 2715.0 t -1093.728027
2715.0 2745.0 w -348.744598
2745.0 2790.0 e -592.715332
2790.0 2890.0 j -1110.853882
2890.0 2980.0 a -1000.670288
2980.0 3015.0 r -396.405243
3015.0 3070.0 @ -668.080750
3070.0 3095.0 x -351.278168
3095.0 3110.0 ssil -201.204193
3110.0 3165.0 ssil -804.673462 WEESJE
3165.0 3210.0 w -558.144836
3210.0 3325.0 ic -1430.752930
3325.0 3435.0 s -1421.710693
3435.0 3475.0 j -506.258514
3475.0 3500.0 @ -313.101471
3500.0 4205.0 ssil -8078.827148
.
