#!MLF!#
"/net/aistaff/aki/_same-utterance/wav/02/Limburg/7017-1454571785-1319412.rec"
0.0 650.0 ssil -6105.808105 HET
650.0 730.0 h -1013.190857
730.0 790.0 ec -759.594116
790.0 805.0 t -243.324600
805.0 820.0 ssil -223.695831
820.0 835.0 ssil -225.886154 ECHTPAAR
835.0 1010.0 ec -2191.099609
1010.0 1025.0 x -208.498001
1025.0 1080.0 t -757.908569
1080.0 1150.0 p -942.445557
1150.0 1350.0 a -2356.813232
1350.0 1390.0 r -540.638855
1390.0 1575.0 ssil -2122.925781
1575.0 1645.0 ssil -1052.166016 ADOPTEERT
1645.0 1680.0 ac -518.593140
1680.0 1710.0 d -418.371094
1710.0 1795.0 oc -1039.653931
1795.0 1870.0 p -1106.292725
1870.0 1915.0 t -604.722839
1915.0 2020.0 i -1318.253174
2020.0 2100.0 r -1156.186890
2100.0 2165.0 t -916.825745
2165.0 2195.0 ssil -434.314331
2195.0 2210.0 ssil -190.891296 VOOR
2210.0 2280.0 v -834.435730
2280.0 2355.0 o -935.232544
2355.0 2370.0 ssil -191.507065
2370.0 2395.0 ssil -284.978699 VEEL
2395.0 2450.0 f -687.644348
2450.0 2520.0 e -870.029785
2520.0 2560.0 l -519.945679
2560.0 2595.0 ssil -527.045776
2595.0 2655.0 ssil -795.078369 GELD
2655.0 2680.0 x -328.485168
2680.0 2745.0 ec -785.331299
2745.0 2855.0 l -1348.347290
2855.0 2915.0 ssil -857.508179
2915.0 3055.0 ssil -1863.058960 EEN
3055.0 3115.0 @ -695.082581
3115.0 3175.0 n -768.670715
3175.0 3190.0 ssil -228.718231
3190.0 3205.0 ssil -234.015060 TWEEJARIG
3205.0 3235.0 t -417.982758
3235.0 3280.0 w -551.871216
3280.0 3395.0 e -1159.477905
3395.0 3460.0 j -695.483459
3460.0 3570.0 a -1259.133545
3570.0 3685.0 r -1509.223389
3685.0 3705.0 @ -273.207428
3705.0 3730.0 x -370.037964
3730.0 3745.0 ssil -200.010956
3745.0 3765.0 ssil -258.522461 WEESJE
3765.0 3800.0 w -441.116241
3800.0 3930.0 e -1368.468262
3930.0 4050.0 s -1665.956177
4050.0 4075.0 j -318.846161
4075.0 4180.0 @ -1192.518921
4180.0 4690.0 ssil -6310.749023
.
