#!MLF!#
"/net/aistaff/aki/_same-utterance/wav/02/Limburg/7183-1454520916-1296089.rec"
0.0 150.0 ssil -1547.401123 HET
150.0 165.0 h -170.096481
165.0 185.0 ec -297.658600
185.0 205.0 t -331.968201
205.0 475.0 ssil -3430.630371
475.0 720.0 ssil -3209.242676 ECHTPAAR
720.0 1060.0 ec -4448.970703
1060.0 1145.0 x -1159.528442
1145.0 1180.0 t -477.126038
1180.0 1245.0 p -946.154602
1245.0 1420.0 a -2026.790039
1420.0 1540.0 ssil -1642.730957
1540.0 1820.0 ssil -3277.606201 ADOPTEERT
1820.0 1975.0 ac -2086.671143
1975.0 1990.0 d -216.738678
1990.0 2050.0 oc -820.647705
2050.0 2065.0 p -233.029800
2065.0 2095.0 t -427.940704
2095.0 2225.0 i -1496.138062
2225.0 2275.0 r -667.625061
2275.0 2340.0 ssil -934.168030
2340.0 2355.0 ssil -210.756699 VOOR
2355.0 2420.0 v -822.206299
2420.0 2495.0 o -926.570435
2495.0 2540.0 ssil -598.540161
2540.0 2590.0 ssil -583.614258 VEEL
2590.0 2625.0 v -422.888824
2625.0 2775.0 e -1839.298950
2775.0 2835.0 l -767.692993
2835.0 2880.0 ssil -656.703186
2880.0 2895.0 ssil -184.408417 GELD
2895.0 2915.0 x -275.367615
2915.0 3115.0 ec -2368.046875
3115.0 3130.0 l -227.028015
3130.0 3180.0 ssil -726.812988
3180.0 3215.0 ssil -484.103210 EEN
3215.0 3240.0 @ -377.789886
3240.0 3315.0 n -953.495056
3315.0 3335.0 ssil -332.205536
3335.0 3350.0 ssil -204.248520 TWEEJARIG
3350.0 3470.0 t -1636.908325
3470.0 3485.0 w -209.663971
3485.0 3695.0 e -2442.325195
3695.0 3735.0 j -505.827545
3735.0 3840.0 a -1130.132202
3840.0 3885.0 r -600.059937
3885.0 3945.0 @ -821.820862
3945.0 3960.0 x -220.969376
3960.0 3985.0 ssil -311.138367
3985.0 4080.0 ssil -1300.371094 WEESJE
4080.0 4095.0 w -218.157715
4095.0 4260.0 e -1950.951660
4260.0 4390.0 s -1659.597656
4390.0 4410.0 j -257.944733
4410.0 4480.0 @ -814.052490
4480.0 4600.0 ssil -1442.363281
.
