#!MLF!#
"/net/aistaff/aki/_same-utterance/wav/02/Limburg/7543-1455197524-1421013.rec"
0.0 415.0 ssil -4334.662598 HET
415.0 430.0 h -198.955231
430.0 570.0 ec -1913.871094
570.0 590.0 t -292.968231
590.0 645.0 ssil -745.149536
645.0 670.0 ssil -334.158264 ECHTPAAR
670.0 695.0 ec -303.831329
695.0 710.0 x -209.320282
710.0 725.0 t -236.866806
725.0 760.0 p -507.102478
760.0 955.0 a -2167.760742
955.0 1085.0 r -1928.656372
1085.0 1105.0 ssil -256.466736
1105.0 1300.0 ssil -2324.990479 ADOPTEERT
1300.0 1425.0 ac -1836.270874
1425.0 1460.0 d -471.242950
1460.0 1575.0 oc -1487.384277
1575.0 1600.0 p -456.972168
1600.0 1645.0 t -704.799500
1645.0 1805.0 i -1765.527344
1805.0 1940.0 r -1886.196655
1940.0 1975.0 t -462.119690
1975.0 1990.0 ssil -198.277420
1990.0 2005.0 ssil -177.527084 VOOR
2005.0 2095.0 f -1039.091064
2095.0 2185.0 o -981.736755
2185.0 2200.0 ssil -167.274734
2200.0 2215.0 ssil -177.470917 VEEL
2215.0 2270.0 v -660.238159
2270.0 2415.0 e -1840.580200
2415.0 2495.0 l -1049.166016
2495.0 2510.0 ssil -212.594330
2510.0 2535.0 ssil -354.824371 GELD
2535.0 2550.0 x -269.667755
2550.0 2670.0 ec -1552.650269
2670.0 2795.0 l -1633.526855
2795.0 2830.0 t -494.312347
2830.0 2845.0 ssil -226.215302
2845.0 2860.0 ssil -194.713501 EEN
2860.0 2915.0 @ -714.361572
2915.0 2980.0 n -762.580261
2980.0 3015.0 ssil -511.718811
3015.0 3040.0 ssil -327.378784 TWEEJARIG
3040.0 3075.0 t -470.364868
3075.0 3100.0 w -316.837189
3100.0 3255.0 e -1513.179810
3255.0 3355.0 j -1130.143188
3355.0 3505.0 a -1716.787720
3505.0 3565.0 r -796.157227
3565.0 3580.0 @ -253.052734
3580.0 3595.0 x -219.496414
3595.0 3665.0 ssil -872.806641
3665.0 3695.0 ssil -476.487457 WEESJE
3695.0 3750.0 w -687.570557
3750.0 3895.0 e -1687.611938
3895.0 4055.0 s -2139.761719
4055.0 4070.0 j -209.321762
4070.0 4225.0 @ -2003.120239
4225.0 4855.0 ssil -6897.223633
.
