#!MLF!#
"/net/aistaff/aki/_same-utterance/wav/02/Limburg/7545-1455202470-1421894.rec"
0.0 885.0 ssil -10671.308594 HET
885.0 905.0 h -279.294403
905.0 940.0 ec -429.643219
940.0 1000.0 t -800.120361
1000.0 1055.0 ssil -695.128296
1055.0 1100.0 ssil -604.126343 ECHTPAAR
1100.0 1170.0 ec -930.365601
1170.0 1210.0 x -519.960938
1210.0 1275.0 t -818.734192
1275.0 1360.0 p -1148.159180
1360.0 1510.0 a -1905.476929
1510.0 1545.0 r -481.838928
1545.0 1610.0 ssil -957.666016
1610.0 1650.0 ssil -577.432129 ADOPTEERT
1650.0 1730.0 ac -1176.126709
1730.0 1750.0 d -270.511261
1750.0 1795.0 oc -580.581360
1795.0 1905.0 p -1251.913818
1905.0 1940.0 t -517.133667
1940.0 2060.0 i -1536.523193
2060.0 2095.0 r -547.491760
2095.0 2125.0 t -428.678558
2125.0 2155.0 ssil -404.403076
2155.0 2205.0 ssil -599.267883 VOOR
2205.0 2255.0 v -590.312744
2255.0 2335.0 o -852.431580
2335.0 2380.0 ssil -510.572021
2380.0 2420.0 ssil -421.801514 VEEL
2420.0 2465.0 v -611.076660
2465.0 2555.0 e -1046.232422
2555.0 2610.0 l -712.399963
2610.0 2625.0 ssil -233.565247
2625.0 2640.0 ssil -235.203964 GELD
2640.0 2695.0 x -783.662109
2695.0 2760.0 ec -819.348572
2760.0 2890.0 l -1633.706909
2890.0 2955.0 ssil -891.574341
2955.0 3055.0 ssil -1392.420410 EEN
3055.0 3110.0 @ -703.255432
3110.0 3145.0 ssil -417.255432
3145.0 3160.0 ssil -172.492828 TWEEJARIG
3160.0 3290.0 t -1691.516235
3290.0 3305.0 w -196.123840
3305.0 3460.0 e -1784.096924
3460.0 3540.0 j -940.003601
3540.0 3625.0 a -937.460693
3625.0 3640.0 r -196.622223
3640.0 3710.0 @ -879.936829
3710.0 3725.0 x -220.767181
3725.0 3745.0 ssil -241.509796
3745.0 3810.0 ssil -801.130859 WEESJE
3810.0 3860.0 w -582.135193
3860.0 4010.0 e -1791.077515
4010.0 4145.0 s -1648.888550
4145.0 4170.0 j -293.626831
4170.0 4220.0 @ -587.751587
4220.0 4785.0 ssil -6132.222168
.
