#!MLF!#
"/net/aistaff/aki/_same-utterance/wav/02/Limburg/7922-1456432134-1518305.rec"
0.0 155.0 ssil -1812.815918 HET
155.0 940.0 h -10017.421875
940.0 1055.0 ec -1465.296997
1055.0 1085.0 t -460.506836
1085.0 1110.0 ssil -354.497589
1110.0 1135.0 ssil -379.434753 ECHTPAAR
1135.0 1195.0 ec -946.553772
1195.0 1210.0 x -211.582962
1210.0 1350.0 t -1980.544434
1350.0 1375.0 p -397.407471
1375.0 1505.0 a -1359.437622
1505.0 1545.0 r -592.787964
1545.0 1580.0 ssil -437.976196
1580.0 1625.0 ssil -556.269165 ADOPTEERT
1625.0 1740.0 ac -1491.188843
1740.0 1765.0 d -359.487366
1765.0 1800.0 oc -526.281250
1800.0 1890.0 p -1148.099243
1890.0 1935.0 t -641.911194
1935.0 2050.0 i -1342.276123
2050.0 2065.0 r -235.903503
2065.0 2135.0 ssil -1014.595276
2135.0 2225.0 ssil -1164.969238 VOOR
2225.0 2260.0 v -484.047058
2260.0 2320.0 o -703.998901
2320.0 2370.0 ssil -644.969666
2370.0 2390.0 ssil -232.823959 VEEL
2390.0 2450.0 f -836.553589
2450.0 2530.0 e -946.101257
2530.0 2630.0 l -1463.777344
2630.0 2645.0 ssil -231.165604
2645.0 2675.0 ssil -375.243439 GELD
2675.0 2705.0 x -394.071747
2705.0 2750.0 ec -510.473755
2750.0 2860.0 l -1302.121704
2860.0 2875.0 ssil -231.782211
2875.0 2920.0 ssil -681.890625 EEN
2920.0 3075.0 @ -2000.921143
3075.0 3115.0 ssil -618.568481
3115.0 3140.0 ssil -358.610870 TWEEJARIG
3140.0 3180.0 t -544.548340
3180.0 3195.0 w -211.682434
3195.0 3360.0 e -1833.541748
3360.0 3405.0 j -478.669556
3405.0 3455.0 a -697.055054
3455.0 3490.0 r -477.387329
3490.0 3515.0 @ -351.434570
3515.0 3530.0 x -236.537064
3530.0 3555.0 ssil -338.476532
3555.0 3635.0 ssil -1056.217773 WEESJE
3635.0 3680.0 w -613.530579
3680.0 3805.0 e -1502.051636
3805.0 3930.0 s -1618.949341
3930.0 4020.0 j -1095.147705
4020.0 4045.0 @ -333.614685
4045.0 4505.0 ssil -5580.531250
.
