#!MLF!#
"/net/aistaff/aki/_same-utterance/wav/02/Limburg/7980-1457085346-1554618.rec"
0.0 70.0 ssil -642.718323 HET
70.0 85.0 h -151.481308
85.0 100.0 ec -181.207077
100.0 120.0 t -284.828033
120.0 600.0 ssil -5929.238770
600.0 765.0 ssil -2520.205078 ECHTPAAR
765.0 855.0 ec -1204.808716
855.0 935.0 x -1114.549805
935.0 990.0 t -789.726135
990.0 1065.0 p -964.757019
1065.0 1205.0 a -1363.056885
1205.0 1265.0 r -941.833557
1265.0 1330.0 ssil -914.558411
1330.0 1405.0 ssil -1099.732910 ADOPTEERT
1405.0 1485.0 ac -1110.719482
1485.0 1520.0 d -505.181030
1520.0 1600.0 oc -1078.075928
1600.0 1630.0 p -441.950958
1630.0 1705.0 t -1103.156616
1705.0 1800.0 i -1125.460205
1800.0 1855.0 r -852.077332
1855.0 1870.0 ssil -227.854355
1870.0 1895.0 ssil -349.341309 VOOR
1895.0 2005.0 f -1268.890015
2005.0 2030.0 o -337.858551
2030.0 2045.0 ssil -195.873093
2045.0 2060.0 ssil -195.231415 VEEL
2060.0 2165.0 v -1411.200684
2165.0 2215.0 e -701.138916
2215.0 2345.0 l -1676.177856
2345.0 2360.0 ssil -222.328033
2360.0 2385.0 ssil -332.215363 GELD
2385.0 2410.0 x -386.223907
2410.0 2475.0 ec -801.210205
2475.0 2595.0 l -1475.461182
2595.0 2660.0 t -1008.640564
2660.0 2695.0 ssil -521.272034
2695.0 2710.0 ssil -248.597961 EEN
2710.0 2780.0 n -913.724182
2780.0 2795.0 ssil -223.466324
2795.0 2810.0 ssil -220.576859 TWEEJARIG
2810.0 2930.0 t -1569.414062
2930.0 2945.0 w -219.707443
2945.0 2960.0 e -207.585678
2960.0 3100.0 j -1587.133423
3100.0 3210.0 a -1219.039795
3210.0 3245.0 r -498.664764
3245.0 3275.0 @ -469.615997
3275.0 3295.0 x -288.776154
3295.0 3325.0 ssil -452.089935
3325.0 3390.0 ssil -912.246704 WEESJE
3390.0 3420.0 w -389.278198
3420.0 3565.0 e -1670.324585
3565.0 3735.0 s -2234.577148
3735.0 3750.0 j -228.984238
3750.0 3855.0 @ -1194.110107
3855.0 4135.0 ssil -3510.937012
.
