#!MLF!#
"/net/aistaff/aki/_same-utterance/wav/02/Limburg/8236-1457784727-1611018.rec"
0.0 300.0 ssil -2523.421387 HET
300.0 315.0 h -157.522858
315.0 335.0 ec -289.121246
335.0 350.0 t -217.002777
350.0 1525.0 ssil -14550.689453
1525.0 1735.0 ssil -2916.940186 ECHTPAAR
1735.0 1750.0 ec -192.314117
1750.0 1780.0 x -399.856384
1780.0 1795.0 t -199.257553
1795.0 1820.0 p -381.380402
1820.0 2150.0 a -3801.868164
2150.0 2200.0 r -556.215942
2200.0 2220.0 ssil -240.650620
2220.0 2300.0 ssil -998.211426 ADOPTEERT
2300.0 2375.0 ac -1052.765503
2375.0 2395.0 d -318.466339
2395.0 2555.0 oc -2184.042480
2555.0 2570.0 p -240.483719
2570.0 2620.0 t -762.572083
2620.0 2745.0 i -1673.178345
2745.0 2840.0 r -1228.329468
2840.0 2885.0 ssil -631.685364
2885.0 3205.0 ssil -3923.572998 VOOR
3205.0 3270.0 v -861.827759
3270.0 3425.0 o -1884.880249
3425.0 3440.0 ssil -213.457153
3440.0 3495.0 ssil -670.261902 VEEL
3495.0 3520.0 v -402.616638
3520.0 3640.0 e -1524.409546
3640.0 3740.0 l -1277.214600
3740.0 3775.0 ssil -530.745239
3775.0 3795.0 ssil -274.896698 GELD
3795.0 3820.0 x -368.431915
3820.0 3930.0 ec -1315.602783
3930.0 4080.0 l -1790.153076
4080.0 4110.0 ssil -418.815399
4110.0 4300.0 ssil -2282.971924 EEN
4300.0 4325.0 @ -359.342010
4325.0 4480.0 n -2053.346436
4480.0 4495.0 ssil -225.799149
4495.0 4510.0 ssil -213.158463 TWEEJARIG
4510.0 4550.0 t -572.789551
4550.0 4590.0 w -534.071960
4590.0 4755.0 e -1844.081299
4755.0 4850.0 j -1088.497559
4850.0 4935.0 a -914.151123
4935.0 4950.0 r -195.181213
4950.0 5045.0 @ -1106.381226
5045.0 5060.0 x -214.504547
5060.0 5080.0 ssil -247.920700
5080.0 5160.0 ssil -1168.367798 WEESJE
5160.0 5205.0 w -584.200684
5205.0 5430.0 e -2527.521240
5430.0 5525.0 s -1252.673218
5525.0 5580.0 j -684.596375
5580.0 5610.0 @ -375.792725
5610.0 6640.0 ssil -11479.780273
.
