#!MLF!#
"/net/aistaff/aki/_same-utterance/wav/02/Limburg/8295-1457731569-1605026.rec"
0.0 425.0 ssil -4806.657715 HET
425.0 440.0 h -216.558685
440.0 550.0 ec -1351.351196
550.0 570.0 t -315.099182
570.0 590.0 ssil -255.872864
590.0 710.0 ssil -1441.097412 ECHTPAAR
710.0 790.0 ec -1063.333130
790.0 900.0 x -1583.870728
900.0 920.0 t -278.918335
920.0 990.0 p -849.906738
990.0 1150.0 a -1804.201050
1150.0 1180.0 r -416.917389
1180.0 1205.0 ssil -330.111969
1205.0 1225.0 ssil -281.045380 ADOPTEERT
1225.0 1390.0 ac -2251.837646
1390.0 1410.0 d -279.391418
1410.0 1510.0 oc -1209.635498
1510.0 1600.0 p -1156.087158
1600.0 1625.0 t -367.951782
1625.0 1725.0 i -1120.425049
1725.0 1840.0 r -1573.739624
1840.0 1920.0 t -1064.247314
1920.0 1935.0 ssil -188.385330
1935.0 1950.0 ssil -188.508301 VOOR
1950.0 2035.0 f -1063.421875
2035.0 2180.0 o -1568.320190
2180.0 2195.0 ssil -216.158401
2195.0 2210.0 ssil -194.487335 VEEL
2210.0 2285.0 f -958.580383
2285.0 2360.0 e -793.193726
2360.0 2465.0 l -1266.970825
2465.0 2485.0 ssil -275.070099
2485.0 2540.0 ssil -742.894592 GELD
2540.0 2575.0 x -500.054108
2575.0 2670.0 ec -1119.522949
2670.0 2810.0 l -1759.548950
2810.0 2850.0 t -605.428467
2850.0 2865.0 ssil -218.258759
2865.0 2885.0 ssil -310.814026 EEN
2885.0 2950.0 @ -887.404907
2950.0 3030.0 n -909.773682
3030.0 3045.0 ssil -195.021957
3045.0 3060.0 ssil -178.365707 TWEEJARIG
3060.0 3160.0 t -1364.500488
3160.0 3195.0 w -423.005280
3195.0 3465.0 e -3094.638672
3465.0 3590.0 j -1521.985229
3590.0 3675.0 a -1003.330933
3675.0 3735.0 r -799.339539
3735.0 3800.0 @ -844.956726
3800.0 3815.0 x -216.535156
3815.0 4010.0 ssil -2480.216309
4010.0 4275.0 ssil -3129.828613 WEESJE
4275.0 4340.0 w -742.809265
4340.0 4465.0 e -1223.979736
4465.0 4630.0 s -2175.884277
4630.0 4705.0 j -877.351685
4705.0 4735.0 @ -376.210846
4735.0 5365.0 ssil -7018.690430
.
