#!MLF!#
"/net/aistaff/aki/_same-utterance/wav/02/Limburg/8490-1457720422-1599984.rec"
0.0 925.0 ssil -10994.868164 HET
925.0 1130.0 h -2520.583496
1130.0 1445.0 ec -4018.203613
1445.0 1460.0 t -201.362808
1460.0 1500.0 ssil -494.223602
1500.0 1515.0 ssil -235.309830 ECHTPAAR
1515.0 1740.0 ec -2581.485840
1740.0 1760.0 x -269.799103
1760.0 1775.0 t -217.244186
1775.0 1790.0 p -222.128067
1790.0 1820.0 a -397.753998
1820.0 1920.0 r -1359.178101
1920.0 1935.0 ssil -193.087265
1935.0 1950.0 ssil -201.256180 ADOPTEERT
1950.0 1975.0 ac -329.213959
1975.0 2005.0 d -392.821381
2005.0 2055.0 oc -576.499939
2055.0 2075.0 p -261.280762
2075.0 2110.0 t -518.662781
2110.0 2205.0 i -1171.077881
2205.0 2280.0 r -953.998108
2280.0 2295.0 ssil -218.814850
2295.0 2320.0 ssil -359.210175 VOOR
2320.0 2415.0 f -1184.451050
2415.0 2455.0 o -455.435455
2455.0 2475.0 r -269.110321
2475.0 2490.0 ssil -204.744385
2490.0 2505.0 ssil -205.715881 VEEL
2505.0 2575.0 v -911.327881
2575.0 2630.0 e -662.370911
2630.0 2715.0 l -1026.157227
2715.0 2735.0 ssil -264.477417
2735.0 2750.0 ssil -168.941437 GELD
2750.0 2840.0 x -1181.849731
2840.0 2920.0 ec -849.129028
2920.0 3035.0 l -1410.136719
3035.0 3085.0 t -684.706116
3085.0 3100.0 ssil -221.164322
3100.0 3115.0 ssil -195.351654 EEN
3115.0 3140.0 @ -340.096222
3140.0 3250.0 n -1366.215088
3250.0 3310.0 ssil -920.504700
3310.0 3365.0 ssil -682.264648 TWEEJARIG
3365.0 3390.0 t -338.315552
3390.0 3410.0 w -261.098145
3410.0 3625.0 e -2070.774170
3625.0 3655.0 j -343.381042
3655.0 3670.0 a -167.965561
3670.0 3685.0 r -173.252350
3685.0 3795.0 @ -1166.372192
3795.0 3810.0 x -215.209457
3810.0 3870.0 ssil -680.373718
3870.0 3910.0 ssil -514.880249 WEESJE
3910.0 3945.0 w -425.794800
3945.0 4100.0 ic -1685.381104
4100.0 4205.0 s -1369.391235
4205.0 4240.0 j -409.732086
4240.0 4275.0 @ -436.075043
4275.0 5180.0 ssil -10880.364258
.
