#!MLF!#
"/net/aistaff/aki/_same-utterance/wav/02/Limburg/8708-1457952146-1630993.rec"
0.0 340.0 ssil -2902.892090 HET
340.0 405.0 h -817.132324
405.0 505.0 ec -1222.484619
505.0 540.0 t -493.142120
540.0 555.0 ssil -209.000000
555.0 640.0 ssil -1067.043945 ECHTPAAR
640.0 700.0 ec -688.126709
700.0 715.0 x -214.624908
715.0 865.0 t -2173.937988
865.0 930.0 p -880.583923
930.0 1080.0 a -1574.484863
1080.0 1100.0 ssil -256.340424
1100.0 1250.0 ssil -2071.806152 ADOPTEERT
1250.0 1390.0 ac -1710.369629
1390.0 1420.0 d -411.023529
1420.0 1515.0 oc -1213.364380
1515.0 1575.0 p -811.020874
1575.0 1650.0 t -1012.224670
1650.0 1850.0 i -2138.088623
1850.0 1870.0 r -286.023224
1870.0 1935.0 t -879.274536
1935.0 1960.0 ssil -311.160675
1960.0 2010.0 ssil -616.304138 VOOR
2010.0 2120.0 v -1256.828613
2120.0 2235.0 o -1153.551270
2235.0 2270.0 ssil -409.307983
2270.0 2300.0 ssil -389.043549 VEEL
2300.0 2330.0 v -400.099213
2330.0 2400.0 e -765.661316
2400.0 2495.0 l -1072.377197
2495.0 2530.0 ssil -404.867889
2530.0 2560.0 ssil -378.415741 GELD
2560.0 2575.0 x -240.931839
2575.0 2620.0 ec -532.014709
2620.0 2720.0 l -1183.292969
2720.0 2800.0 t -1077.411377
2800.0 2815.0 ssil -195.862686
2815.0 2855.0 ssil -474.350403 EEN
2855.0 2905.0 @ -644.200256
2905.0 3005.0 n -1243.612305
3005.0 3020.0 ssil -207.200882
3020.0 3050.0 ssil -392.271637 TWEEJARIG
3050.0 3080.0 t -421.176514
3080.0 3100.0 w -239.748108
3100.0 3265.0 e -1493.543823
3265.0 3320.0 j -530.557861
3320.0 3435.0 a -1151.899048
3435.0 3455.0 r -251.253510
3455.0 3520.0 @ -725.627930
3520.0 3535.0 x -203.079590
3535.0 3580.0 ssil -544.640015
3580.0 3635.0 ssil -715.022400 WEESJE
3635.0 3700.0 w -799.060608
3700.0 3850.0 e -1954.175049
3850.0 3985.0 s -1724.460083
3985.0 4025.0 j -438.314789
4025.0 4055.0 @ -354.718689
4055.0 4760.0 ssil -8869.036133
.
