#!MLF!#
"/net/aistaff/aki/_same-utterance/wav/02/Limburg/8877-1463073384-1809692.rec"
0.0 545.0 ssil -5590.698242 HET
545.0 560.0 h -223.365509
560.0 575.0 ec -221.999100
575.0 635.0 t -882.368530
635.0 1115.0 ssil -6487.301758
1115.0 1220.0 ssil -1602.919434 ECHTPAAR
1220.0 1325.0 ec -1387.776245
1325.0 1400.0 x -984.763123
1400.0 1425.0 t -358.608948
1425.0 1550.0 p -1639.380981
1550.0 1810.0 a -2879.387695
1810.0 1845.0 r -515.628296
1845.0 1960.0 ssil -1582.302612
1960.0 2090.0 ssil -1724.209961 ADOPTEERT
2090.0 2180.0 ac -1265.924072
2180.0 2195.0 d -204.711212
2195.0 2260.0 oc -935.324951
2260.0 2320.0 p -813.207581
2320.0 2410.0 t -1355.819702
2410.0 2530.0 i -1532.182617
2530.0 2560.0 r -499.253906
2560.0 2615.0 t -791.345276
2615.0 2630.0 ssil -210.516205
2630.0 2645.0 ssil -204.923004 VOOR
2645.0 2740.0 f -1155.578003
2740.0 2785.0 o -581.438293
2785.0 2800.0 ssil -224.428619
2800.0 2815.0 ssil -189.250137 VEEL
2815.0 2950.0 f -1645.516724
2950.0 3030.0 e -1202.491577
3030.0 3125.0 l -1553.013794
3125.0 3140.0 ssil -277.158173
3140.0 3155.0 ssil -249.868347 GELD
3155.0 3275.0 x -1662.092041
3275.0 3380.0 ec -1234.131714
3380.0 3520.0 l -1815.411499
3520.0 3630.0 t -1514.363403
3630.0 3750.0 ssil -1574.483398
3750.0 4020.0 ssil -3211.900879 EEN
4020.0 4065.0 @ -616.525757
4065.0 4125.0 n -932.770447
4125.0 4140.0 ssil -245.167999
4140.0 4165.0 ssil -430.487518 TWEEJARIG
4165.0 4305.0 t -1920.561279
4305.0 4340.0 w -467.610260
4340.0 4455.0 e -1378.712280
4455.0 4595.0 j -1808.195312
4595.0 4750.0 a -1705.375244
4750.0 4845.0 r -1164.383545
4845.0 4895.0 @ -671.974365
4895.0 4980.0 x -1071.515869
4980.0 4995.0 ssil -182.368729
4995.0 5015.0 ssil -283.389374 WEESJE
5015.0 5090.0 w -984.542603
5090.0 5295.0 e -2473.497559
5295.0 5415.0 s -1505.131226
5415.0 5445.0 j -465.906006
5445.0 5490.0 @ -594.528442
5490.0 6105.0 ssil -7354.116211
.
