#!MLF!#
"/net/aistaff/aki/_same-utterance/wav/02/Limburg/9114-1459856097-1732581.rec"
0.0 290.0 ssil -2492.534912 HET
290.0 305.0 h -165.520798
305.0 320.0 ec -227.796646
320.0 345.0 t -369.546448
345.0 605.0 ssil -3133.911133
605.0 1495.0 ssil -10608.555664 ECHTPAAR
1495.0 1685.0 ec -2472.865479
1685.0 1720.0 x -510.049316
1720.0 1805.0 t -1220.531738
1805.0 1835.0 p -481.016022
1835.0 2025.0 a -2247.845703
2025.0 2050.0 ssil -346.921295
2050.0 2065.0 ssil -205.784454 ADOPTEERT
2065.0 2295.0 ac -3166.702881
2295.0 2315.0 d -309.284180
2315.0 2400.0 oc -1121.367798
2400.0 2460.0 p -941.308167
2460.0 2500.0 t -610.334778
2500.0 2610.0 i -1160.048218
2610.0 2700.0 r -1255.776489
2700.0 2735.0 ssil -539.971802
2735.0 2770.0 ssil -476.542328 VOOR
2770.0 2865.0 f -1247.117798
2865.0 3020.0 o -1641.084961
3020.0 3040.0 ssil -256.900177
3040.0 3095.0 ssil -718.070435 VEEL
3095.0 3125.0 v -409.254639
3125.0 3220.0 e -1003.787354
3220.0 3365.0 l -1862.289429
3365.0 3380.0 ssil -206.330643
3380.0 3395.0 ssil -201.482910 GELD
3395.0 3420.0 x -357.661377
3420.0 3495.0 ec -886.001221
3495.0 3695.0 l -2331.437012
3695.0 3750.0 t -835.483154
3750.0 3785.0 ssil -503.649384
3785.0 3800.0 ssil -232.216476 EEN
3800.0 3880.0 @ -909.903381
3880.0 4065.0 n -2078.425049
4065.0 4080.0 ssil -253.689941
4080.0 4095.0 ssil -267.230347 TWEEJARIG
4095.0 4135.0 t -578.590515
4135.0 4200.0 w -723.160400
4200.0 4315.0 e -1146.912476
4315.0 4400.0 j -921.770264
4400.0 4595.0 a -1979.270996
4595.0 4685.0 r -1156.938232
4685.0 4740.0 @ -780.095398
4740.0 4770.0 x -446.622040
4770.0 4785.0 ssil -203.281265
4785.0 4800.0 ssil -186.326477 WEESJE
4800.0 4905.0 w -1308.886963
4905.0 5090.0 ic -2078.568604
5090.0 5210.0 s -1669.360840
5210.0 5225.0 j -226.820419
5225.0 5585.0 @ -4386.629395
5585.0 5665.0 ssil -1066.077637
.
