#!MLF!#
"/net/aistaff/aki/_same-utterance/wav/02/Limburg/9120-1459853557-1731419.rec"
0.0 725.0 ssil -7153.632812 HET
725.0 760.0 h -494.049469
760.0 835.0 ec -1096.029785
835.0 860.0 t -402.644867
860.0 875.0 ssil -189.793243
875.0 920.0 ssil -556.999023 ECHTPAAR
920.0 1060.0 ec -1682.750977
1060.0 1140.0 x -1072.653320
1140.0 1175.0 t -458.904968
1175.0 1260.0 p -1076.677979
1260.0 1450.0 a -2036.656372
1450.0 1510.0 r -832.940857
1510.0 1590.0 ssil -1131.667236
1590.0 1620.0 ssil -453.568634 ADOPTEERT
1620.0 1700.0 ac -1029.042603
1700.0 1735.0 d -485.961212
1735.0 1800.0 oc -858.606079
1800.0 1875.0 p -1006.431763
1875.0 1945.0 t -955.222412
1945.0 2060.0 i -1288.367798
2060.0 2130.0 r -929.807007
2130.0 2180.0 ssil -760.644470
2180.0 2265.0 ssil -1059.411255 VOOR
2265.0 2310.0 f -546.729736
2310.0 2380.0 o -722.346924
2380.0 2395.0 ssil -199.188690
2395.0 2415.0 ssil -254.718552 VEEL
2415.0 2510.0 v -1163.358643
2510.0 2630.0 e -1403.430908
2630.0 2720.0 l -1219.504517
2720.0 2745.0 ssil -325.274323
2745.0 2760.0 ssil -185.812180 GELD
2760.0 2785.0 x -333.183716
2785.0 2910.0 ec -1343.245972
2910.0 3000.0 l -1102.604614
3000.0 3040.0 t -631.727173
3040.0 3060.0 ssil -289.170715
3060.0 3115.0 ssil -755.184570 EEN
3115.0 3140.0 @ -331.994476
3140.0 3245.0 n -1437.984253
3245.0 3270.0 ssil -332.406403
3270.0 3290.0 ssil -274.560333 TWEEJARIG
3290.0 3360.0 t -991.372009
3360.0 3400.0 w -499.898712
3400.0 3515.0 e -1248.142578
3515.0 3625.0 j -1178.876099
3625.0 3790.0 a -1522.926392
3790.0 3805.0 r -207.768127
3805.0 3820.0 @ -218.966644
3820.0 3845.0 x -342.637878
3845.0 3865.0 ssil -290.784149
3865.0 3910.0 ssil -671.672729 WEESJE
3910.0 3975.0 w -858.629089
3975.0 4130.0 e -1628.641235
4130.0 4270.0 s -1749.060791
4270.0 4295.0 j -305.709290
4295.0 4370.0 @ -790.240723
4370.0 4530.0 ssil -2252.916260
.
