#!MLF!#
"/net/aistaff/aki/_same-utterance/wav/02/Limburg/9122-1459854596-1731859.rec"
0.0 290.0 ssil -2510.409424 HET
290.0 305.0 h -138.335220
305.0 325.0 ec -252.337601
325.0 350.0 t -346.389648
350.0 540.0 ssil -2490.079102
540.0 710.0 ssil -2638.396484 ECHTPAAR
710.0 860.0 ec -2087.417725
860.0 945.0 x -1116.247559
945.0 985.0 t -538.976379
985.0 1085.0 p -1358.760864
1085.0 1250.0 ac -2301.241699
1250.0 1265.0 ssil -200.162399
1265.0 1315.0 ssil -719.021240 ADOPTEERT
1315.0 1515.0 ac -2656.505859
1515.0 1555.0 d -559.593262
1555.0 1685.0 oc -1616.100830
1685.0 1715.0 p -470.639221
1715.0 1760.0 t -673.170593
1760.0 1910.0 i -1842.379639
1910.0 1960.0 r -684.030396
1960.0 2160.0 t -2996.406250
2160.0 2175.0 ssil -217.776932
2175.0 2190.0 ssil -209.886902 VOOR
2190.0 2215.0 v -373.771576
2215.0 2265.0 o -615.395203
2265.0 2290.0 ssil -371.580750
2290.0 2375.0 ssil -1229.295898 VEEL
2375.0 2435.0 v -833.889832
2435.0 2535.0 e -1325.889893
2535.0 2660.0 l -1852.033569
2660.0 2695.0 ssil -489.812866
2695.0 2715.0 ssil -273.380280 GELD
2715.0 2745.0 x -433.993591
2745.0 2775.0 ec -431.420166
2775.0 2905.0 l -1578.546875
2905.0 3045.0 t -2015.893799
3045.0 3070.0 ssil -325.582886
3070.0 3105.0 ssil -440.852509 EEN
3105.0 3195.0 @ -1278.141846
3195.0 3275.0 n -1002.861145
3275.0 3300.0 ssil -348.192413
3300.0 3325.0 ssil -299.034851 TWEEJARIG
3325.0 3390.0 t -908.513306
3390.0 3470.0 w -1341.198853
3470.0 3505.0 ic -519.536560
3505.0 3660.0 j -1802.554565
3660.0 3675.0 ac -248.222855
3675.0 3830.0 r -2231.658936
3830.0 3875.0 @ -713.043396
3875.0 3890.0 x -248.356079
3890.0 3970.0 ssil -1098.389526
3970.0 4080.0 ssil -1584.093628 WEESJE
4080.0 4155.0 w -1087.875610
4155.0 4290.0 ic -1999.215576
4290.0 4425.0 s -1919.781372
4425.0 4445.0 j -298.504547
4445.0 4515.0 @ -883.736389
4515.0 5270.0 ssil -9005.892578
.
