#!MLF!#
"/net/aistaff/aki/_same-utterance/wav/02/Limburg/9128-1459885787-1741146.rec"
0.0 90.0 ssil -835.045959 HET
90.0 105.0 h -164.890457
105.0 120.0 ec -205.215057
120.0 150.0 t -437.824921
150.0 660.0 ssil -6189.307129
660.0 850.0 ssil -2665.201416 ECHTPAAR
850.0 920.0 ec -918.001648
920.0 970.0 x -710.058655
970.0 1030.0 t -828.311768
1030.0 1105.0 p -1005.062195
1105.0 1205.0 a -1049.697632
1205.0 1245.0 r -585.965210
1245.0 1260.0 ssil -219.318832
1260.0 1275.0 ssil -238.881119 ADOPTEERT
1275.0 1380.0 ac -1496.053345
1380.0 1410.0 d -475.703766
1410.0 1455.0 oc -715.139954
1455.0 1515.0 p -867.803894
1515.0 1595.0 t -1163.839722
1595.0 1685.0 i -1049.470337
1685.0 1710.0 r -383.273956
1710.0 1765.0 t -780.631653
1765.0 1810.0 ssil -694.677979
1810.0 1835.0 ssil -316.888031 VOOR
1835.0 1895.0 f -728.516113
1895.0 1970.0 o -959.324097
1970.0 1985.0 ssil -194.834412
1985.0 2000.0 ssil -181.932724 VEEL
2000.0 2080.0 f -1035.520996
2080.0 2180.0 e -1241.487549
2180.0 2270.0 l -1331.841187
2270.0 2305.0 ssil -548.803040
2305.0 2330.0 ssil -330.415344 GELD
2330.0 2365.0 x -512.976379
2365.0 2420.0 ec -689.544434
2420.0 2525.0 l -1280.505249
2525.0 2635.0 t -1604.225464
2635.0 2660.0 ssil -405.315582
2660.0 2705.0 ssil -612.772400 EEN
2705.0 2735.0 @ -501.936432
2735.0 2795.0 n -885.900696
2795.0 2810.0 ssil -224.027893
2810.0 2825.0 ssil -217.685486 TWEEJARIG
2825.0 2950.0 t -1692.018188
2950.0 2980.0 w -384.620361
2980.0 3040.0 e -654.714417
3040.0 3160.0 j -1368.114990
3160.0 3210.0 a -541.634949
3210.0 3295.0 r -1207.362305
3295.0 3325.0 @ -517.431396
3325.0 3350.0 x -390.048859
3350.0 3375.0 ssil -388.996460
3375.0 3420.0 ssil -689.572388 WEESJE
3420.0 3480.0 w -744.073486
3480.0 3630.0 e -1736.666748
3630.0 3755.0 s -1618.140869
3755.0 3775.0 j -271.852173
3775.0 3865.0 @ -1234.514526
3865.0 4250.0 ssil -4567.459473
.
