#!MLF!#
"/net/aistaff/aki/_same-utterance/wav/02/Limburg/9132-1459855721-1732340.rec"
0.0 325.0 ssil -2864.417969 HET
325.0 345.0 h -272.947205
345.0 370.0 ec -325.694183
370.0 445.0 t -1136.239502
445.0 460.0 ssil -249.783783
460.0 485.0 ssil -419.007812 ECHTPAAR
485.0 600.0 ec -1574.395020
600.0 660.0 x -1010.170166
660.0 695.0 t -482.390686
695.0 735.0 p -592.547424
735.0 885.0 a -1545.526611
885.0 925.0 r -629.056763
925.0 995.0 ssil -999.252075
995.0 1070.0 ssil -1024.427124 ADOPTEERT
1070.0 1165.0 ac -1123.113403
1165.0 1250.0 d -1061.900513
1250.0 1290.0 oc -514.698730
1290.0 1320.0 p -406.348541
1320.0 1420.0 t -1513.495239
1420.0 1545.0 i -1551.777954
1545.0 1620.0 r -1127.996826
1620.0 1665.0 t -616.856445
1665.0 1680.0 ssil -218.104980
1680.0 1695.0 ssil -194.960526 VOOR
1695.0 1750.0 f -715.553284
1750.0 1820.0 o -824.580444
1820.0 1835.0 ssil -195.015945
1835.0 1850.0 ssil -205.968033 VEEL
1850.0 1910.0 v -808.731873
1910.0 2020.0 e -1264.885376
2020.0 2125.0 l -1332.486938
2125.0 2140.0 ssil -225.216080
2140.0 2160.0 ssil -279.720520 GELD
2160.0 2210.0 x -700.583618
2210.0 2325.0 ec -1363.134644
2325.0 2420.0 l -1195.840698
2420.0 2460.0 ssil -573.821350
2460.0 2515.0 ssil -752.495911 EEN
2515.0 2560.0 @ -632.756104
2560.0 2610.0 n -656.085632
2610.0 2625.0 ssil -230.010803
2625.0 2645.0 ssil -274.716644 TWEEJARIG
2645.0 2735.0 t -1196.980469
2735.0 2755.0 w -238.786346
2755.0 2870.0 e -1285.848755
2870.0 2985.0 j -1237.606812
2985.0 3095.0 a -1233.202759
3095.0 3150.0 r -734.718445
3150.0 3195.0 @ -594.189514
3195.0 3210.0 x -209.350433
3210.0 3225.0 ssil -193.165955
3225.0 3285.0 ssil -923.658447 WEESJE
3285.0 3365.0 w -1029.909546
3365.0 3495.0 e -1496.785278
3495.0 3645.0 s -1881.651123
3645.0 3690.0 j -546.921570
3690.0 3725.0 @ -450.087402
3725.0 4180.0 ssil -5481.509277
.
