#!MLF!#
"/net/aistaff/aki/_same-utterance/wav/02/Limburg/9136-1459857640-1733867.rec"
0.0 300.0 ssil -2665.440674 HET
300.0 315.0 h -171.553360
315.0 330.0 ec -245.960342
330.0 345.0 t -262.109222
345.0 360.0 ssil -228.638336
360.0 560.0 ssil -2703.704834 ECHTPAAR
560.0 690.0 @ -1575.769653
690.0 705.0 x -227.905548
705.0 725.0 t -295.645386
725.0 740.0 p -211.564728
740.0 815.0 @ -971.298523
815.0 925.0 r -1327.672485
925.0 970.0 ssil -693.197754
970.0 1085.0 ssil -1505.213501 ADOPTEERT
1085.0 1560.0 ac -5913.672852
1560.0 1595.0 d -478.520477
1595.0 1610.0 oc -200.351761
1610.0 1645.0 p -455.845215
1645.0 1680.0 t -501.235809
1680.0 1765.0 i -887.520752
1765.0 1855.0 r -1095.686768
1855.0 1870.0 t -204.881622
1870.0 1885.0 ssil -193.094986
1885.0 1935.0 ssil -634.400574 VOOR
1935.0 1980.0 v -593.308655
1980.0 2035.0 o -598.424622
2035.0 2050.0 ssil -199.291000
2050.0 2085.0 ssil -434.852386 VEEL
2085.0 2130.0 v -592.614258
2130.0 2455.0 e -3910.487549
2455.0 2645.0 l -2002.395386
2645.0 2660.0 ssil -201.110550
2660.0 2675.0 ssil -204.911209 GELD
2675.0 2820.0 x -1968.330322
2820.0 2845.0 ec -331.972961
2845.0 2860.0 l -200.037979
2860.0 3025.0 ssil -2116.532715
3025.0 3120.0 ssil -1237.961426 EEN
3120.0 3170.0 @ -587.150818
3170.0 3255.0 n -1038.741699
3255.0 3270.0 ssil -206.929306
3270.0 3285.0 ssil -185.747391 TWEEJARIG
3285.0 3355.0 t -988.416138
3355.0 3440.0 w -980.464050
3440.0 3500.0 e -577.534241
3500.0 3630.0 j -1291.455688
3630.0 3715.0 a -807.162537
3715.0 3745.0 r -304.450073
3745.0 3835.0 @ -1041.303589
3835.0 3860.0 x -312.715485
3860.0 3875.0 ssil -201.369370
3875.0 3890.0 ssil -211.932724 WEESJE
3890.0 3990.0 w -1120.663818
3990.0 4140.0 e -1654.178833
4140.0 4235.0 s -1278.797974
4235.0 4295.0 j -670.842102
4295.0 4400.0 @ -1174.223999
4400.0 4690.0 ssil -3539.446289
.
