#!MLF!#
"/net/aistaff/aki/_same-utterance/wav/02/Limburg/9140-1459858569-1734573.rec"
0.0 150.0 ssil -1548.974854 HET
150.0 190.0 h -464.371033
190.0 205.0 ec -201.355804
205.0 225.0 t -266.736023
225.0 555.0 ssil -4014.830811
555.0 680.0 ssil -1660.653320 ECHTPAAR
680.0 770.0 ec -1194.189697
770.0 850.0 x -1113.737915
850.0 880.0 t -407.773926
880.0 985.0 p -1381.293701
985.0 1115.0 a -1521.099243
1115.0 1155.0 r -588.203308
1155.0 1200.0 ssil -675.258362
1200.0 1270.0 ssil -1088.702881 ADOPTEERT
1270.0 1330.0 ac -991.060181
1330.0 1365.0 d -537.289062
1365.0 1440.0 oc -954.926025
1440.0 1495.0 p -817.149414
1495.0 1540.0 t -637.811340
1540.0 1660.0 i -1345.839478
1660.0 1720.0 r -844.233459
1720.0 1780.0 t -804.086914
1780.0 1795.0 ssil -171.174088
1795.0 1835.0 ssil -439.311493 VOOR
1835.0 1880.0 v -573.809448
1880.0 1940.0 o -689.994080
1940.0 1955.0 ssil -191.809464
1955.0 1970.0 ssil -176.932449 VEEL
1970.0 2020.0 v -599.045288
2020.0 2110.0 e -1069.364746
2110.0 2210.0 l -1214.759155
2210.0 2230.0 ssil -303.394379
2230.0 2255.0 ssil -312.482513 GELD
2255.0 2270.0 x -226.882126
2270.0 2360.0 ec -1105.743530
2360.0 2530.0 l -2044.600098
2530.0 2590.0 t -858.815552
2590.0 2615.0 ssil -387.814819
2615.0 2630.0 ssil -222.356323 EEN
2630.0 2715.0 @ -1166.535767
2715.0 2750.0 n -454.820465
2750.0 2765.0 ssil -199.736481
2765.0 2785.0 ssil -271.935272 TWEEJARIG
2785.0 2900.0 t -1599.783691
2900.0 2920.0 w -243.447601
2920.0 3075.0 e -1629.057861
3075.0 3130.0 j -604.846069
3130.0 3250.0 a -1231.804810
3250.0 3270.0 r -240.506622
3270.0 3315.0 @ -583.611633
3315.0 3335.0 x -289.190155
3335.0 3365.0 ssil -450.997223
3365.0 3410.0 ssil -621.452881 WEESJE
3410.0 3455.0 w -533.891357
3455.0 3580.0 e -1377.757324
3580.0 3735.0 s -2025.115356
3735.0 3760.0 j -335.039124
3760.0 3785.0 @ -341.834320
3785.0 4110.0 ssil -3840.092529
.
