#!MLF!#
"/net/aistaff/aki/_same-utterance/wav/02/Limburg/9144-1459863276-1736634.rec"
0.0 395.0 ssil -3880.120850 HET
395.0 495.0 h -1216.318237
495.0 545.0 ec -608.321777
545.0 565.0 t -282.110291
565.0 585.0 ssil -275.404480
585.0 620.0 ssil -537.793640 ECHTPAAR
620.0 770.0 ec -1939.655884
770.0 915.0 x -2013.134033
915.0 930.0 t -210.752640
930.0 975.0 p -619.969177
975.0 1250.0 a -2966.115723
1250.0 1265.0 ssil -228.378433
1265.0 1280.0 ssil -211.938171 ADOPTEERT
1280.0 1340.0 @ -753.759094
1340.0 1355.0 d -194.250885
1355.0 1370.0 oc -222.140549
1370.0 1460.0 p -1367.708008
1460.0 1520.0 t -924.060425
1520.0 1670.0 @ -1836.864136
1670.0 1700.0 r -437.664032
1700.0 1750.0 t -704.222046
1750.0 1770.0 ssil -247.993301
1770.0 1785.0 ssil -168.806839 VOOR
1785.0 1875.0 f -1077.419189
1875.0 1920.0 o -506.298401
1920.0 1940.0 r -239.493546
1940.0 1955.0 ssil -201.029846
1955.0 1990.0 ssil -433.928253 VEEL
1990.0 2060.0 f -953.604980
2060.0 2095.0 e -419.064667
2095.0 2215.0 l -1401.006348
2215.0 2230.0 ssil -187.111542
2230.0 2245.0 ssil -187.431686 GELD
2245.0 2265.0 x -277.343384
2265.0 2385.0 ec -1400.491943
2385.0 2435.0 l -623.040894
2435.0 2480.0 ssil -639.096191
2480.0 2525.0 ssil -613.322510 EEN
2525.0 2580.0 @ -632.987793
2580.0 2660.0 n -943.339539
2660.0 2675.0 ssil -219.313583
2675.0 2690.0 ssil -217.550247 TWEEJARIG
2690.0 2790.0 t -1343.314331
2790.0 2825.0 w -439.453522
2825.0 2960.0 e -1346.416260
2960.0 3020.0 j -649.377686
3020.0 3105.0 a -856.404480
3105.0 3130.0 r -291.478729
3130.0 3180.0 @ -607.451782
3180.0 3195.0 x -223.901245
3195.0 3235.0 ssil -561.293213
3235.0 3270.0 ssil -497.211365 WEESJE
3270.0 3285.0 w -198.200912
3285.0 3440.0 e -1717.842041
3440.0 3555.0 s -1508.702148
3555.0 3570.0 j -216.621979
3570.0 3585.0 @ -213.147461
3585.0 4110.0 ssil -6565.803223
.
