#!MLF!#
"/net/aistaff/aki/_same-utterance/wav/02/Limburg/9157-1459872114-1738481.rec"
0.0 80.0 ssil -808.741638 HET
80.0 95.0 h -222.778427
95.0 110.0 ec -220.946198
110.0 125.0 t -225.052307
125.0 580.0 ssil -6270.855957
580.0 685.0 ssil -1570.284790 ECHTPAAR
685.0 830.0 ec -1939.381348
830.0 885.0 x -768.563110
885.0 975.0 t -1156.137207
975.0 1050.0 p -991.205933
1050.0 1285.0 a -2639.505371
1285.0 1305.0 ssil -318.286133
1305.0 1370.0 ssil -1060.634399 ADOPTEERT
1370.0 1445.0 @ -1032.555298
1445.0 1480.0 d -532.771973
1480.0 1550.0 oc -926.830383
1550.0 1645.0 p -1151.502563
1645.0 1710.0 t -875.286316
1710.0 1895.0 @ -2151.841553
1895.0 1920.0 r -372.072968
1920.0 2020.0 t -1331.056641
2020.0 2035.0 ssil -192.326019
2035.0 2055.0 ssil -249.810806 VOOR
2055.0 2130.0 v -957.528748
2130.0 2185.0 o -648.839844
2185.0 2200.0 ssil -210.788971
2200.0 2215.0 ssil -231.091629 VEEL
2215.0 2350.0 v -1693.247314
2350.0 2455.0 e -1309.164551
2455.0 2565.0 l -1389.500732
2565.0 2590.0 ssil -345.861603
2590.0 2620.0 ssil -430.431885 GELD
2620.0 2665.0 x -686.309265
2665.0 2795.0 ec -1521.643677
2795.0 2965.0 l -2081.854004
2965.0 3085.0 t -1601.139038
3085.0 3100.0 ssil -242.287506
3100.0 3120.0 ssil -332.509613 EEN
3120.0 3225.0 n -1434.831055
3225.0 3255.0 ssil -453.397247
3255.0 3325.0 ssil -930.549133 TWEEJARIG
3325.0 3340.0 t -181.254257
3340.0 3365.0 w -338.103607
3365.0 3515.0 e -1632.366821
3515.0 3615.0 j -1222.556396
3615.0 3720.0 a -1473.909912
3720.0 3750.0 r -457.437256
3750.0 3855.0 @ -1345.275024
3855.0 3870.0 x -228.653473
3870.0 3885.0 ssil -207.897720
3885.0 3905.0 ssil -280.950897 WEESJE
3905.0 3965.0 w -677.101624
3965.0 4120.0 e -1747.080933
4120.0 4275.0 s -1863.187988
4275.0 4320.0 j -509.736420
4320.0 4490.0 @ -2010.089233
4490.0 4830.0 ssil -3743.008301
.
