#!MLF!#
"/net/aistaff/aki/_same-utterance/wav/02/Limburg/9164-1459875531-1739632.rec"
0.0 750.0 ssil -8836.541992 HET
750.0 810.0 h -844.647522
810.0 920.0 ec -1478.462524
920.0 980.0 t -849.498413
980.0 995.0 ssil -221.354843
995.0 1065.0 ssil -926.014404 ECHTPAAR
1065.0 1155.0 ec -1252.958130
1155.0 1250.0 x -1226.181274
1250.0 1295.0 t -583.258179
1295.0 1390.0 p -1255.346924
1390.0 1555.0 a -2025.663818
1555.0 1635.0 r -1119.311768
1635.0 1650.0 ssil -211.829163
1650.0 1700.0 ssil -729.484497 ADOPTEERT
1700.0 1760.0 ac -848.896423
1760.0 1800.0 d -600.193970
1800.0 1865.0 oc -919.397705
1865.0 1935.0 p -922.158997
1935.0 1995.0 t -838.444397
1995.0 2085.0 i -1025.593506
2085.0 2165.0 r -1166.347534
2165.0 2240.0 t -1051.450073
2240.0 2255.0 ssil -202.381805
2255.0 2270.0 ssil -214.297745 VOOR
2270.0 2300.0 v -406.415955
2300.0 2390.0 o -1140.122559
2390.0 2405.0 ssil -175.519180
2405.0 2460.0 ssil -643.667725 VEEL
2460.0 2510.0 v -596.058594
2510.0 2580.0 e -774.342041
2580.0 2735.0 l -1903.500610
2735.0 2755.0 ssil -309.731018
2755.0 2770.0 ssil -221.891098 GELD
2770.0 2805.0 x -519.166138
2805.0 2870.0 ec -766.002502
2870.0 3030.0 l -1839.589233
3030.0 3100.0 t -1024.426392
3100.0 3170.0 ssil -906.881653
3170.0 3210.0 ssil -545.329590 EEN
3210.0 3235.0 @ -362.562256
3235.0 3280.0 n -542.518677
3280.0 3295.0 ssil -190.963135
3295.0 3310.0 ssil -215.903992 TWEEJARIG
3310.0 3435.0 t -1771.247437
3435.0 3465.0 w -352.265839
3465.0 3555.0 e -1017.333801
3555.0 3655.0 j -1171.988892
3655.0 3775.0 a -1276.770752
3775.0 3845.0 r -955.604675
3845.0 3905.0 @ -863.884460
3905.0 3930.0 x -375.596619
3930.0 3960.0 ssil -470.454498
3960.0 4005.0 ssil -698.477539 WEESJE
4005.0 4070.0 w -771.748779
4070.0 4175.0 e -1231.217041
4175.0 4325.0 s -1872.201172
4325.0 4360.0 j -462.418915
4360.0 4385.0 @ -318.746246
4385.0 5085.0 ssil -7962.208008
.
