#!MLF!#
"/net/aistaff/aki/_same-utterance/wav/02/Limburg/9179-1459903515-1742976.rec"
0.0 300.0 ssil -2236.200928 HET
300.0 315.0 h -159.567688
315.0 330.0 ec -209.680710
330.0 360.0 t -402.291718
360.0 825.0 ssil -5681.391113
825.0 905.0 ssil -1201.162598 ECHTPAAR
905.0 1035.0 ec -1780.178955
1035.0 1090.0 x -746.600342
1090.0 1140.0 t -633.934082
1140.0 1220.0 p -1048.268188
1220.0 1390.0 a -1592.266357
1390.0 1490.0 r -1327.169678
1490.0 1525.0 ssil -430.703796
1525.0 1540.0 ssil -227.703110 ADOPTEERT
1540.0 1605.0 ac -795.019531
1605.0 1620.0 d -218.234619
1620.0 1675.0 oc -731.335876
1675.0 1755.0 p -1003.001953
1755.0 1865.0 t -1462.954224
1865.0 1985.0 i -1286.091919
1985.0 2060.0 r -1061.788208
2060.0 2095.0 ssil -443.430969
2095.0 2170.0 ssil -1086.839233 VOOR
2170.0 2215.0 f -600.039124
2215.0 2280.0 o -839.942078
2280.0 2330.0 r -680.089172
2330.0 2375.0 ssil -577.514526
2375.0 2390.0 ssil -206.301880 VEEL
2390.0 2420.0 v -431.014435
2420.0 2490.0 e -754.999939
2490.0 2570.0 l -875.401611
2570.0 2785.0 ssil -2765.680664
2785.0 2810.0 ssil -349.593964 GELD
2810.0 2870.0 x -843.087036
2870.0 2950.0 ec -895.142883
2950.0 3070.0 l -1305.011841
3070.0 3105.0 ssil -536.948425
3105.0 3165.0 ssil -789.885193 EEN
3165.0 3205.0 @ -611.647095
3205.0 3245.0 n -556.569397
3245.0 3270.0 ssil -325.304016
3270.0 3285.0 ssil -173.355087 TWEEJARIG
3285.0 3390.0 t -1548.004761
3390.0 3425.0 w -406.098480
3425.0 3520.0 ic -930.153137
3520.0 3615.0 j -961.237244
3615.0 3670.0 ac -632.014893
3670.0 3740.0 r -766.263977
3740.0 3775.0 @ -445.327026
3775.0 3790.0 x -201.786087
3790.0 3815.0 ssil -324.988495
3815.0 3890.0 ssil -1108.156738 WEESJE
3890.0 3930.0 w -485.806122
3930.0 4045.0 ic -1279.331787
4045.0 4190.0 s -1854.556274
4190.0 4225.0 j -437.502686
4225.0 4250.0 @ -314.325226
4250.0 4530.0 ssil -3506.364990
.
