#!MLF!#
"/net/aistaff/aki/_same-utterance/wav/02/Limburg/9240-1460552672-1761107.rec"
0.0 535.0 ssil -4704.680664 HET
535.0 565.0 h -422.162201
565.0 740.0 ec -2339.343994
740.0 755.0 t -211.665634
755.0 790.0 ssil -463.157471
790.0 860.0 ssil -958.189453 ECHTPAAR
860.0 880.0 ec -249.455292
880.0 895.0 x -189.224426
895.0 910.0 t -209.513580
910.0 945.0 p -508.954315
945.0 1135.0 a -1865.248413
1135.0 1150.0 ssil -222.522385
1150.0 1165.0 ssil -208.213913 ADOPTEERT
1165.0 1350.0 ac -2523.612549
1350.0 1375.0 d -415.082367
1375.0 1480.0 oc -1365.246948
1480.0 1505.0 p -398.804474
1505.0 1555.0 t -693.388123
1555.0 1665.0 i -1163.661621
1665.0 1690.0 r -345.887390
1690.0 1710.0 t -269.833649
1710.0 1740.0 ssil -361.489563
1740.0 1755.0 ssil -220.752029 VOOR
1755.0 1820.0 f -811.905334
1820.0 1885.0 o -716.269226
1885.0 1920.0 ssil -437.317932
1920.0 1945.0 ssil -278.070312 VEEL
1945.0 2010.0 v -747.650330
2010.0 2055.0 e -520.325378
2055.0 2185.0 l -1671.887817
2185.0 2200.0 ssil -193.746262
2200.0 2245.0 ssil -629.177673 GELD
2245.0 2270.0 x -347.088135
2270.0 2355.0 ec -939.336548
2355.0 2495.0 l -1677.875610
2495.0 2510.0 ssil -227.751541
2510.0 2555.0 ssil -647.073547 EEN
2555.0 2640.0 @ -1110.012573
2640.0 2690.0 n -579.895752
2690.0 2705.0 ssil -205.109497
2705.0 2720.0 ssil -186.899506 TWEEJARIG
2720.0 2885.0 t -2087.596924
2885.0 2910.0 w -293.919922
2910.0 3000.0 e -845.078369
3000.0 3135.0 j -1463.102783
3135.0 3265.0 a -1325.348999
3265.0 3305.0 r -488.853760
3305.0 3355.0 @ -634.579407
3355.0 3370.0 x -191.537033
3370.0 3435.0 ssil -801.496948
3435.0 3450.0 ssil -190.201797 WEESJE
3450.0 3515.0 w -698.440186
3515.0 3705.0 e -1926.076050
3705.0 3840.0 s -1687.975952
3840.0 3915.0 j -861.776184
3915.0 4045.0 @ -1557.210449
4045.0 4110.0 ssil -695.310852
.
