#!MLF!#
"/net/aistaff/aki/_same-utterance/wav/02/Limburg/9254-1460841020-1767616.rec"
0.0 540.0 ssil -5020.423340 HET
540.0 560.0 h -300.321106
560.0 590.0 ec -457.977997
590.0 605.0 t -232.105957
605.0 620.0 ssil -220.661041
620.0 635.0 ssil -212.148865 ECHTPAAR
635.0 650.0 ec -206.309280
650.0 665.0 x -212.725632
665.0 680.0 t -249.869644
680.0 695.0 p -258.783386
695.0 815.0 a -1295.222412
815.0 890.0 r -1068.524780
890.0 905.0 ssil -234.003677
905.0 925.0 ssil -314.289978 ADOPTEERT
925.0 1065.0 ac -1728.716919
1065.0 1095.0 d -445.508545
1095.0 1170.0 oc -986.291931
1170.0 1255.0 p -1137.593872
1255.0 1305.0 t -736.224609
1305.0 1435.0 i -1476.744141
1435.0 1615.0 r -2510.909424
1615.0 1700.0 t -1214.651367
1700.0 1790.0 ssil -1154.670410
1790.0 1860.0 ssil -965.989380 VOOR
1860.0 1930.0 v -874.405029
1930.0 2025.0 o -1046.358032
2025.0 2040.0 ssil -175.484161
2040.0 2075.0 ssil -443.088074 VEEL
2075.0 2120.0 v -591.572083
2120.0 2190.0 e -805.362610
2190.0 2345.0 l -1897.451782
2345.0 2360.0 ssil -205.879242
2360.0 2375.0 ssil -200.677246 GELD
2375.0 2420.0 x -687.344360
2420.0 2495.0 ec -895.960266
2495.0 2650.0 l -1876.762451
2650.0 2725.0 t -1111.731079
2725.0 2780.0 ssil -648.181458
2780.0 2800.0 ssil -275.998444 EEN
2800.0 2875.0 @ -976.199402
2875.0 2955.0 n -875.694214
2955.0 2970.0 ssil -187.125092
2970.0 2985.0 ssil -187.084976 TWEEJARIG
2985.0 3140.0 t -1964.602905
3140.0 3185.0 w -591.085327
3185.0 3295.0 e -1112.951660
3295.0 3395.0 j -1111.052979
3395.0 3550.0 a -1606.737305
3550.0 3565.0 r -182.675217
3565.0 3590.0 @ -343.710449
3590.0 3610.0 x -285.098969
3610.0 3685.0 ssil -1035.307617
3685.0 3745.0 ssil -735.648743 WEESJE
3745.0 3785.0 w -523.761230
3785.0 3935.0 e -1901.420532
3935.0 4055.0 s -1700.213501
4055.0 4095.0 j -487.057159
4095.0 4140.0 @ -526.287354
4140.0 4505.0 ssil -4094.393311
.
