#!MLF!#
"/net/aistaff/aki/_same-utterance/wav/02/Limburg/9531-1463918457-1842027.rec"
0.0 85.0 ssil -811.213318 HET
85.0 100.0 h -164.796738
100.0 115.0 ec -245.939590
115.0 170.0 t -819.074585
170.0 660.0 ssil -6403.448242
660.0 805.0 ssil -1992.012695 ECHTPAAR
805.0 935.0 ec -1782.605957
935.0 980.0 x -676.213989
980.0 1070.0 t -1167.626587
1070.0 1120.0 p -719.317322
1120.0 1285.0 a -1706.463867
1285.0 1300.0 ssil -213.013916
1300.0 1315.0 ssil -209.498169 ADOPTEERT
1315.0 1470.0 ac -2075.896484
1470.0 1490.0 d -302.389771
1490.0 1605.0 oc -1462.960083
1605.0 1660.0 p -819.687561
1660.0 1695.0 t -485.808319
1695.0 1790.0 i -947.575256
1790.0 1835.0 r -580.511414
1835.0 1850.0 ssil -178.682190
1850.0 1985.0 ssil -1586.283569 VOOR
1985.0 2050.0 v -770.734924
2050.0 2175.0 o -1337.315430
2175.0 2190.0 ssil -209.470230
2190.0 2205.0 ssil -206.841263 VEEL
2205.0 2290.0 f -1036.719360
2290.0 2370.0 e -892.887329
2370.0 2460.0 l -1035.154785
2460.0 2490.0 ssil -392.990051
2490.0 2530.0 ssil -519.081055 GELD
2530.0 2550.0 x -312.017426
2550.0 2625.0 ec -896.714600
2625.0 2785.0 l -2114.863281
2785.0 2865.0 ssil -1097.432495
2865.0 2890.0 ssil -380.807373 EEN
2890.0 2935.0 @ -596.804932
2935.0 3010.0 n -895.186951
3010.0 3025.0 ssil -198.093674
3025.0 3040.0 ssil -192.839630 TWEEJARIG
3040.0 3130.0 t -1254.288818
3130.0 3180.0 w -551.978210
3180.0 3245.0 e -675.561279
3245.0 3365.0 j -1244.596680
3365.0 3490.0 a -1161.766602
3490.0 3535.0 r -615.757019
3535.0 3620.0 @ -980.491638
3620.0 3635.0 x -215.992279
3635.0 3650.0 ssil -212.903229
3650.0 3670.0 ssil -280.906494 WEESJE
3670.0 3765.0 w -1066.880493
3765.0 3900.0 e -1364.745728
3900.0 4035.0 s -1684.725830
4035.0 4050.0 j -189.934235
4050.0 4120.0 @ -798.798401
4120.0 4715.0 ssil -6936.560059
.
