#!MLF!#
"/net/aistaff/aki/_same-utterance/wav/02/Limburg/9726-1464120759-1886942.rec"
0.0 765.0 ssil -8968.982422 HET
765.0 820.0 h -724.554504
820.0 850.0 ec -405.031250
850.0 880.0 t -427.948822
880.0 900.0 ssil -316.108765
900.0 935.0 ssil -613.371887 ECHTPAAR
935.0 1055.0 ec -1484.112793
1055.0 1095.0 x -567.823975
1095.0 1170.0 t -1070.631470
1170.0 1250.0 p -1074.094849
1250.0 1435.0 a -1946.311157
1435.0 1450.0 ssil -226.359436
1450.0 1465.0 ssil -225.094025 ADOPTEERT
1465.0 1535.0 ac -813.502014
1535.0 1565.0 d -473.218414
1565.0 1610.0 oc -638.045959
1610.0 1665.0 p -806.327820
1665.0 1735.0 t -977.574219
1735.0 1835.0 i -1223.738159
1835.0 1880.0 r -709.508545
1880.0 1935.0 ssil -727.888000
1935.0 1985.0 ssil -607.500549 VOOR
1985.0 2025.0 v -533.610107
2025.0 2090.0 o -906.045105
2090.0 2110.0 ssil -295.463684
2110.0 2135.0 ssil -380.555603 VEEL
2135.0 2180.0 f -595.433289
2180.0 2240.0 e -694.808838
2240.0 2325.0 l -1115.960205
2325.0 2340.0 ssil -254.147919
2340.0 2370.0 ssil -457.519653 GELD
2370.0 2420.0 x -738.054138
2420.0 2480.0 ec -718.123718
2480.0 2590.0 l -1311.986450
2590.0 2620.0 ssil -425.291382
2620.0 2645.0 ssil -377.360382 EEN
2645.0 2720.0 @ -1026.600220
2720.0 2735.0 ssil -220.472168
2735.0 2755.0 ssil -291.843872 TWEEJARIG
2755.0 2850.0 t -1248.249146
2850.0 2885.0 w -441.843201
2885.0 3020.0 e -1467.212646
3020.0 3090.0 j -849.304260
3090.0 3240.0 a -1672.755249
3240.0 3275.0 r -418.424133
3275.0 3325.0 @ -705.252136
3325.0 3370.0 x -628.862915
3370.0 3410.0 ssil -520.819763
3410.0 3440.0 ssil -397.373932 WEESJE
3440.0 3465.0 w -326.897125
3465.0 3585.0 ic -1424.092896
3585.0 3750.0 s -2206.293945
3750.0 3770.0 j -271.470703
3770.0 3820.0 @ -695.416565
3820.0 4275.0 ssil -5604.370117
.
