#!MLF!#
"/net/aistaff/aki/_same-utterance/wav/09/Limburg/10241-1464791912-2190334.rec"
0.0 120.0 ssil -1227.823120 TAKT
120.0 135.0 t -235.110046
135.0 155.0 k -291.329559
155.0 970.0 ssil -9514.716797
970.0 1600.0 ssil -7212.667969 IK
1600.0 1790.0 ic -2329.668213
1790.0 1835.0 k -628.199402
1835.0 2255.0 ssil -5945.506348
2255.0 3240.0 ssil -11529.626953 REKEN
3240.0 3530.0 r -4191.149902
3530.0 3780.0 e -2958.378906
3780.0 3840.0 k -848.337463
3840.0 3905.0 @ -836.811218
3905.0 4075.0 n -1979.741577
4075.0 4215.0 ssil -1751.520386
4215.0 4880.0 ssil -7467.339355 VERWART
4880.0 4915.0 v -482.760437
4915.0 4990.0 @ -936.422974
4990.0 5050.0 r -701.354858
5050.0 5170.0 w -1497.004761
5170.0 5185.0 ac -219.313477
5185.0 5440.0 r -2898.646484
5440.0 5585.0 ssil -1862.725342
5585.0 6945.0 ssil -15356.570312 ERUDIET
6945.0 6965.0 @ -299.205048
6965.0 7150.0 r -2371.506104
7150.0 7170.0 @ -311.220917
7170.0 7210.0 d -555.732788
7210.0 7225.0 i -216.589951
7225.0 7385.0 t -2108.274658
7385.0 9115.0 ssil -20602.501953
9115.0 9430.0 ssil -4133.423340 EEN
9430.0 9485.0 @ -674.183411
9485.0 9725.0 n -2699.359375
9725.0 9740.0 ssil -184.277557
9740.0 9755.0 ssil -181.394684 BIJ
9755.0 9770.0 b -187.134277
9770.0 9785.0 ei -187.494980
9785.0 10030.0 ssil -2908.434570
.
