#!MLF!#
"/net/aistaff/aki/_same-utterance/wav/09/Limburg/10678-1464207106-1940420.rec"
0.0 320.0 ssil -2550.515869 TAKT
320.0 345.0 t -321.414734
345.0 360.0 k -227.622910
360.0 470.0 ssil -1248.771118
470.0 890.0 ssil -5218.645020 IK
890.0 1020.0 ic -1708.237793
1020.0 1065.0 k -602.586487
1065.0 1090.0 ssil -372.233490
1090.0 1105.0 ssil -213.194962 REKEN
1105.0 1140.0 r -454.229218
1140.0 1300.0 e -1777.937134
1300.0 1355.0 k -809.010132
1355.0 1445.0 @ -1079.563599
1445.0 1555.0 n -1269.154663
1555.0 3045.0 ssil -18489.437500
3045.0 4655.0 ssil -19598.767578 VERWART
4655.0 4675.0 v -298.337463
4675.0 4885.0 @ -2639.943359
4885.0 5100.0 r -2890.182861
5100.0 5250.0 w -2100.368164
5250.0 5300.0 ac -602.827515
5300.0 5530.0 r -2884.553467
5530.0 6675.0 ssil -13663.938477
6675.0 7005.0 ssil -3900.476318 ERUDIET
7005.0 7155.0 e -1778.929321
7155.0 7210.0 r -829.817993
7210.0 7360.0 y -1791.432129
7360.0 7390.0 d -410.662262
7390.0 7555.0 i -1970.727417
7555.0 7585.0 t -444.355469
7585.0 8215.0 ssil -7677.959473
8215.0 9120.0 ssil -11113.177734 EEN
9120.0 9545.0 @ -5486.699707
9545.0 9565.0 ssil -312.471924
9565.0 9905.0 ssil -4497.939941 BIJ
9905.0 9920.0 b -210.287842
9920.0 9935.0 ei -221.661285
9935.0 10080.0 ssil -1662.908203
.
