#!MLF!#
"/net/aistaff/aki/_same-utterance/wav/09/Limburg/12960-1464332570-1970347.rec"
0.0 2880.0001 ssil -36197.625000 TAKT
2880.0001 2940.0001 t -857.684631
2940.0001 3240.0001 ac -3689.422852
3240.0001 3305.0001 k -932.408203
3305.0001 3405.0001 t -1325.452271
3405.0001 3680.0001 ssil -3206.409424
3680.0 4660.0 ssil -11086.610352 IK
4660.0 4750.0 ic -1299.915161
4750.0 4775.0 k -402.456390
4775.0 4790.0 ssil -202.827179
4790.0 4810.0 ssil -269.328613 REKEN
4810.0 4845.0 r -435.283478
4845.0 5005.0 e -1869.471558
5005.0 5050.0 k -608.706360
5050.0 5085.0 @ -470.835571
5085.0 5340.0 n -2991.412598
5340.0 5800.0 ssil -5260.944824
5800.0 6640.0 ssil -9928.791016 VERWART
6640.0 6660.0 f -311.646118
6660.0 6750.0 @ -1206.362549
6750.0 6830.0 r -986.346680
6830.0 6880.0 w -723.234070
6880.0 6895.0 ac -210.374069
6895.0 7035.0 r -1492.981934
7035.0 7150.0 ssil -1465.759888
7150.0 8720.0001 ssil -17761.484375 ERUDIET
8720.0001 8845.0001 ic -1566.576172
8845.0001 8880.0001 r -456.634094
8880.0001 8995.0001 yc -1420.692139
8995.0001 9050.0001 d -712.313538
9050.0001 9190.0001 i -1724.367554
9190.0001 9250.0001 t -822.711243
9250.0001 9280.0001 ssil -413.689484
9280.0 9410.0 ssil -1587.362671 EEN
9410.0 9425.0 @ -216.893021
9425.0 9660.0 ssil -2770.975098
9660.0 9990.0 ssil -4023.441162 BIJ
9990.0 10005.0 b -230.582977
10005.0 10020.0 ei -194.879272
10020.0 10055.0 ssil -415.171570
.
