#!MLF!#
"/net/aistaff/aki/_same-utterance/wav/09/Limburg/16207-1464421803-2078786.rec"
0.0 625.0 ssil -6534.650879 TAKT
625.0 670.0 t -726.052002
670.0 850.0 ac -2548.591309
850.0 935.0 k -1367.294067
935.0 1095.0 t -2441.041016
1095.0 1175.0 ssil -973.842590
1175.0 1420.0 ssil -2644.485107 IK
1420.0 1435.0 k -213.013077
1435.0 2170.0 ssil -8040.584473
2170.0 2530.0 ssil -3964.289062 REKEN
2530.0 2920.0 r -4793.499023
2920.0 3095.0 e -2072.542725
3095.0 3110.0 k -209.068405
3110.0 3635.0 ssil -5710.624023
3635.0 4480.0 ssil -9407.608398 VERWART
4480.0 4580.0 f -1270.673828
4580.0 4655.0 ec -806.151428
4655.0 4670.0 r -207.339233
4670.0 4755.0 w -947.208862
4755.0 4885.0 ac -1665.558105
4885.0 4970.0 r -1167.556641
4970.0 5110.0 t -1850.395752
5110.0 6560.0001 ssil -16394.263672
6560.0 6680.0 ssil -2018.543335 ERUDIET
6680.0 6885.0 e -2433.183594
6885.0 6900.0 r -210.023697
6900.0 6925.0 y -311.035278
6925.0 6990.0 d -925.069458
6990.0 7025.0 i -451.519989
7025.0 7040.0 t -249.035614
7040.0 7055.0 ssil -229.914948
7055.0 7070.0 ssil -227.136887 EEN
7070.0 7180.0 @ -1294.269531
7180.0 7615.0 ssil -4664.064941
7615.0 7720.0 ssil -1138.016479 BIJ
7720.0 8675.0 b -11216.337891
8675.0 9135.0 ei -6374.352539
9135.0 9685.0 ssil -6458.529785
.
