#!MLF!#
"/net/aistaff/aki/_same-utterance/wav/09/Limburg/16222-1464606149-2144955.rec"
0.0 165.0 ssil -1480.841553 TAKT
165.0 200.0 t -496.055573
200.0 220.0 k -276.973785
220.0 235.0 ssil -187.855728
235.0 805.0 ssil -6191.193359 IK
805.0 830.0 k -394.562958
830.0 850.0 ssil -336.008514
850.0 895.0 ssil -658.567810 REKEN
895.0 990.0 r -1264.024536
990.0 1005.0 e -204.480469
1005.0 1020.0 g -219.480469
1020.0 1240.0 ssil -3148.687744
1240.0 2710.0 ssil -16416.019531 VERWART
2710.0 2750.0 v -514.386353
2750.0 2765.0 @ -197.897339
2765.0 2830.0 r -739.861023
2830.0 2940.0 w -1405.196533
2940.0 3070.0 ac -1523.008667
3070.0 3245.0 r -2203.318359
3245.0 3295.0 t -695.936340
3295.0 3480.0 ssil -2180.082031
3480.0 4765.0 ssil -14348.113281 ERUDIET
4765.0 4885.0 e -1204.195557
4885.0 5020.0 r -1645.051270
5020.0 5075.0 y -748.506836
5075.0 5105.0 d -491.466309
5105.0 5255.0 i -1790.343384
5255.0 5270.0 t -219.542206
5270.0 5335.0 ssil -794.781982
5335.0 6630.0 ssil -14875.145508 EEN
6630.0 7315.0 @ -8435.933594
7315.0 7450.0 ssil -1547.066772
7450.0 8665.0 ssil -14235.711914 BIJ
8665.0 8690.0 b -403.751678
8690.0 9230.0001 ei -6476.149414
9230.0001 10030.0001 ssil -9061.974609
.
