#!MLF!#
"/net/aistaff/aki/_same-utterance/wav/09/Limburg/16938-1469366810-2410974.rec"
0.0 120.0 ssil -1329.327271 TAKT
120.0 135.0 t -259.962402
135.0 170.0 @ -542.683655
170.0 185.0 k -237.854141
185.0 395.0 ssil -2591.692871
395.0 710.0 ssil -3757.660889 IK
710.0 1125.0 ic -5429.241211
1125.0 1175.0 k -722.168091
1175.0 1420.0 ssil -3020.980957
1420.0 2685.0 ssil -14521.079102 REKEN
2685.0 2700.0 r -249.292892
2700.0 2990.0 e -3289.080811
2990.0 3040.0 g -729.675232
3040.0 3320.0 @ -3443.428955
3320.0 4979.9999 ssil -19320.205078
4980.0 6640.0 ssil -19727.335938 VERWART
6640.0 6655.0 v -183.564026
6655.0 6670.0 @ -215.558731
6670.0 6700.0 r -517.973267
6700.0 6720.0 w -276.376465
6720.0 6905.0 ac -2575.517578
6905.0 6955.0 r -588.338379
6955.0 7015.0 t -795.335876
7015.0 7565.0 ssil -6446.467773
7565.0 8615.0 ssil -11891.043945 ERUDIET
8615.0 8809.9999 ic -2265.069824
8809.9999 8924.9999 r -1365.951416
8924.9999 8974.9999 yc -604.657104
8974.9999 9050.0 d -1032.958496
9050.0 9209.9999 i -2057.694580
9209.9999 9244.9999 t -482.488953
9244.9999 9259.9999 ssil -198.131058
9260.0 9275.0 ssil -195.580429 EEN
9275.0 9295.0 @ -258.748779
9295.0 9465.0 ssil -2076.901367
9465.0 9630.0 ssil -1939.431396 BIJ
9630.0 9645.0 b -194.815704
9645.0 9660.0 ei -213.659607
9660.0 9870.0 ssil -2416.082520
.
