#!MLF!#
"/net/aistaff/aki/_same-utterance/wav/09/Limburg/1987-1449753374-567702.rec"
0.0 160.0 ssil -1470.526611 TAKT
160.0 190.0 t -442.590851
190.0 210.0 k -283.439331
210.0 650.0 ssil -4952.939453
650.0 800.0 ssil -1757.121094 IK
800.0 1455.0 ic -8582.979492
1455.0 1610.0 k -2140.708984
1610.0 3125.0 ssil -17475.732422
3125.0 3145.0 ssil -309.666718 REKEN
3145.0 3340.0 r -2376.209717
3340.0 3620.0 e -3308.309814
3620.0 3635.0 g -196.998093
3635.0 4295.0 ssil -7365.445801
4295.0 4750.0 ssil -5238.095215 VERWART
4750.0 4885.0 f -1513.496094
4885.0 4995.0 ec -1295.262207
4995.0 5050.0 r -728.526855
5050.0 5160.0 w -1306.152710
5160.0 5300.0 ac -1751.197510
5300.0 5430.0 r -1654.941040
5430.0 5660.0 t -2921.875000
5660.0 6910.0 ssil -14355.397461
6910.0 8930.0 ssil -24163.349609 ERUDIET
8930.0 9245.0 e -3423.823975
9245.0 9260.0 r -221.751099
9260.0 9275.0 y -209.245316
9275.0 9290.0 d -201.823883
9290.0 9310.0 i -284.279846
9310.0 9335.0 t -417.283264
9335.0 9350.0 ssil -245.132950
9350.0 9365.0 ssil -259.420135 EEN
9365.0 9455.0 @ -1106.351440
9455.0 9665.0 n -2125.132568
9665.0 9845.0 ssil -2024.764038
9845.0 9880.0 ssil -390.881348 BIJ
9880.0 9895.0 b -192.509109
9895.0 9925.0 ei -350.379852
9925.0 10030.0 ssil -1166.329956
.
