#!MLF!#
"/net/aistaff/aki/_same-utterance/wav/09/Limburg/2526-1449833506-587382.rec"
0.0 15.0 ssil -150.030991 TAKT
15.0 30.0 t -198.603378
30.0 110.0 @ -751.755066
110.0 125.0 k -218.646317
125.0 285.0 ssil -1994.121826
285.0 790.0 ssil -6278.175293 IK
790.0 930.0 ic -1935.672974
930.0 945.0 k -219.428909
945.0 960.0 ssil -207.920532
960.0 975.0 ssil -200.175781 REKEN
975.0 1050.0 r -1085.659912
1050.0 1275.0 e -2826.619873
1275.0 1315.0 k -583.232605
1315.0 1380.0 @ -922.371765
1380.0 1785.0 n -5137.648926
1785.0 2350.0 ssil -6930.648926
2350.0 2985.0 ssil -8115.466309 VERWART
2985.0 3005.0 v -355.503632
3005.0 3380.0 ec -4830.788574
3380.0 3410.0 r -365.623596
3410.0 3605.0 w -2228.107422
3605.0 3620.0 ac -189.290009
3620.0 3635.0 r -177.514023
3635.0 3855.0 ssil -2460.517090
3855.0 4950.0 ssil -12619.261719 ERUDIET
4950.0 5095.0 e -1881.033936
5095.0 5185.0 r -1265.860352
5185.0 5275.0 y -1292.269653
5275.0 5310.0 d -521.035156
5310.0 5500.0 i -2386.496094
5500.0 5565.0 t -937.141846
5565.0 5810.0 ssil -3054.710938
5810.0 6750.0 ssil -10898.184570 EEN
6750.0 7175.0 @ -5617.772949
7175.0 7320.0 ssil -1960.899292
7320.0 8790.0 ssil -17364.777344 BIJ
8790.0 8805.0 b -236.544510
8805.0 8840.0 ei -458.546234
8840.0 10030.0001 ssil -14446.776367
.
