#!MLF!#
"/net/aistaff/aki/_same-utterance/wav/09/Limburg/2720-1449362794-327351.rec"
0.0 75.0 ssil -838.824951 TAKT
75.0 90.0 t -230.809006
90.0 105.0 k -226.484879
105.0 550.0 ssil -5103.665039
550.0 955.0 ssil -4652.550781 IK
955.0 1095.0 ic -1835.086182
1095.0 1145.0 k -799.800842
1145.0 1160.0 ssil -238.136353
1160.0 1185.0 ssil -358.028717 REKEN
1185.0 1240.0 r -779.396545
1240.0 1355.0 e -1462.676636
1355.0 1445.0 g -1393.892090
1445.0 1510.0 @ -858.465332
1510.0 1730.0 n -2699.228271
1730.0 2630.0 ssil -10147.172852
2630.0 2705.0 ssil -957.231079 VERWART
2705.0 2755.0 v -652.254211
2755.0 2850.0 ec -988.073792
2850.0 2865.0 r -187.163223
2865.0 3020.0 w -1751.966797
3020.0 3070.0 ac -706.850342
3070.0 3240.0 r -2299.039307
3240.0 3360.0 t -1724.874878
3360.0 5294.9999 ssil -23665.570312
5295.0 8685.0001 ssil -40191.312500 ERUDIET
8685.0001 8775.0001 e -1094.449951
8775.0001 8790.0001 r -193.643311
8790.0001 8960.0001 y -2078.979248
8960.0001 9000.0001 d -656.918945
9000.0001 9160.0001 i -1952.363770
9160.0001 9365.0001 t -2738.105957
9365.0001 9470.0001 ssil -1190.108887
9470.0 9540.0 ssil -787.159912 EEN
9540.0 9690.0 @ -1652.622070
9690.0 9710.0 ssil -260.103973
9710.0 9805.0 ssil -1128.541138 BIJ
9805.0 9820.0 b -199.241211
9820.0 9840.0 ei -253.612579
9840.0 10030.0 ssil -2105.649658
.
