#!MLF!#
"/net/aistaff/aki/_same-utterance/wav/09/Limburg/2981-1449947490-622544.rec"
0.0 15.0 ssil -164.459778 TAKT
15.0 30.0 t -216.339737
30.0 335.0 @ -2797.705322
335.0 350.0 k -216.739014
350.0 830.0 ssil -5660.884277
830.0 1420.0 ssil -7397.402344 IK
1420.0 1480.0 k -939.409302
1480.0 1585.0 ssil -1537.715332
1585.0 2835.0 ssil -14137.203125 REKEN
2835.0 2850.0 r -186.442688
2850.0 2865.0 e -184.308868
2865.0 2910.0 k -644.286804
2910.0 2955.0 @ -680.984680
2955.0 3105.0 n -1611.586670
3105.0 3120.0 ssil -200.720200
3120.0 3135.0 ssil -222.135544 VERWART
3135.0 3150.0 v -239.423172
3150.0 3365.0 ec -2359.607910
3365.0 3415.0 r -681.128967
3415.0 3430.0 w -232.578400
3430.0 3445.0 ac -210.027161
3445.0 3485.0 r -468.281647
3485.0 4635.0 ssil -12592.736328
4635.0 5545.0 ssil -10240.291992 ERUDIET
5545.0 5685.0 e -1670.096436
5685.0 5785.0 r -1556.774048
5785.0 5920.0 y -1747.321411
5920.0 5980.0 d -953.834717
5980.0 6135.0 i -1962.883789
6135.0 6210.0 t -1124.539917
6210.0 7415.0001 ssil -14425.613281
7415.0 7500.0 ssil -1211.933594 EEN
7500.0 7875.0 @ -5460.886719
7875.0 8120.0 n -2797.706055
8120.0 9490.0 ssil -16350.787109
9490.0 9790.0 ssil -4308.767090 BIJ
9790.0 9805.0 b -223.644119
9805.0 9825.0 ei -260.181580
9825.0 10010.0 ssil -2006.217285
.
