#!MLF!#
"/net/aistaff/aki/_same-utterance/wav/09/Limburg/3178-1449510605-440378.rec"
0.0 145.0 ssil -1497.345581 TAKT
145.0 160.0 t -247.961060
160.0 175.0 k -222.946106
175.0 890.0 ssil -8612.714844
890.0 1155.0 ssil -3150.227051 IK
1155.0 1220.0 k -984.300781
1220.0 1245.0 ssil -352.181427
1245.0 1275.0 ssil -445.404938 REKEN
1275.0 1815.0 r -7110.324707
1815.0 1830.0 e -249.107666
1830.0 1990.0 k -2307.964600
1990.0 3400.0 ssil -17284.771484
3400.0 5365.0 ssil -23613.488281 VERWART
5365.0 5380.0 v -267.304321
5380.0 5620.0 ec -2896.562256
5620.0 5670.0 r -708.752625
5670.0 5695.0 w -366.801788
5695.0 5715.0 ac -270.650085
5715.0 5750.0 r -433.855682
5750.0 6810.0 ssil -12241.250000
6810.0 7080.0 ssil -3425.438477 ERUDIET
7080.0 7225.0 e -1627.458862
7225.0 7255.0 r -426.874542
7255.0 7375.0 y -1430.127075
7375.0 7435.0 d -890.966980
7435.0 7625.0 i -2399.691406
7625.0 7725.0 t -1357.758667
7725.0 8765.0 ssil -11894.170898
8765.0 9015.0 ssil -3031.923828 EEN
9015.0 9125.0 @ -1673.249756
9125.0 9170.0 ssil -707.521973
9170.0 9230.0 ssil -851.342407 BIJ
9230.0 9255.0 b -390.930969
9255.0 9680.0 ei -5202.430176
9680.0 10030.0 ssil -4297.445312
.
