#!MLF!#
"/net/aistaff/aki/_same-utterance/wav/09/Limburg/4502-1450731730-757458.rec"
0.0 1080.0 ssil -13355.325195 TAKT
1080.0 1110.0 t -495.572510
1110.0 1510.0 @ -5028.270508
1510.0 1545.0 k -438.032928
1545.0 1625.0 ssil -1110.822632
1625.0 2730.0 ssil -12692.589844 IK
2730.0 2840.0 ic -1566.729614
2840.0 2890.0 k -685.821594
2890.0 2920.0 ssil -376.400818
2920.0 2935.0 ssil -207.398285 REKEN
2935.0 2990.0 r -784.361389
2990.0 3180.0 e -2528.530029
3180.0 3235.0 k -857.744812
3235.0 3320.0 @ -1134.137817
3320.0 3520.0 n -2536.588623
3520.0 4440.0 ssil -10630.739258
4440.0 4890.0 ssil -5101.498535 VERWART
4890.0 4905.0 f -187.481049
4905.0 4920.0 @ -208.399292
4920.0 4950.0 r -474.852203
4950.0 4965.0 w -216.496338
4965.0 5085.0 ac -1578.458252
5085.0 5195.0 r -1519.401123
5195.0 5245.0 ssil -669.727112
5245.0 6955.0 ssil -21581.314453 ERUDIET
6955.0 7075.0 e -1525.458862
7075.0 7110.0 r -559.784668
7110.0 7295.0 y -2329.019287
7295.0 7340.0 d -696.278015
7340.0 7475.0 i -1828.680176
7475.0 7560.0 t -1156.803589
7560.0 7625.0 ssil -985.734375
7625.0 8900.0 ssil -15287.007812 EEN
8900.0 9050.0 @ -1962.064209
9050.0 9100.0 n -655.287292
9100.0 9255.0 ssil -2333.782227
9255.0 9485.0 ssil -3411.381104 BIJ
9485.0 9510.0 b -358.976135
9510.0 9540.0 ei -372.423492
9540.0 10030.0 ssil -5588.765625
.
