#!MLF!#
"/net/aistaff/aki/_same-utterance/wav/09/Limburg/4642-1450788217-762503.rec"
0.0 15.0 ssil -140.123718 TAKT
15.0 30.0 t -188.772217
30.0 335.0 @ -2518.475830
335.0 350.0 k -222.297806
350.0 590.0 ssil -2928.682861
590.0 1095.0 ssil -6059.415039 IK
1095.0 1615.0 ic -6907.671387
1615.0 1780.0 k -1999.894287
1780.0 2900.0 ssil -13982.698242
2900.0 3040.0 ssil -1852.229980 REKEN
3040.0 3090.0 r -716.290161
3090.0 3465.0 e -4270.835449
3465.0 3505.0 g -520.874634
3505.0 4635.0 ssil -12806.473633
4635.0 4745.0 ssil -1206.042969 VERWART
4745.0 4770.0 f -385.593140
4770.0 4825.0 @ -877.653320
4825.0 4845.0 r -321.182404
4845.0 4860.0 w -227.714081
4860.0 4965.0 ac -1409.633057
4965.0 5000.0 r -427.846283
5000.0 5135.0 t -1782.617065
5135.0 5190.0 ssil -731.209961
5190.0 6675.0 ssil -16806.984375 ERUDIET
6675.0 6835.0 ic -2279.822754
6835.0 6995.0 r -2260.949219
6995.0 7040.0 yc -549.743469
7040.0 7070.0 d -427.213623
7070.0 7230.0 i -1971.538452
7230.0 7245.0 t -223.675095
7245.0 7260.0 ssil -231.067795
7260.0 7275.0 ssil -225.987976 EEN
7275.0 7350.0 @ -937.491394
7350.0 7590.0 n -2664.345215
7590.0 8990.0 ssil -16675.447266
8990.0 9360.0 ssil -5030.424805 BIJ
9360.0 9375.0 b -206.939667
9375.0 9390.0 ei -181.250320
9390.0 9890.0 ssil -5457.967285
.
