#!MLF!#
"/net/aistaff/aki/_same-utterance/wav/09/Limburg/4777-1451482079-825841.rec"
0.0 195.0 ssil -2014.008057 TAKT
195.0 210.0 t -221.674194
210.0 225.0 k -209.683777
225.0 770.0 ssil -6142.569336
770.0 910.0 ssil -1850.493164 IK
910.0 1025.0 ic -1587.193115
1025.0 1105.0 k -1084.752319
1105.0 1125.0 ssil -282.535156
1125.0 1140.0 ssil -198.050812 REKEN
1140.0 1185.0 r -591.626343
1185.0 1365.0 e -2104.764648
1365.0 1420.0 k -815.419922
1420.0 1495.0 @ -971.500854
1495.0 1685.0 n -2321.738770
1685.0 2755.0001 ssil -12350.135742
2755.0 3060.0 ssil -3946.718262 VERWART
3060.0 3075.0 v -267.040405
3075.0 3090.0 @ -214.199127
3090.0 3405.0 r -3721.511475
3405.0 3435.0 w -416.473328
3435.0 3450.0 ac -226.479797
3450.0 3495.0 r -593.038574
3495.0 4260.0 ssil -8472.717773
4260.0 4820.0 ssil -6564.001465 ERUDIET
4820.0 4950.0 e -1491.941406
4950.0 5025.0 r -1053.275879
5025.0 5060.0 y -500.603333
5060.0 5140.0 d -1163.535034
5140.0 5285.0 i -1782.630005
5285.0 5440.0 t -2162.138916
5440.0 6605.0 ssil -13451.353516
6605.0 6940.0 ssil -4192.143066 EEN
6940.0 7100.0 @ -2260.932861
7100.0 7310.0 ssil -3025.301025
7310.0 9040.0 ssil -20656.960938 BIJ
9040.0 9055.0 b -241.169830
9055.0 9070.0 ei -253.235947
9070.0 10030.0 ssil -11582.287109
.
