#!MLF!#
"/net/aistaff/aki/_same-utterance/wav/09/Limburg/6875-1454502427-1261743.rec"
0.0 590.0 ssil -6850.354492 TAKT
590.0 620.0 t -473.958679
620.0 650.0 k -458.154602
650.0 985.0 ssil -3993.255127
985.0 1195.0 ssil -3015.349609 IK
1195.0 1710.0 ic -6782.785645
1710.0 1725.0 k -211.289658
1725.0 3264.9999 ssil -20226.990234
3265.0 4860.0 ssil -19005.298828 REKEN
4860.0 4945.0 r -1217.475342
4945.0 5140.0 e -2396.595703
5140.0 5190.0 k -720.640320
5190.0 5720.0 @ -6817.537598
5720.0 6150.0 ssil -5015.150879
6150.0 6290.0 ssil -1659.041260 VERWART
6290.0 6305.0 v -207.654434
6305.0 6320.0 @ -187.150604
6320.0 6340.0 r -236.529358
6340.0 6355.0 w -179.509964
6355.0 6370.0 ac -173.312836
6370.0 6400.0 r -348.727753
6400.0 6705.0 ssil -3446.032227
6705.0 6780.0 ssil -1100.397827 ERUDIET
6780.0 6865.0 e -1134.020142
6865.0 6915.0 r -650.046448
6915.0 7000.0 y -1050.247437
7000.0 7065.0 d -949.902100
7065.0 7240.0 i -2547.470703
7240.0 7425.0 t -2583.144287
7425.0 7860.0 ssil -5035.017578
7860.0 7930.0 ssil -867.674500 EEN
7930.0 8030.0 @ -1180.406860
8030.0 8605.0 ssil -6963.496582
8605.0 8940.0 ssil -4425.823730 BIJ
8940.0 9000.0 b -907.322083
9000.0 9015.0 ei -254.584549
9015.0 10055.0 ssil -12685.839844
.
