#!MLF!#
"/net/aistaff/aki/_same-utterance/wav/09/Limburg/6969-1455101293-1410085.rec"
0.0 15.0 ssil -154.752609 TAKT
15.0 30.0 t -205.426865
30.0 320.0 @ -2469.670898
320.0 340.0 k -352.005005
340.0 760.0 ssil -5016.473145
760.0 1120.0 ssil -4942.698730 IK
1120.0 1440.0 ic -3853.650879
1440.0 1455.0 k -209.539551
1455.0 2690.0 ssil -14950.523438
2690.0 2785.0 ssil -1506.339600 REKEN
2785.0 2930.0 r -2008.364258
2930.0 3100.0 e -2249.267090
3100.0 3145.0 k -734.398193
3145.0 3180.0 @ -504.177612
3180.0 3355.0 n -2065.806396
3355.0 4695.0 ssil -16319.836914
4695.0 6450.0 ssil -21268.931641 VERWART
6450.0 6505.0 f -817.031799
6505.0 6520.0 @ -220.916504
6520.0 6600.0 r -978.362854
6600.0 6680.0 w -999.017212
6680.0 6705.0 ac -391.345642
6705.0 6945.0 r -3256.026855
6945.0 7035.0 t -1202.560181
7035.0 8180.0 ssil -13072.961914
8180.0 8520.0 ssil -4090.438232 ERUDIET
8520.0 8595.0 e -923.924194
8595.0 8610.0 r -204.040085
8610.0 8795.0 y -2344.318115
8795.0 8835.0 d -586.512024
8835.0 8995.0 i -2058.498535
8995.0 9130.0 t -1815.920776
9130.0 9170.0 ssil -508.307648
9170.0 9220.0 ssil -663.574036 EEN
9220.0 9235.0 @ -173.486343
9235.0 9250.0 ssil -186.471680
9250.0 9455.0 ssil -2324.010498 BIJ
9455.0 9470.0 b -190.024094
9470.0 9485.0 ei -184.045120
9485.0 9705.0 ssil -2310.437256
.
