#!MLF!#
"/net/aistaff/aki/_same-utterance/wav/09/Limburg/7358-1454701047-1359847.rec"
0.0 90.0 ssil -917.681030 TAKT
90.0 105.0 t -216.811539
105.0 120.0 k -215.544189
120.0 470.0 ssil -3933.073486
470.0 870.0 ssil -4593.313965 IK
870.0 1455.0 ic -8140.843262
1455.0 1485.0 k -501.061615
1485.0 3255.0 ssil -20639.435547
3255.0 5035.0 ssil -20968.027344 REKEN
5035.0 5165.0 r -1740.250610
5165.0 5340.0 e -2071.846924
5340.0 5370.0 g -380.830505
5370.0 5485.0 @ -1334.330933
5485.0 6430.0 ssil -10295.466797
6430.0 6760.0 ssil -3629.346680 VERWART
6760.0 6790.0 f -434.372223
6790.0 6850.0 @ -834.489380
6850.0 6865.0 r -216.662720
6865.0 6900.0 w -504.915802
6900.0 6915.0 ac -256.630737
6915.0 6930.0 r -225.936554
6930.0 6955.0 ssil -337.352631
6955.0 7035.0 ssil -1059.082153 ERUDIET
7035.0 7200.0 e -1935.453003
7200.0 7245.0 r -728.905334
7245.0 7380.0 y -1655.026611
7380.0 7395.0 d -201.253204
7395.0 7415.0 i -281.452759
7415.0 7440.0 t -349.657593
7440.0 7500.0 ssil -698.629456
7500.0 8910.0 ssil -16011.818359 EEN
8910.0 9000.0 @ -1071.650146
9000.0 9175.0 n -2249.820801
9175.0 9455.0 ssil -3690.673584
9455.0 9920.0 ssil -4948.472656 BIJ
9920.0 9935.0 b -194.521423
9935.0 9950.0 ei -204.912491
9950.0 10030.0 ssil -823.116394
.
