#!MLF!#
"/net/aistaff/aki/_same-utterance/wav/09/Limburg/7538-1455197507-1421229.rec"
0.0 15.0 ssil -148.821335 TAKT
15.0 30.0 t -198.973557
30.0 750.0 @ -6031.334473
750.0 765.0 k -248.230255
765.0 780.0 ssil -235.130447
780.0 830.0 ssil -674.770325 IK
830.0 940.0 ic -1464.694458
940.0 960.0 k -288.976013
960.0 975.0 ssil -221.674774
975.0 995.0 ssil -288.162476 REKEN
995.0 1010.0 r -231.237259
1010.0 1360.0 e -4371.159668
1360.0 1400.0 k -598.888428
1400.0 1530.0 @ -1676.597412
1530.0 1720.0 n -2447.140381
1720.0 3050.0 ssil -15572.970703
3050.0 4565.0 ssil -17239.619141 VERWART
4565.0 4580.0 v -235.097397
4580.0 4800.0 @ -2738.645020
4800.0 4815.0 r -202.534531
4815.0 4870.0 w -734.392273
4870.0 5110.0 ac -3102.258545
5110.0 5285.0 r -2418.669678
5285.0 5835.0 ssil -6682.733887
5835.0 6795.0 ssil -10645.072266 ERUDIET
6795.0 6950.0 e -2049.431396
6950.0 7000.0 r -756.337341
7000.0 7105.0 y -1378.639893
7105.0 7180.0 d -1070.499878
7180.0 7365.0 i -2375.639160
7365.0 7480.0 t -1711.181519
7480.0 7850.0 ssil -4264.978516
7850.0 8695.0 ssil -9748.552734 EEN
8695.0 9060.0 @ -4942.685547
9060.0 9230.0 ssil -2212.978271
9230.0 9455.0 ssil -3139.009033 BIJ
9455.0 9475.0 b -301.720520
9475.0 9490.0 ei -229.997223
9490.0 9890.0 ssil -4322.811035
.
