#!MLF!#
"/net/aistaff/aki/_same-utterance/wav/09/Limburg/8289-1457724754-1595567.rec"
0.0 15.0 ssil -151.250870 TAKT
15.0 30.0 t -202.287918
30.0 330.0 @ -2608.366699
330.0 345.0 k -209.309372
345.0 360.0 ssil -213.541428
360.0 390.0 ssil -470.097748 IK
390.0 410.0 k -321.256012
410.0 555.0 ssil -1834.301880
555.0 670.0 ssil -1372.257568 REKEN
670.0 685.0 r -265.861847
685.0 900.0 e -2765.954346
900.0 925.0 g -403.172577
925.0 1285.0 @ -4757.500000
1285.0 2715.0 ssil -16756.824219
2715.0 4555.0 ssil -21720.935547 VERWART
4555.0 4605.0 f -700.310181
4605.0 4670.0 @ -854.656067
4670.0 4685.0 r -216.397720
4685.0 4730.0 w -535.070557
4730.0 4875.0 ac -1683.119751
4875.0 4890.0 r -238.546677
4890.0 6235.0001 ssil -15878.651367
6235.0 6600.0 ssil -4612.230957 ERUDIET
6600.0 6755.0 e -1907.973511
6755.0 6830.0 r -1113.648315
6830.0 6960.0 y -1676.166748
6960.0 7020.0 d -853.864868
7020.0 7165.0 i -1918.720703
7165.0 7250.0 t -1208.271484
7250.0 8285.0 ssil -11418.268555
8285.0 8510.0 ssil -2669.745361 EEN
8510.0 8650.0 @ -2009.888672
8650.0 8685.0 ssil -558.062927
8685.0 8715.0 ssil -479.185822 BIJ
8715.0 8745.0 b -473.754211
8745.0 8970.0 ei -2693.511230
8970.0 9685.0 ssil -8522.059570
.
