#!MLF!#
"/net/aistaff/aki/_same-utterance/wav/09/Limburg/8295-1457732813-1605297.rec"
0.0 70.0 ssil -765.010315 TAKT
70.0 85.0 t -221.752655
85.0 100.0 k -200.751846
100.0 155.0 ssil -626.956665
155.0 1510.0 ssil -15183.728516 IK
1510.0 1715.0 ic -2603.215820
1715.0 1730.0 k -251.492569
1730.0 1745.0 ssil -219.048096
1745.0 1760.0 ssil -206.449661 REKEN
1760.0 1820.0 r -746.923584
1820.0 1855.0 e -455.842224
1855.0 1960.0 g -1429.028564
1960.0 2140.0 n -2220.979004
2140.0 2360.0 ssil -3022.815186
2360.0 2920.0 ssil -6374.914551 VERWART
2920.0 2945.0 f -380.689026
2945.0 3045.0 ec -1167.942139
3045.0 3205.0 r -1984.511719
3205.0 3295.0 w -1185.112671
3295.0 3440.0 ac -1889.097412
3440.0 3495.0 r -699.610596
3495.0 3725.0 ssil -2816.510254
3725.0 4845.0 ssil -12416.630859 ERUDIET
4845.0 5365.0 e -6642.509277
5365.0 5420.0 r -790.682251
5420.0 5630.0 y -2323.313232
5630.0 5680.0 d -540.923279
5680.0 5695.0 i -195.215134
5695.0 5715.0 t -251.558655
5715.0 7030.0 ssil -14829.289062
7030.0 7095.0 ssil -900.600342 EEN
7095.0 7295.0 @ -2569.537842
7295.0 7355.0 n -711.556519
7355.0 7520.0 ssil -2319.960938
7520.0 9275.0 ssil -20854.300781 BIJ
9275.0 9305.0 b -526.409607
9305.0 9320.0 ei -242.873566
9320.0 10240.0 ssil -10924.644531
.
