#!MLF!#
"/net/aistaff/aki/_same-utterance/wav/09/Limburg/8490-1459537864-1601073.rec"
0.0 1265.0 ssil -14843.982422 TAKT
1265.0 1280.0 t -225.389969
1280.0 1295.0 k -236.752243
1295.0 1330.0 ssil -497.409058
1330.0 1505.0 ssil -2274.287354 IK
1505.0 1855.0 ic -4024.787109
1855.0 1875.0 k -264.355377
1875.0 2530.0 ssil -7314.989258
2530.0 2815.0 ssil -3345.267822 REKEN
2815.0 2960.0 r -1742.697021
2960.0 2975.0 e -198.811325
2975.0 3030.0 k -815.330261
3030.0 3150.0 @ -1558.983887
3150.0 3310.0 ssil -2380.585205
3310.0 4900.0 ssil -19108.046875 VERWART
4900.0 4975.0 f -1020.229980
4975.0 5045.0 ec -813.611450
5045.0 5640.0001 r -7879.259277
5640.0001 5990.0001 w -4010.718750
5990.0001 6005.0001 ac -194.533478
6005.0001 6025.0001 r -236.696762
6025.0001 6790.0 ssil -9043.287109
6790.0 6825.0 ssil -588.732971 ERUDIET
6825.0 6970.0 e -1840.390747
6970.0 6995.0 r -397.984497
6995.0 7115.0 y -1551.362549
7115.0 7175.0 d -914.260010
7175.0 7300.0 i -1702.923706
7300.0 7425.0 t -1670.539917
7425.0 7750.0 ssil -3724.085449
7750.0 9155.0 ssil -17020.365234 EEN
9155.0 9395.0 @ -3139.044434
9395.0 9685.0 n -3481.695312
9685.0 9730.0 ssil -525.427307
9730.0 9755.0 ssil -302.500427 BIJ
9755.0 9770.0 b -199.145950
9770.0 9785.0 ei -191.583969
9785.0 10055.0 ssil -2986.070068
.
