#!MLF!#
"/net/aistaff/aki/_same-utterance/wav/09/Limburg/8595-1457961309-1645531.rec"
0.0 120.0 ssil -1185.822632 TAKT
120.0 145.0 t -374.930206
145.0 160.0 k -199.369919
160.0 895.0 ssil -8849.221680
895.0 1335.0 ssil -6184.024414 IK
1335.0 1595.0 ic -3642.805420
1595.0 1615.0 k -293.977539
1615.0 2775.0 ssil -13096.987305
2775.0 2845.0 ssil -1134.270630 REKEN
2845.0 2930.0 r -1166.227539
2930.0 3125.0 e -2651.499023
3125.0 3190.0 k -986.750671
3190.0 3210.0 @ -272.723877
3210.0 3470.0 n -3166.755371
3470.0 3520.0 ssil -746.993713
3520.0 4640.0 ssil -12436.483398 VERWART
4640.0 4715.0 f -952.053040
4715.0 4810.0 ec -1208.126221
4810.0 4885.0 r -931.222778
4885.0 4910.0 w -355.388916
4910.0 4935.0 ac -336.997589
4935.0 5090.0 r -2064.151367
5090.0 7100.0 ssil -24244.003906
7100.0 8975.0 ssil -21094.775391 ERUDIET
8975.0 9140.0 ic -2209.358643
9140.0 9175.0 r -451.712341
9175.0 9300.0 yc -1597.147339
9300.0 9385.0 d -1281.020020
9385.0 9505.0 i -1522.051880
9505.0 9520.0 t -235.229019
9520.0 9535.0 ssil -205.015701
9535.0 9570.0 ssil -493.459717 EEN
9570.0 9585.0 @ -211.928528
9585.0 9690.0 ssil -1441.613037
9690.0 9735.0 ssil -664.018311 BIJ
9735.0 9755.0 b -278.909485
9755.0 9770.0 ei -188.427643
9770.0 10030.0 ssil -2855.192139
.
