#!MLF!#
"/net/aistaff/aki/_same-utterance/wav/09/Limburg/8708-1457953504-1635007.rec"
0.0 15.0 ssil -140.587753 TAKT
15.0 30.0 t -186.134491
30.0 330.0 @ -2468.293701
330.0 350.0 k -279.434265
350.0 820.0 ssil -5567.846191
820.0 1030.0 ssil -2772.648926 IK
1030.0 1315.0 ic -3373.244873
1315.0 1335.0 k -276.419586
1335.0 1350.0 ssil -197.009079
1350.0 1365.0 ssil -214.978790 REKEN
1365.0 1560.0 r -2548.181885
1560.0 1745.0 e -2053.493896
1745.0 1760.0 g -203.828339
1760.0 2115.0 ssil -4006.487793
2115.0 2570.0 ssil -5459.016602 VERWART
2570.0 2605.0 f -429.084137
2605.0 2795.0 ec -2204.471191
2795.0 2870.0 r -916.865234
2870.0 2910.0 w -467.361847
2910.0 3035.0 ac -1413.313354
3035.0 3200.0 r -2315.562012
3200.0 3380.0 t -2276.041992
3380.0 4375.0 ssil -11905.636719
4375.0 4570.0 ssil -2466.207275 ERUDIET
4570.0 4835.0 e -2682.030273
4835.0 5290.0 r -5706.199707
5290.0 5565.0 y -3110.606445
5565.0 5590.0 d -362.386322
5590.0 5790.0 i -2323.916504
5790.0 6015.0 t -2908.364502
6015.0 6465.0 ssil -5839.836914
6465.0 6585.0 ssil -1561.585693 EEN
6585.0 6720.0 @ -1817.630005
6720.0 6925.0 ssil -2783.172607
6925.0 8625.0 ssil -21362.958984 BIJ
8625.0 8650.0 b -363.173553
8650.0 9290.0 ei -8381.511719
9290.0 9660.0 ssil -4468.302734
.
