#!MLF!#
"/net/aistaff/aki/_same-utterance/wav/09/Limburg/9006-1460798553-1765749.rec"
0.0 85.0 ssil -814.503113 TAKT
85.0 100.0 t -218.190170
100.0 115.0 k -213.281082
115.0 860.0 ssil -8399.863281
860.0 1015.0 ssil -1846.055908 IK
1015.0 1120.0 ic -1327.908569
1120.0 1180.0 k -834.485291
1180.0 1195.0 ssil -213.458130
1195.0 1215.0 ssil -302.781982 REKEN
1215.0 1370.0 r -2245.416016
1370.0 1490.0 e -1509.150513
1490.0 1535.0 k -653.926147
1535.0 1575.0 @ -585.138367
1575.0 1685.0 n -1219.594971
1685.0 3285.0 ssil -18975.498047
3285.0 4780.0 ssil -17610.750000 VERWART
4780.0 4800.0 v -306.543427
4800.0 4840.0 @ -517.596802
4840.0 4860.0 r -304.556824
4860.0 5015.0 w -1866.312622
5015.0 5030.0 ac -178.099777
5030.0 5380.0 r -4265.696289
5380.0 6564.9999 ssil -13445.634766
6565.0 6765.0 ssil -2388.393799 ERUDIET
6765.0 6785.0 @ -317.616272
6785.0 6935.0 r -1898.305786
6935.0 6985.0 @ -581.383301
6985.0 7005.0 d -285.211426
7005.0 7020.0 i -251.077881
7020.0 7075.0 t -780.115356
7075.0 7230.0 ssil -1863.099976
7230.0 8745.0 ssil -16806.326172 EEN
8745.0 8895.0 @ -2021.582642
8895.0 9095.0 ssil -2649.544189
9095.0 9215.0 ssil -1676.956177 BIJ
9215.0 9235.0 b -279.948334
9235.0 9295.0 ei -721.314758
9295.0 10030.0 ssil -8158.642090
.
