#!MLF!#
"/net/aistaff/aki/_same-utterance/wav/09/Limburg/9096-1459552281-1725764.rec"
0.0 970.0 ssil -11128.620117 TAKT
970.0 1000.0 t -453.680115
1000.0 1245.0 ac -3187.510742
1245.0 1260.0 k -243.829651
1260.0 1335.0 t -1024.127930
1335.0 2655.0001 ssil -14551.724609
2655.0 3365.0 ssil -8033.002441 IK
3365.0 3525.0 ic -2072.563477
3525.0 3540.0 k -267.744995
3540.0 3655.0 ssil -1557.571289
3655.0 3685.0 ssil -473.582153 REKEN
3685.0 3895.0 r -2494.716553
3895.0 3945.0 e -628.659485
3945.0 3960.0 g -236.255020
3960.0 4180.0 n -2652.568115
4180.0 4300.0 ssil -1326.889771
4300.0 4915.0 ssil -6553.064941 VERWART
4915.0 4945.0 f -507.300262
4945.0 5045.0 @ -1480.499634
5045.0 5060.0 r -237.285339
5060.0 5160.0 w -1243.015015
5160.0 5175.0 ac -241.921005
5175.0 5190.0 r -235.764801
5190.0 5445.0 ssil -3506.072754
5445.0 7120.0 ssil -18902.308594 ERUDIET
7120.0 7260.0 ic -1926.698853
7260.0 7300.0 r -559.908447
7300.0 7429.9999 yc -1722.654175
7429.9999 7444.9999 d -233.812515
7444.9999 7584.9999 i -1793.273926
7584.9999 7604.9999 t -311.031403
7604.9999 7619.9999 ssil -226.699615
7620.0 7635.0 ssil -247.809509 EEN
7635.0 7695.0 @ -826.672302
7695.0 7990.0 n -3309.893799
7990.0 9330.0 ssil -15762.708984
9330.0 9425.0 ssil -1362.412476 BIJ
9425.0 9445.0 b -300.425598
9445.0 9460.0 ei -217.698807
9460.0 10055.0 ssil -7059.670898
.
