#!MLF!#
"/net/aistaff/aki/_same-utterance/wav/09/Limburg/9109-1459938253-1744190.rec"
0.0 210.0 ssil -2047.417114 TAKT
210.0 230.0 t -272.913788
230.0 245.0 k -200.718567
245.0 1115.0 ssil -9425.664062
1115.0 1365.0 ssil -2794.079346 IK
1365.0 1950.0 ic -7098.899902
1950.0 1970.0 k -296.555450
1970.0 2255.0 ssil -3632.589355
2255.0 2795.0 ssil -6672.452637 REKEN
2795.0 3010.0 r -3110.115723
3010.0 3235.0 e -2840.080322
3235.0 3285.0 k -702.226440
3285.0 3325.0 @ -547.360229
3325.0 3570.0 n -2833.126221
3570.0 4755.0 ssil -13191.501953
4755.0 4785.0 ssil -372.303345 VERWART
4785.0 4830.0 f -658.251038
4830.0 4845.0 @ -221.283401
4845.0 4955.0 r -1380.454956
4955.0 5105.0 w -1789.789673
5105.0 5300.0 ac -2435.454346
5300.0 5320.0 r -270.587189
5320.0 5380.0 t -890.723389
5380.0 5455.0 ssil -969.736206
5455.0 6735.0 ssil -14618.497070 ERUDIET
6735.0 6750.0 @ -237.318436
6750.0 6950.0 r -2620.330078
6950.0 6970.0 @ -275.386475
6970.0 6985.0 d -221.036499
6985.0 7000.0 i -238.155945
7000.0 7120.0 t -1556.667969
7120.0 7515.0 ssil -4640.947266
7515.0 8745.0 ssil -14128.090820 EEN
8745.0 8775.0 @ -417.496887
8775.0 8845.0 n -835.884399
8845.0 8860.0 ssil -189.876083
8860.0 8875.0 ssil -181.385651 BIJ
8875.0 9020.0 b -1699.707275
9020.0 9385.0 ei -4536.801758
9385.0 10030.0 ssil -7124.488770
.
