#!MLF!#
"/net/aistaff/aki/_same-utterance/wav/09/Limburg/9114-1459951356-1745141.rec"
0.0 310.0 ssil -2826.640869 TAKT
310.0 330.0 t -286.280792
330.0 345.0 k -212.291916
345.0 1005.0 ssil -7978.657715
1005.0 1240.0 ssil -2785.906738 IK
1240.0 1740.0 ic -6547.009766
1740.0 1760.0 k -325.738922
1760.0 2050.0 ssil -3771.449219
2050.0 2940.0 ssil -10891.270508 REKEN
2940.0 3180.0 r -3464.592773
3180.0 3200.0 e -284.026978
3200.0 3330.0 k -1816.448608
3330.0 3610.0 ssil -3549.511475
3610.0 4555.0 ssil -10970.669922 VERWART
4555.0 4640.0 f -1136.449463
4640.0 4655.0 @ -206.756287
4655.0 4790.0 r -1547.998047
4790.0 4870.0 w -994.490784
4870.0 4960.0 ac -1052.361938
4960.0 5130.0 r -2299.285400
5130.0 5240.0 t -1426.818481
5240.0 5825.0 ssil -6925.603516
5825.0 6595.0 ssil -9319.479492 ERUDIET
6595.0 6825.0 e -3016.834473
6825.0 7195.0 r -5087.890625
7195.0 7490.0 y -3356.319824
7490.0 7625.0 d -1842.618286
7625.0 7650.0 i -336.969055
7650.0 7945.0 t -4032.380371
7945.0 8180.0 ssil -2955.153564
8180.0 8700.0 ssil -6558.974121 EEN
8700.0 8825.0 @ -1395.186523
8825.0 9120.0 n -3453.905518
9120.0 9135.0 ssil -211.291962
9135.0 9150.0 ssil -205.567154 BIJ
9150.0 9285.0 b -1650.714966
9285.0 9745.0 ei -5316.750977
9745.0 9915.0 ssil -2232.546387
.
