#!MLF!#
"/net/aistaff/aki/_same-utterance/wav/09/Limburg/9122-1459855459-1732484.rec"
0.0 15.0 ssil -148.807526 TAKT
15.0 30.0 t -200.027359
30.0 330.0 @ -2498.026611
330.0 345.0 k -208.900421
345.0 600.0 ssil -3150.399414
600.0 990.0 ssil -4693.123535 IK
990.0 1070.0 ic -1158.201782
1070.0 1125.0 k -833.495972
1125.0 1195.0 ssil -1064.106689
1195.0 1265.0 ssil -926.300476 REKEN
1265.0 1320.0 r -785.487671
1320.0 1450.0 e -1679.405029
1450.0 1515.0 k -995.100647
1515.0 1570.0 @ -751.308411
1570.0 1760.0 n -2279.807129
1760.0 3140.0 ssil -16881.726562
3140.0 4870.0 ssil -19788.193359 VERWART
4870.0 5015.0 f -1890.721191
5015.0 5055.0 @ -496.990540
5055.0 5090.0 r -452.092377
5090.0 5225.0 w -1887.518188
5225.0 5390.0 ac -2335.749512
5390.0 5485.0 r -1381.614380
5485.0 5620.0 t -1788.347656
5620.0 6780.0 ssil -13092.286133
6780.0 7090.0 ssil -3767.177979 ERUDIET
7090.0 7185.0 @ -1485.245850
7185.0 7355.0 r -2354.455078
7355.0 7475.0 @ -1560.347656
7475.0 7490.0 d -219.814941
7490.0 7730.0 i -3012.432129
7730.0 7755.0 t -387.213196
7755.0 7820.0 ssil -789.544861
7820.0 9365.0 ssil -17060.988281 EEN
9365.0 9590.0 @ -3531.687012
9590.0 9730.0 n -2054.119385
9730.0 9745.0 ssil -250.191208
9745.0 9760.0 ssil -232.146255 BIJ
9760.0 9775.0 b -216.347031
9775.0 9800.0 ei -406.518066
9800.0 9845.0 ssil -692.988770
.
