#!MLF!#
"/net/aistaff/aki/_same-utterance/wav/09/Limburg/9128-1459887450-1741459.rec"
0.0 830.0 ssil -9642.013672 TAKT
830.0 875.0 t -677.652893
875.0 1055.0 ac -2681.633789
1055.0 1085.0 k -509.829010
1085.0 1210.0 t -1816.191040
1210.0 2620.0 ssil -15939.466797
2620.0 2745.0 ssil -1566.394531 IK
2745.0 3020.0 ic -3491.580566
3020.0 3080.0 k -970.720581
3080.0 3220.0 ssil -1979.178589
3220.0 4950.0 ssil -19999.271484 REKEN
4950.0 5110.0 r -2063.448975
5110.0 5295.0 e -2354.350098
5295.0 5310.0 g -201.115234
5310.0 5345.0 @ -395.179840
5345.0 6500.0 ssil -13008.396484
6500.0 6700.0 ssil -2350.188965 VERWART
6700.0 6750.0 f -674.242554
6750.0 6835.0 ec -996.427063
6835.0 6865.0 r -436.229187
6865.0 6920.0 w -633.175598
6920.0 7120.0 ac -2428.979004
7120.0 7140.0 r -270.777924
7140.0 7280.0 t -1968.708862
7280.0 8540.0 ssil -13978.449219
8540.0 8680.0 ssil -1601.452271 ERUDIET
8680.0 8755.0 ic -1050.420898
8755.0 8880.0 r -1909.464355
8880.0 9000.0 yc -1425.485107
9000.0 9015.0 d -208.077591
9015.0 9070.0 i -692.488281
9070.0 9085.0 t -232.828674
9085.0 9105.0 ssil -280.232178
9105.0 9150.0 ssil -739.624390 EEN
9150.0 9200.0 @ -695.667725
9200.0 9380.0 n -2085.406006
9380.0 9565.0 ssil -1994.413208
9565.0 9795.0 ssil -2476.143066 BIJ
9795.0 9810.0 b -184.921112
9810.0 9825.0 ei -193.455933
9825.0 10030.0 ssil -2476.479004
.
