#!MLF!#
"/net/aistaff/aki/_same-utterance/wav/09/Limburg/9136-1459859030-1734652.rec"
0.0 335.0 ssil -2720.364990 TAKT
335.0 360.0 t -334.750214
360.0 400.0 k -546.975525
400.0 425.0 t -319.415802
425.0 1735.0 ssil -16619.558594
1735.0 2995.0 ssil -15305.833008 IK
2995.0 3125.0 ic -1502.349854
3125.0 3140.0 k -249.828918
3140.0 3275.0 ssil -1545.568237
3275.0 3295.0 ssil -303.309540 REKEN
3295.0 3495.0 r -2672.395996
3495.0 3725.0 e -2688.025391
3725.0 3740.0 g -206.707916
3740.0 4310.0 ssil -6496.732910
4310.0 4860.0 ssil -6873.882812 VERWART
4860.0 4875.0 v -177.129990
4875.0 4900.0 @ -351.152405
4900.0 5020.0 r -1694.043945
5020.0 5280.0 w -2773.433350
5280.0 5380.0 ac -1158.058472
5380.0 5525.0 r -2070.342285
5525.0 5550.0 t -391.986267
5550.0 6770.0 ssil -15589.039062
6770.0 6975.0 ssil -2530.994141 ERUDIET
6975.0 7415.0 e -5329.587891
7415.0 7455.0 r -608.854187
7455.0 7615.0 y -1806.054932
7615.0 7670.0 d -639.499268
7670.0 7700.0 i -414.656006
7700.0 7715.0 t -229.423004
7715.0 7765.0 ssil -590.230103
7765.0 8865.0 ssil -12837.669922 EEN
8865.0 8975.0 @ -1490.868164
8975.0 9385.0 n -5119.937500
9385.0 9600.0 ssil -3183.375488
9600.0 9670.0 ssil -980.014587 BIJ
9670.0 9685.0 b -229.889481
9685.0 9700.0 ei -217.065903
9700.0 9890.0 ssil -2352.460449
.
