#!MLF!#
"/net/aistaff/aki/_same-utterance/wav/09/Limburg/9157-1459873322-1738964.rec"
0.0 85.0 ssil -852.160400 TAKT
85.0 100.0 t -235.923279
100.0 115.0 k -224.700867
115.0 545.0 ssil -4834.862305
545.0 830.0 ssil -3543.624268 IK
830.0 965.0 ic -1905.145874
965.0 1070.0 k -1376.866821
1070.0 1085.0 ssil -212.104492
1085.0 1100.0 ssil -197.525513 REKEN
1100.0 1150.0 r -690.744629
1150.0 1375.0 e -2777.965332
1375.0 1450.0 k -1061.042358
1450.0 1510.0 @ -705.317810
1510.0 1705.0 n -2350.886963
1705.0 1830.0 ssil -1469.386475
1830.0 2615.0 ssil -8619.252930 VERWART
2615.0 2645.0 f -476.521515
2645.0 2660.0 @ -190.849335
2660.0 2785.0 r -1778.328369
2785.0 2810.0 w -333.050201
2810.0 3165.0 ac -4232.907715
3165.0 3260.0 r -1330.408203
3260.0 3435.0 t -2220.576172
3435.0 4910.0 ssil -16973.867188
4910.0 6880.0 ssil -22841.609375 ERUDIET
6880.0 7020.0 e -1822.293945
7020.0 7055.0 r -464.175507
7055.0 7150.0 y -1306.939209
7150.0 7250.0 d -1368.887329
7250.0 7400.0 i -1926.625488
7400.0 7555.0 t -1991.233521
7555.0 8475.0001 ssil -10026.599609
8475.0 8715.0 ssil -2695.108643 EEN
8715.0 8775.0 @ -727.257446
8775.0 8885.0 n -1353.159546
8885.0 8900.0 ssil -199.033920
8900.0 8915.0 ssil -192.542221 BIJ
8915.0 8975.0 b -843.039124
8975.0 9345.0 ei -4480.553711
9345.0 10055.0 ssil -7777.172363
.
