#!MLF!#
"/net/aistaff/aki/_same-utterance/wav/09/Limburg/9164-1459876449-1739885.rec"
0.0 995.0 ssil -12037.378906 TAKT
995.0 1030.0 t -578.450195
1030.0 1150.0 @ -1623.819702
1150.0 1230.0 k -1194.431152
1230.0 1245.0 ssil -226.401306
1245.0 1260.0 ssil -213.447617 IK
1260.0 1465.0 ic -2731.878418
1465.0 1525.0 k -926.958557
1525.0 1690.0 ssil -2086.487549
1690.0 2925.0 ssil -14293.500000 REKEN
2925.0 2940.0 r -238.628815
2940.0 3055.0 e -1560.893799
3055.0 3120.0 k -938.875000
3120.0 3430.0 n -4241.368652
3430.0 3560.0 ssil -1786.884888
3560.0 4675.0 ssil -12723.290039 VERWART
4675.0 4740.0 f -823.891357
4740.0 4765.0 @ -311.559204
4765.0 4780.0 r -205.383591
4780.0 4940.0 w -2024.181030
4940.0 5040.0 ac -1289.749878
5040.0 5175.0 r -1962.603271
5175.0 5285.0 t -1489.273438
5285.0 6095.0 ssil -9003.021484
6095.0 6695.0 ssil -7225.298828 ERUDIET
6695.0 6785.0 @ -1264.685669
6785.0 6820.0 r -433.474274
6820.0 6845.0 @ -318.903503
6845.0 6905.0 d -906.050659
6905.0 6920.0 i -226.075500
6920.0 7065.0 t -1839.689453
7065.0 7115.0 ssil -585.978271
7115.0 8725.0 ssil -17982.888672 EEN
8725.0 8865.0 n -1710.788574
8865.0 8880.0 ssil -190.148300
8880.0 8895.0 ssil -192.175613 BIJ
8895.0 8925.0 b -443.907715
8925.0 9225.0 ei -4110.566895
9225.0 9890.0 ssil -7798.712891
.
