#!MLF!#
"/net/aistaff/aki/_same-utterance/wav/09/Limburg/9179-1459988168-1747419.rec"
0.0 320.0 ssil -2392.472900 TAKT
320.0 335.0 t -188.148392
335.0 350.0 k -213.110489
350.0 370.0 ssil -240.355972
370.0 650.0 ssil -3165.485840 IK
650.0 675.0 k -365.519287
675.0 695.0 ssil -263.784088
695.0 920.0 ssil -2629.368896 REKEN
920.0 935.0 r -200.211411
935.0 950.0 e -196.454163
950.0 1000.0 g -650.467224
1000.0 1075.0 ssil -887.981140
1075.0 1160.0 ssil -1116.371216 VERWART
1160.0 1180.0 v -323.707001
1180.0 1260.0 ec -1095.708252
1260.0 1405.0 r -2017.303345
1405.0 1590.0 w -2466.099365
1590.0 1740.0 ac -2228.003418
1740.0 1830.0 r -1219.177002
1830.0 1910.0 t -1145.681152
1910.0 2985.0001 ssil -13872.120117
2985.0 5070.0 ssil -23301.439453 ERUDIET
5070.0 5250.0 e -2428.408936
5250.0 5370.0 r -1361.315552
5370.0 5545.0 y -2241.967529
5545.0 5600.0 d -861.678345
5600.0 5765.0 i -2118.845459
5765.0 5825.0 t -820.143982
5825.0 5940.0 ssil -1690.925659
5940.0 6065.0 ssil -1821.357422 EEN
6065.0 6115.0 @ -644.881775
6115.0 6185.0 n -868.597229
6185.0 6870.0 ssil -8750.959961
6870.0 8775.0 ssil -22407.533203 BIJ
8775.0 8870.0 b -1350.927734
8870.0 9085.0 ei -2572.114014
9085.0 9660.0 ssil -7366.512207
.
