#!MLF!#
"/net/aistaff/aki/_same-utterance/wav/09/Limburg/9531-1463929558-1842597.rec"
0.0 120.0 ssil -1245.427490 TAKT
120.0 160.0 t -553.110718
160.0 175.0 k -211.289658
175.0 700.0 ssil -6096.147461
700.0 995.0 ssil -3489.011963 IK
995.0 1570.0 ic -7503.014648
1570.0 1610.0 k -651.982483
1610.0 3524.9999 ssil -23393.835938
3525.0 4815.0 ssil -16761.535156 REKEN
4815.0 4830.0 r -235.814270
4830.0 5020.0 e -2102.635254
5020.0 5110.0 g -1261.826904
5110.0 5305.0 @ -2409.040283
5305.0 5465.0 n -1801.878662
5465.0 6145.0 ssil -7792.947754
6145.0 6690.0 ssil -6202.507324 VERWART
6690.0 6775.0 f -996.670166
6775.0 6835.0 ec -597.129944
6835.0 6850.0 r -174.181808
6850.0 6980.0 w -1632.152588
6980.0 7130.0 ac -1664.346680
7130.0 7280.0 r -2083.197266
7280.0 7385.0 t -1390.122681
7385.0 8720.0001 ssil -15199.006836
8720.0 8880.0 ssil -1977.950806 ERUDIET
8880.0 9350.0 ic -6006.401367
9350.0 9365.0 r -193.137863
9365.0 9380.0 yc -189.090851
9380.0 9395.0 d -217.989685
9395.0 9410.0 i -275.605530
9410.0 9435.0 t -439.250854
9435.0 9450.0 ssil -246.185303
9450.0 9465.0 ssil -228.902496 EEN
9465.0 9530.0 @ -752.062805
9530.0 9780.0 n -2795.493408
9780.0 9860.0 ssil -866.707458
9860.0 9875.0 ssil -170.430176 BIJ
9875.0 9890.0 b -191.243149
9890.0 9905.0 ei -198.594284
9905.0 10030.0 ssil -1345.037720
.
