#!MLF!#
"/net/aistaff/aki/_same-utterance/wav/02/Oost_Overijsel-Gelderland/11791-1464168921-1904084.rec"
0.0 450.0 ssil -4892.898438 HET
450.0 475.0 h -364.053192
475.0 545.0 ec -1002.191528
545.0 570.0 t -373.574768
570.0 710.0 ssil -2076.105225
710.0 830.0 ssil -1687.460693 ECHTPAAR
830.0 890.0 ec -708.829468
890.0 905.0 x -224.094452
905.0 920.0 t -235.406372
920.0 935.0 p -215.684723
935.0 1180.0 a -3031.741943
1180.0 1255.0 r -882.483826
1255.0 1270.0 ssil -199.793839
1270.0 1285.0 ssil -185.612289 ADOPTEERT
1285.0 1310.0 @ -287.429657
1310.0 1325.0 d -183.369125
1325.0 1380.0 oc -856.519409
1380.0 1395.0 p -283.186951
1395.0 1420.0 t -399.779572
1420.0 1585.0 @ -2158.896484
1585.0 1615.0 r -463.779999
1615.0 1635.0 t -284.982758
1635.0 1690.0 ssil -676.718323
1690.0 1705.0 ssil -205.848419 VOOR
1705.0 1740.0 v -447.679810
1740.0 1815.0 o -846.490906
1815.0 1835.0 r -265.270233
1835.0 1865.0 ssil -410.755005
1865.0 1915.0 ssil -679.410828 VEEL
1915.0 1945.0 v -431.708313
1945.0 2025.0 e -971.392090
2025.0 2110.0 l -1048.437622
2110.0 2125.0 ssil -191.849289
2125.0 2140.0 ssil -209.360901 GELD
2140.0 2225.0 x -1056.662964
2225.0 2295.0 ec -776.919373
2295.0 2425.0 l -1408.549805
2425.0 2450.0 ssil -389.952148
2450.0 2485.0 ssil -531.711365 EEN
2485.0 2570.0 @ -991.234985
2570.0 2645.0 n -933.938721
2645.0 2665.0 ssil -288.916687
2665.0 2685.0 ssil -275.234741 TWEEJARIG
2685.0 2755.0 t -918.438538
2755.0 2775.0 w -244.456970
2775.0 2915.0 e -1394.032959
2915.0 2985.0 j -751.764282
2985.0 3110.0 a -1449.600464
3110.0 3125.0 r -202.246582
3125.0 3205.0 @ -875.442078
3205.0 3275.0 x -939.417419
3275.0 3290.0 ssil -187.651871
3290.0 3305.0 ssil -169.728531 WEESJE
3305.0 3350.0 w -530.753235
3350.0 3545.0 ic -2274.381348
3545.0 3645.0 s -1396.510010
3645.0 3735.0 j -1123.234009
3735.0 3755.0 @ -256.140381
3755.0 3830.0 ssil -981.416382
.
