#!MLF!#
"/net/aistaff/aki/_same-utterance/wav/02/Oost_Overijsel-Gelderland/11940-1464166782-1902764.rec"
0.0 385.0 ssil -4662.336426 HET
385.0 400.0 h -253.946701
400.0 475.0 ec -1023.923889
475.0 510.0 t -470.543030
510.0 545.0 ssil -449.895325
545.0 590.0 ssil -603.003113 ECHTPAAR
590.0 685.0 ec -1341.369751
685.0 795.0 x -1524.472290
795.0 810.0 t -205.064072
810.0 855.0 p -585.403992
855.0 1060.0 a -2404.738037
1060.0 1080.0 r -296.418945
1080.0 1095.0 ssil -240.882462
1095.0 1110.0 ssil -252.603470 ADOPTEERT
1110.0 1190.0 @ -1126.311646
1190.0 1205.0 d -223.971664
1205.0 1225.0 oc -316.787109
1225.0 1240.0 p -228.145294
1240.0 1335.0 t -1442.523315
1335.0 1470.0 @ -1780.377563
1470.0 1505.0 r -497.990723
1505.0 1550.0 ssil -671.670227
1550.0 1610.0 ssil -753.439392 VOOR
1610.0 1650.0 v -547.475098
1650.0 1670.0 o -274.433228
1670.0 1715.0 r -627.891541
1715.0 1740.0 ssil -327.221527
1740.0 1765.0 ssil -313.199829 VEEL
1765.0 1835.0 v -920.518921
1835.0 1885.0 e -685.974243
1885.0 1945.0 l -655.824768
1945.0 1960.0 ssil -239.390991
1960.0 1975.0 ssil -247.767960 GELD
1975.0 2090.0 x -1565.284424
2090.0 2125.0 ec -458.364044
2125.0 2295.0 l -1926.472046
2295.0 2405.0 ssil -1511.820190
2405.0 2475.0 ssil -1035.966675 EEN
2475.0 2510.0 @ -441.883911
2510.0 2550.0 n -572.145630
2550.0 2605.0 ssil -790.238342
2605.0 2620.0 ssil -191.537567 TWEEJARIG
2620.0 2665.0 t -570.158325
2665.0 2690.0 w -405.903137
2690.0 2835.0 e -1654.411865
2835.0 2925.0 j -1078.984497
2925.0 3065.0 a -1378.557007
3065.0 3085.0 r -240.668655
3085.0 3150.0 @ -790.900513
3150.0 3225.0 x -991.566223
3225.0 3250.0 ssil -345.525635
3250.0 3265.0 ssil -233.329224 WEESJE
3265.0 3295.0 w -392.098358
3295.0 3450.0 e -1694.182007
3450.0 3630.0 s -2200.456055
3630.0 3660.0 j -419.212250
3660.0 3750.0 @ -1124.768799
3750.0 3950.0 ssil -2516.538574
.
