#!MLF!#
"/net/aistaff/aki/_same-utterance/wav/02/Oost_Overijsel-Gelderland/12145-1464250378-1925496.rec"
0.0 975.0 ssil -10447.643555 HET
975.0 1045.0 h -834.825623
1045.0 1105.0 ec -888.443420
1105.0 1150.0 t -639.217285
1150.0 1195.0 ssil -584.524902
1195.0 1210.0 ssil -239.853775 ECHTPAAR
1210.0 1315.0 ec -1262.874512
1315.0 1385.0 x -1022.385681
1385.0 1425.0 t -596.375061
1425.0 1485.0 p -871.408203
1485.0 1620.0 ac -1509.237793
1620.0 1635.0 ssil -226.305862
1635.0 1650.0 ssil -210.791168 ADOPTEERT
1650.0 1870.0 ac -2903.829834
1870.0 1890.0 d -284.752380
1890.0 1975.0 oc -1152.147949
1975.0 2040.0 p -970.403809
2040.0 2080.0 t -617.894592
2080.0 2205.0 i -1459.286499
2205.0 2305.0 r -1431.754272
2305.0 2335.0 t -427.455688
2335.0 2350.0 ssil -202.105148
2350.0 2365.0 ssil -222.109802 VOOR
2365.0 2435.0 f -892.785156
2435.0 2515.0 o -972.874756
2515.0 2535.0 r -252.621445
2535.0 2570.0 ssil -466.497955
2570.0 2640.0 ssil -869.486755 VEEL
2640.0 2680.0 v -488.108582
2680.0 2765.0 e -1007.504944
2765.0 2875.0 l -1382.716309
2875.0 2900.0 ssil -351.709045
2900.0 2935.0 ssil -431.181671 GELD
2935.0 2960.0 x -389.804474
2960.0 2990.0 ec -381.855133
2990.0 3175.0 l -2281.351562
3175.0 3205.0 ssil -412.292114
3205.0 3385.0 ssil -2385.350342 EEN
3385.0 3445.0 @ -755.277527
3445.0 3520.0 n -950.362305
3520.0 3535.0 ssil -192.279816
3535.0 3550.0 ssil -207.861053 TWEEJARIG
3550.0 3625.0 t -1015.553650
3625.0 3650.0 w -290.387604
3650.0 3790.0 e -1362.167969
3790.0 3875.0 j -987.052612
3875.0 4025.0 a -1661.064697
4025.0 4100.0 r -960.185120
4100.0 4125.0 @ -309.327393
4125.0 4140.0 x -201.290649
4140.0 4155.0 ssil -182.534653
4155.0 4210.0 ssil -749.002380 WEESJE
4210.0 4240.0 w -390.166840
4240.0 4400.0 e -1934.856201
4400.0 4490.0 s -1269.707886
4490.0 4865.0 j -4516.593750
4865.0 4885.0 @ -248.417053
4885.0 5295.0 ssil -4622.488770
.
