#!MLF!#
"/net/aistaff/aki/_same-utterance/wav/02/Oost_Overijsel-Gelderland/12954-1464299868-2002688.rec"
0.0 665.0 ssil -7859.219238 HET
665.0 710.0 h -531.372070
710.0 765.0 ec -737.795837
765.0 790.0 t -362.594818
790.0 805.0 ssil -220.128616
805.0 820.0 ssil -224.547409 ECHTPAAR
820.0 905.0 ec -1137.198853
905.0 975.0 x -1092.512939
975.0 995.0 t -279.324280
995.0 1095.0 p -1307.314697
1095.0 1445.0 a -3467.965332
1445.0 1515.0 r -973.923157
1515.0 1530.0 ssil -235.524475
1530.0 1545.0 ssil -226.292755 ADOPTEERT
1545.0 1560.0 ac -226.136169
1560.0 1580.0 d -257.197113
1580.0 1595.0 oc -254.806229
1595.0 1615.0 p -298.941132
1615.0 1690.0 t -1059.297607
1690.0 1800.0 i -1237.235596
1800.0 1865.0 r -903.531494
1865.0 1910.0 t -591.553162
1910.0 1930.0 ssil -265.172607
1930.0 1955.0 ssil -319.787323 VOOR
1955.0 2010.0 f -745.792542
2010.0 2055.0 o -562.091370
2055.0 2070.0 ssil -192.105438
2070.0 2105.0 ssil -443.380280 VEEL
2105.0 2205.0 v -1267.417969
2205.0 2270.0 e -825.792297
2270.0 2360.0 l -1274.477539
2360.0 2375.0 ssil -210.613922
2375.0 2390.0 ssil -211.825623 GELD
2390.0 2495.0 x -1534.570801
2495.0 2510.0 ec -184.466324
2510.0 2665.0 l -1823.741455
2665.0 2710.0 t -705.580322
2710.0 2730.0 ssil -336.020844
2730.0 2745.0 ssil -233.656006 EEN
2745.0 2775.0 @ -480.873535
2775.0 2840.0 n -887.296936
2840.0 2870.0 ssil -516.808472
2870.0 2890.0 ssil -351.997559 TWEEJARIG
2890.0 3000.0 t -1635.829468
3000.0 3015.0 w -221.261810
3015.0 3030.0 e -195.904617
3030.0 3235.0 j -2149.462646
3235.0 3360.0 a -1258.239014
3360.0 3420.0 r -691.776184
3420.0 3520.0 @ -1237.448364
3520.0 3545.0 x -363.522095
3545.0 3560.0 ssil -212.317551
3560.0 3585.0 ssil -348.561951 WEESJE
3585.0 3615.0 w -394.165161
3615.0 3775.0 e -1937.617188
3775.0 3915.0 s -1920.341797
3915.0 3950.0 j -484.661652
3950.0 4000.0 @ -713.164307
4000.0 4015.0 ssil -205.258453
.
