#!MLF!#
"/net/aistaff/aki/_same-utterance/wav/02/Oost_Overijsel-Gelderland/1383-1449229107-188147.rec"
0.0 85.0 ssil -793.072021 HET
85.0 100.0 h -161.923676
100.0 115.0 ec -241.756348
115.0 150.0 t -558.976685
150.0 750.0 ssil -6997.033691
750.0 860.0 ssil -1357.447266 ECHTPAAR
860.0 915.0 @ -662.855225
915.0 930.0 x -264.486053
930.0 1010.0 t -1235.267090
1010.0 1025.0 p -237.992905
1025.0 1100.0 @ -991.839600
1100.0 1225.0 r -1685.848633
1225.0 1240.0 ssil -196.016541
1240.0 1265.0 ssil -369.822144 ADOPTEERT
1265.0 1525.0 ac -3272.300781
1525.0 1540.0 d -248.948380
1540.0 1635.0 oc -1258.795288
1635.0 1655.0 p -267.154266
1655.0 1710.0 t -772.256470
1710.0 1790.0 i -910.639038
1790.0 1840.0 r -721.958801
1840.0 1870.0 ssil -440.325470
1870.0 1895.0 ssil -286.129547 VOOR
1895.0 1970.0 f -913.352295
1970.0 2000.0 o -372.097565
2000.0 2015.0 ssil -202.801971
2015.0 2035.0 ssil -264.833344 VEEL
2035.0 2120.0 v -1133.474731
2120.0 2155.0 e -425.936310
2155.0 2265.0 l -1304.757446
2265.0 2280.0 ssil -206.533615
2280.0 2300.0 ssil -261.664886 GELD
2300.0 2355.0 x -728.217102
2355.0 2370.0 ec -185.053436
2370.0 2495.0 l -1349.842041
2495.0 2525.0 t -428.608643
2525.0 2540.0 ssil -211.319962
2540.0 2560.0 ssil -284.168976 EEN
2560.0 2625.0 n -833.681396
2625.0 2640.0 ssil -224.697388
2640.0 2655.0 ssil -228.088806 TWEEJARIG
2655.0 2735.0 t -1077.039429
2735.0 2765.0 w -338.238068
2765.0 2855.0 e -856.651428
2855.0 2905.0 j -520.197021
2905.0 3000.0 a -1015.417297
3000.0 3015.0 r -211.729370
3015.0 3070.0 @ -731.351868
3070.0 3085.0 x -221.199387
3085.0 3100.0 ssil -195.180710
3100.0 3115.0 ssil -179.090530 WEESJE
3115.0 3185.0 w -755.974915
3185.0 3310.0 e -1458.625122
3310.0 3420.0 s -1449.843262
3420.0 3465.0 j -667.413330
3465.0 3495.0 @ -378.645996
3495.0 3995.0 ssil -5954.687988
.
