#!MLF!#
"/net/aistaff/aki/_same-utterance/wav/02/Oost_Overijsel-Gelderland/13884-1465541127-2289660.rec"
0.0 285.0 ssil -2488.623291 HET
285.0 300.0 h -158.658691
300.0 320.0 ec -267.631287
320.0 340.0 t -286.860107
340.0 575.0 ssil -2865.374756
575.0 720.0 ssil -2173.071289 ECHTPAAR
720.0 835.0 ec -1637.669678
835.0 905.0 x -977.026245
905.0 950.0 t -604.777344
950.0 990.0 p -638.818542
990.0 1185.0 ac -2121.799561
1185.0 1200.0 ssil -233.324478
1200.0 1215.0 ssil -213.532822 ADOPTEERT
1215.0 1315.0 ac -1158.320557
1315.0 1345.0 d -400.448059
1345.0 1455.0 oc -1386.336182
1455.0 1475.0 p -277.314301
1475.0 1530.0 t -791.370239
1530.0 1645.0 i -1385.928589
1645.0 1725.0 r -1074.642212
1725.0 1760.0 t -521.486755
1760.0 1775.0 ssil -232.949570
1775.0 1790.0 ssil -208.082565 VOOR
1790.0 1900.0 f -1255.264893
1900.0 1940.0 o -459.131317
1940.0 1955.0 ssil -182.045441
1955.0 1970.0 ssil -184.918076 VEEL
1970.0 2070.0 f -1226.487793
2070.0 2130.0 e -732.533752
2130.0 2220.0 l -1100.380127
2220.0 2235.0 ssil -242.109055
2235.0 2255.0 ssil -314.499573 GELD
2255.0 2360.0 x -1342.678467
2360.0 2445.0 ec -1021.228882
2445.0 2575.0 l -1500.867065
2575.0 2625.0 t -709.502075
2625.0 2645.0 ssil -303.811127
2645.0 2680.0 ssil -563.839722 EEN
2680.0 2700.0 @ -274.387177
2700.0 2740.0 n -476.742096
2740.0 2755.0 ssil -190.249954
2755.0 2770.0 ssil -197.038147 TWEEJARIG
2770.0 2860.0 t -1264.771240
2860.0 2890.0 w -395.648773
2890.0 3030.0 e -1243.971191
3030.0 3110.0 j -795.782837
3110.0 3265.0 a -1576.190796
3265.0 3295.0 r -381.227325
3295.0 3315.0 @ -275.864929
3315.0 3330.0 x -201.258896
3330.0 3385.0 ssil -677.187195
3385.0 3400.0 ssil -211.674866 WEESJE
3400.0 3460.0 w -643.839783
3460.0 3610.0 e -1616.925049
3610.0 3745.0 s -1620.944702
3745.0 3795.0 j -533.342651
3795.0 3935.0 @ -1612.537598
3935.0 4225.0 ssil -3364.053711
.
