#!MLF!#
"/net/aistaff/aki/_same-utterance/wav/02/Oost_Overijsel-Gelderland/14656-1464296531-1997622.rec"
0.0 15.0 ssil -152.232803 HET
15.0 30.0 h -153.505234
30.0 45.0 ec -159.024963
45.0 60.0 t -202.932465
60.0 75.0 ssil -152.232803
75.0 90.0 ssil -152.232803 ECHTPAAR
90.0 530.0 @ -3810.284668
530.0 600.0 x -1149.725342
600.0 725.0 t -1868.813354
725.0 775.0 p -749.482666
775.0 1010.0 ac -2631.135742
1010.0 1025.0 ssil -257.974396
1025.0 1040.0 ssil -264.393524 ADOPTEERT
1040.0 1055.0 @ -268.446411
1055.0 1075.0 d -363.440674
1075.0 1145.0 oc -1167.520386
1145.0 1190.0 p -689.066040
1190.0 1245.0 t -817.480957
1245.0 1415.0 @ -2116.826416
1415.0 1430.0 r -256.109039
1430.0 1490.0 t -877.706543
1490.0 1510.0 ssil -254.716873
1510.0 1525.0 ssil -186.513489 VOOR
1525.0 1595.0 f -859.753540
1595.0 1715.0 o -1254.576782
1715.0 1780.0 r -867.369446
1780.0 1980.0 ssil -2476.389160
1980.0 2150.0 ssil -2153.880615 VEEL
2150.0 2275.0 f -1655.147339
2275.0 2350.0 e -812.326904
2350.0 2435.0 l -1167.245239
2435.0 2450.0 ssil -247.073898
2450.0 2465.0 ssil -230.028305 GELD
2465.0 2550.0 x -1121.543701
2550.0 2605.0 ec -664.026917
2605.0 2725.0 l -1507.420044
2725.0 2775.0 t -807.504089
2775.0 2790.0 ssil -222.301010
2790.0 2805.0 ssil -226.834259 EEN
2805.0 2865.0 n -862.094055
2865.0 2880.0 ssil -245.031784
2880.0 2895.0 ssil -232.616959 TWEEJARIG
2895.0 2965.0 t -915.626160
2965.0 2985.0 w -239.245895
2985.0 3110.0 e -1182.561279
3110.0 3160.0 j -522.349121
3160.0 3320.0 a -1609.887329
3320.0 3335.0 r -200.443665
3335.0 3365.0 @ -456.069244
3365.0 3440.0 x -969.735962
3440.0 3455.0 ssil -225.905975
3455.0 3470.0 ssil -206.529938 WEESJE
3470.0 3505.0 w -412.636047
3505.0 3640.0 e -1316.779175
3640.0 3800.0 s -1934.267578
3800.0 3845.0 j -538.436890
3845.0 3935.0 @ -1141.378296
3935.0 4340.0 ssil -4783.274414
.
