#!MLF!#
"/net/aistaff/aki/_same-utterance/wav/02/Oost_Overijsel-Gelderland/1524-1453228272-84951.rec"
0.0 1045.0 ssil -12530.350586 HET
1045.0 1060.0 h -186.801849
1060.0 1130.0 ec -864.237305
1130.0 1180.0 t -786.657898
1180.0 1195.0 ssil -239.782516
1195.0 1255.0 ssil -977.119446 ECHTPAAR
1255.0 1330.0 ec -979.519226
1330.0 1355.0 x -324.154999
1355.0 1400.0 t -659.677002
1400.0 1480.0 p -1201.147827
1480.0 1635.0 ac -2103.077637
1635.0 1745.0 r -1816.993530
1745.0 1765.0 ssil -320.687378
1765.0 1780.0 ssil -197.979385 ADOPTEERT
1780.0 1815.0 ac -488.166382
1815.0 1845.0 d -425.413879
1845.0 1870.0 oc -330.944733
1870.0 1885.0 p -250.055649
1885.0 1930.0 t -666.605835
1930.0 1995.0 i -772.190796
1995.0 2085.0 r -1133.593994
2085.0 2150.0 t -963.305725
2150.0 2165.0 ssil -198.935303
2165.0 2180.0 ssil -179.665558 VOOR
2180.0 2265.0 f -1025.705811
2265.0 2300.0 o -424.126648
2300.0 2315.0 ssil -208.549988
2315.0 2330.0 ssil -198.413544 VEEL
2330.0 2475.0 f -1730.237915
2475.0 2545.0 e -703.929993
2545.0 2620.0 l -956.919800
2620.0 2635.0 ssil -197.950180
2635.0 2690.0 ssil -701.873352 GELD
2690.0 2735.0 x -665.043213
2735.0 2775.0 ec -461.126007
2775.0 2910.0 l -1720.556274
2910.0 2925.0 ssil -225.843994
2925.0 2940.0 ssil -240.478973 EEN
2940.0 3030.0 @ -1138.637939
3030.0 3090.0 n -769.981018
3090.0 3105.0 ssil -203.649155
3105.0 3120.0 ssil -198.257538 TWEEJARIG
3120.0 3225.0 t -1396.791626
3225.0 3250.0 w -320.959229
3250.0 3390.0 e -1193.904175
3390.0 3430.0 j -440.225281
3430.0 3520.0 a -863.537415
3520.0 3555.0 r -511.504395
3555.0 3585.0 @ -418.757355
3585.0 3650.0 x -890.966675
3650.0 3665.0 ssil -212.242401
3665.0 3695.0 ssil -395.174530 WEESJE
3695.0 3720.0 w -286.587006
3720.0 3845.0 e -1310.215576
3845.0 4000.0 s -1899.742432
4000.0 4070.0 j -748.184204
4070.0 4125.0 @ -646.038818
4125.0 4620.0 ssil -6053.966309
.
