#!MLF!#
"/net/aistaff/aki/_same-utterance/wav/02/Oost_Overijsel-Gelderland/15271-1464425098-2036362.rec"
0.0 550.0 ssil -6561.090820 HET
550.0 580.0 h -366.183380
580.0 625.0 ec -541.782288
625.0 705.0 t -1139.067017
705.0 740.0 ssil -421.676422
740.0 800.0 ssil -769.044312 ECHTPAAR
800.0 840.0 ec -588.164001
840.0 915.0 x -1004.117188
915.0 940.0 t -330.589294
940.0 1030.0 p -1173.823242
1030.0 1310.0 a -3224.495605
1310.0 1325.0 ssil -235.926163
1325.0 1340.0 ssil -228.157761 ADOPTEERT
1340.0 1375.0 ac -459.463593
1375.0 1425.0 d -646.578552
1425.0 1440.0 oc -210.707443
1440.0 1455.0 p -212.988632
1455.0 1550.0 t -1363.020264
1550.0 1645.0 i -1020.120239
1645.0 1680.0 r -453.342926
1680.0 1740.0 t -824.749878
1740.0 1790.0 ssil -596.798889
1790.0 1820.0 ssil -369.006836 VOOR
1820.0 1855.0 v -444.968964
1855.0 1870.0 o -177.026962
1870.0 1885.0 ssil -197.670822
1885.0 1900.0 ssil -200.641418 VEEL
1900.0 2030.0 f -1545.371460
2030.0 2120.0 e -933.034363
2120.0 2200.0 l -912.491516
2200.0 2235.0 ssil -560.866211
2235.0 2270.0 ssil -520.482666 GELD
2270.0 2335.0 x -844.196289
2335.0 2355.0 ec -237.615143
2355.0 2500.0 l -1491.571289
2500.0 2590.0 t -1247.332397
2590.0 2605.0 ssil -207.059464
2605.0 2650.0 ssil -534.886108 EEN
2650.0 2700.0 n -682.341187
2700.0 2715.0 ssil -227.597488
2715.0 2730.0 ssil -221.416321 TWEEJARIG
2730.0 2825.0 t -1231.652832
2825.0 2840.0 w -203.224792
2840.0 2970.0 e -1143.075073
2970.0 3045.0 j -740.969666
3045.0 3135.0 a -822.640747
3135.0 3165.0 r -311.711121
3165.0 3240.0 @ -787.792542
3240.0 3325.0 x -1105.373779
3325.0 3340.0 ssil -178.306717
3340.0 3390.0 ssil -634.501953 WEESJE
3390.0 3420.0 w -379.028442
3420.0 3565.0 e -1491.012573
3565.0 3715.0 s -1884.976074
3715.0 3770.0 j -610.609253
3770.0 3845.0 @ -889.309753
3845.0 4250.0 ssil -4521.360840
.
