#!MLF!#
"/net/aistaff/aki/_same-utterance/wav/02/Oost_Overijsel-Gelderland/15474-1464431198-2085466.rec"
0.0 80.0 ssil -843.625305 HET
80.0 95.0 h -180.704422
95.0 110.0 ec -238.518860
110.0 140.0 t -453.771576
140.0 610.0 ssil -5655.856934
610.0 770.0 ssil -2191.440674 ECHTPAAR
770.0 860.0 ec -1090.569458
860.0 1005.0 x -1991.290649
1005.0 1035.0 t -396.434387
1035.0 1080.0 p -586.518738
1080.0 1345.0 a -3074.556152
1345.0 1525.0 r -2441.460693
1525.0 1545.0 ssil -262.452026
1545.0 1560.0 ssil -182.803101 ADOPTEERT
1560.0 1615.0 @ -657.936768
1615.0 1630.0 d -214.911621
1630.0 1650.0 oc -316.649933
1650.0 1680.0 p -426.989532
1680.0 1745.0 t -929.782349
1745.0 1855.0 @ -1310.395264
1855.0 1980.0 r -1448.188232
1980.0 2055.0 t -1039.042480
2055.0 2085.0 ssil -416.162872
2085.0 2105.0 ssil -251.801956 VOOR
2105.0 2140.0 v -446.762085
2140.0 2155.0 o -190.729752
2155.0 2190.0 r -467.445923
2190.0 2260.0 ssil -856.093567
2260.0 2295.0 ssil -429.832642 VEEL
2295.0 2320.0 v -368.875336
2320.0 2415.0 e -1019.289734
2415.0 2480.0 l -755.386780
2480.0 2495.0 ssil -222.489761
2495.0 2510.0 ssil -225.207291 GELD
2510.0 2635.0 x -1559.941162
2635.0 2660.0 ec -310.501648
2660.0 2795.0 l -1540.950439
2795.0 2915.0 ssil -1815.249634
2915.0 2975.0 ssil -766.331543 EEN
2975.0 3030.0 @ -685.919617
3030.0 3175.0 n -1629.253906
3175.0 3190.0 ssil -187.626160
3190.0 3405.0 ssil -2558.171875 TWEEJARIG
3405.0 3525.0 t -1663.009155
3525.0 3540.0 w -209.529739
3540.0 3675.0 e -1372.817993
3675.0 3765.0 j -980.353271
3765.0 3790.0 a -293.486664
3790.0 3860.0 r -813.123474
3860.0 3945.0 @ -929.934509
3945.0 4020.0 x -1030.692993
4020.0 4050.0 ssil -339.985107
4050.0 4080.0 ssil -354.721588 WEESJE
4080.0 4105.0 w -320.279602
4105.0 4275.0 e -1849.844482
4275.0 4440.0 s -2061.948730
4440.0 4500.0 j -711.658142
4500.0 4540.0 @ -483.113831
4540.0 4855.0 ssil -3719.062500
.
