#!MLF!#
"/net/aistaff/aki/_same-utterance/wav/02/Oost_Overijsel-Gelderland/16368-1464207213-1940116.rec"
0.0 630.0 ssil -5602.674805 HET
630.0 655.0 h -365.657288
655.0 695.0 ec -537.744934
695.0 745.0 t -771.155029
745.0 765.0 ssil -294.785187
765.0 825.0 ssil -764.166565 ECHTPAAR
825.0 910.0 ec -1076.436890
910.0 985.0 x -1054.922852
985.0 1050.0 t -831.268005
1050.0 1105.0 p -729.695740
1105.0 1355.0 a -2945.251221
1355.0 1425.0 ssil -890.287109
1425.0 1570.0 ssil -1661.375122 ADOPTEERT
1570.0 1680.0 ac -1473.954956
1680.0 1705.0 d -377.517609
1705.0 1755.0 oc -670.612793
1755.0 1820.0 p -938.994873
1820.0 1885.0 t -896.380188
1885.0 1930.0 i -616.231750
1930.0 2025.0 r -1180.510986
2025.0 2040.0 ssil -216.037064
2040.0 2120.0 ssil -1226.018188 VOOR
2120.0 2165.0 v -601.535583
2165.0 2185.0 o -256.953857
2185.0 2210.0 r -341.956573
2210.0 2225.0 ssil -217.389465
2225.0 2275.0 ssil -746.466248 VEEL
2275.0 2360.0 f -1191.475464
2360.0 2385.0 e -332.061859
2385.0 2490.0 l -1325.287109
2490.0 2510.0 ssil -293.853607
2510.0 2535.0 ssil -342.970520 GELD
2535.0 2605.0 x -979.809021
2605.0 2665.0 ec -720.214722
2665.0 2820.0 l -1699.479492
2820.0 2925.0 t -1370.108276
2925.0 2950.0 ssil -349.020538
2950.0 3170.0 ssil -2614.910645 EEN
3170.0 3200.0 @ -443.517151
3200.0 3270.0 n -927.513489
3270.0 3290.0 ssil -292.287323
3290.0 3305.0 ssil -210.466995 TWEEJARIG
3305.0 3400.0 t -1235.558350
3400.0 3440.0 w -456.930786
3440.0 3540.0 e -1192.136841
3540.0 3620.0 j -902.605896
3620.0 3760.0 a -1548.103394
3760.0 3775.0 r -215.608429
3775.0 3790.0 @ -230.266724
3790.0 3825.0 x -501.808685
3825.0 3845.0 ssil -284.978546
3845.0 3935.0 ssil -1202.080444 WEESJE
3935.0 3955.0 w -244.724045
3955.0 4125.0 ic -1829.973999
4125.0 4250.0 s -1505.950439
4250.0 4325.0 j -890.100281
4325.0 4360.0 @ -423.110107
4360.0 4460.0 ssil -1313.357422
.
