#!MLF!#
"/net/aistaff/aki/_same-utterance/wav/02/Oost_Overijsel-Gelderland/16501-1464621036-2150496.rec"
0.0 145.0 ssil -1683.479736 HET
145.0 415.0 h -3517.381592
415.0 455.0 ec -556.316467
455.0 495.0 t -596.638550
495.0 515.0 ssil -326.886353
515.0 600.0 ssil -1365.191162 ECHTPAAR
600.0 645.0 ec -713.369568
645.0 750.0 x -1530.987061
750.0 790.0 t -534.462036
790.0 855.0 p -923.552368
855.0 1025.0 a -2148.140625
1025.0 1040.0 ssil -212.752991
1040.0 1075.0 ssil -530.204163 ADOPTEERT
1075.0 1160.0 ac -1103.212524
1160.0 1175.0 d -242.271179
1175.0 1295.0 oc -1674.156128
1295.0 1335.0 p -620.614380
1335.0 1405.0 t -993.055237
1405.0 1515.0 i -1307.894287
1515.0 1600.0 r -1259.404297
1600.0 1620.0 t -325.774994
1620.0 1635.0 ssil -213.632889
1635.0 1660.0 ssil -310.801605 VOOR
1660.0 1715.0 f -694.302795
1715.0 1730.0 o -179.700500
1730.0 1775.0 r -561.887329
1775.0 1790.0 ssil -200.130173
1790.0 1855.0 ssil -765.420715 VEEL
1855.0 1910.0 f -725.575439
1910.0 1970.0 e -723.808167
1970.0 2055.0 l -1099.583862
2055.0 2085.0 ssil -456.671021
2085.0 2115.0 ssil -404.120270 GELD
2115.0 2160.0 x -622.740601
2160.0 2235.0 ec -749.725647
2235.0 2365.0 l -1748.743896
2365.0 2405.0 t -608.659607
2405.0 2430.0 ssil -358.967590
2430.0 2470.0 ssil -544.394714 EEN
2470.0 2500.0 @ -443.945557
2500.0 2585.0 n -1138.381836
2585.0 2600.0 ssil -211.519501
2600.0 2615.0 ssil -237.478363 TWEEJARIG
2615.0 2710.0 t -1233.999023
2710.0 2730.0 w -254.816284
2730.0 2880.0 e -1536.933716
2880.0 2950.0 j -725.913147
2950.0 3100.0 a -1430.164551
3100.0 3130.0 r -364.469849
3130.0 3165.0 @ -445.220459
3165.0 3180.0 x -214.592239
3180.0 3195.0 ssil -192.738083
3195.0 3225.0 ssil -409.544067 WEESJE
3225.0 3275.0 w -562.948425
3275.0 3450.0 e -1978.861572
3450.0 3610.0 s -2209.013672
3610.0 3670.0 j -793.639465
3670.0 3765.0 @ -1272.035156
3765.0 4110.0 ssil -4677.954590
.
