#!MLF!#
"/net/aistaff/aki/_same-utterance/wav/02/Oost_Overijsel-Gelderland/1654-1449403688-348551.rec"
0.0 145.0 ssil -1538.568970 HET
145.0 505.0 h -4232.902344
505.0 530.0 ec -338.106628
530.0 615.0 t -1256.522217
615.0 630.0 ssil -190.143280
630.0 655.0 ssil -343.661316 ECHTPAAR
655.0 740.0 ec -1092.726929
740.0 805.0 x -867.820557
805.0 840.0 t -478.150726
840.0 950.0 p -1449.600830
950.0 1170.0 a -2386.325684
1170.0 1185.0 ssil -212.502151
1185.0 1200.0 ssil -203.332733 ADOPTEERT
1200.0 1305.0 ac -1408.155273
1305.0 1325.0 d -292.801514
1325.0 1410.0 oc -1204.440552
1410.0 1440.0 p -454.244324
1440.0 1485.0 t -661.914062
1485.0 1575.0 i -1028.878174
1575.0 1630.0 r -705.982971
1630.0 1695.0 t -876.034607
1695.0 1710.0 ssil -209.043228
1710.0 1725.0 ssil -199.986862 VOOR
1725.0 1815.0 f -1070.414062
1815.0 1840.0 o -354.272491
1840.0 1930.0 r -1114.102905
1930.0 1945.0 ssil -197.443588
1945.0 2015.0 ssil -863.834412 VEEL
2015.0 2040.0 v -341.161530
2040.0 2115.0 e -900.467102
2115.0 2185.0 l -877.631165
2185.0 2200.0 ssil -222.967285
2200.0 2215.0 ssil -221.887192 GELD
2215.0 2305.0 x -1158.301880
2305.0 2370.0 ec -771.181702
2370.0 2520.0 l -1879.335571
2520.0 2595.0 t -1080.124756
2595.0 2615.0 ssil -274.139740
2615.0 2650.0 ssil -479.486176 EEN
2650.0 2700.0 @ -615.990784
2700.0 2740.0 n -560.319763
2740.0 2755.0 ssil -211.936356
2755.0 2775.0 ssil -274.029083 TWEEJARIG
2775.0 2845.0 t -978.323486
2845.0 2860.0 w -202.882507
2860.0 2995.0 e -1256.688599
2995.0 3065.0 j -718.036621
3065.0 3175.0 a -1177.641235
3175.0 3200.0 r -351.488953
3200.0 3230.0 @ -372.394318
3230.0 3255.0 x -312.029663
3255.0 3285.0 ssil -384.210480
3285.0 3305.0 ssil -225.024246 WEESJE
3305.0 3345.0 w -503.511261
3345.0 3480.0 e -1390.060547
3480.0 3615.0 s -1700.944702
3615.0 3680.0 j -708.473389
3680.0 3765.0 @ -1032.607422
3765.0 4340.0 ssil -6463.125000
.
