#!MLF!#
"/net/aistaff/aki/_same-utterance/wav/02/Oost_Overijsel-Gelderland/1982-1449233260-193719.rec"
0.0 225.0 ssil -2552.365479 HET
225.0 245.0 h -249.326675
245.0 260.0 ec -192.260757
260.0 280.0 t -245.620621
280.0 745.0 ssil -5821.125488
745.0 805.0 ssil -859.405701 ECHTPAAR
805.0 980.0 ec -2112.352539
980.0 1035.0 x -732.185364
1035.0 1050.0 t -203.133896
1050.0 1165.0 p -1515.988159
1165.0 1545.0 a -4802.914551
1545.0 1560.0 ssil -223.034744
1560.0 1575.0 ssil -210.465073 ADOPTEERT
1575.0 1625.0 @ -630.512390
1625.0 1650.0 d -337.946136
1650.0 1665.0 oc -184.576889
1665.0 1700.0 p -481.501038
1700.0 1750.0 t -677.615479
1750.0 1870.0 @ -1309.934570
1870.0 1890.0 r -293.108734
1890.0 1955.0 t -890.783081
1955.0 1970.0 ssil -201.883698
1970.0 1985.0 ssil -188.009933 VOOR
1985.0 2015.0 v -391.862030
2015.0 2030.0 o -210.149170
2030.0 2095.0 r -834.681213
2095.0 2115.0 ssil -253.341782
2115.0 2185.0 ssil -828.006409 VEEL
2185.0 2220.0 v -467.767059
2220.0 2295.0 e -857.250305
2295.0 2390.0 l -1143.308716
2390.0 2405.0 ssil -236.658661
2405.0 2430.0 ssil -430.473602 GELD
2430.0 2485.0 x -766.282166
2485.0 2540.0 ec -663.108765
2540.0 2630.0 l -1090.626953
2630.0 2675.0 t -658.906067
2675.0 2690.0 ssil -203.894852
2690.0 2705.0 ssil -206.767578 EEN
2705.0 2770.0 @ -850.079102
2770.0 2815.0 n -547.472717
2815.0 2830.0 ssil -224.242538
2830.0 2850.0 ssil -290.750061 TWEEJARIG
2850.0 2930.0 t -1138.977661
2930.0 2950.0 w -228.305496
2950.0 3100.0 e -1416.194458
3100.0 3125.0 j -281.784821
3125.0 3275.0 a -1381.641357
3275.0 3325.0 r -643.520813
3325.0 3340.0 @ -229.597992
3340.0 3375.0 x -507.524475
3375.0 3390.0 ssil -201.206421
3390.0 3415.0 ssil -312.958221 WEESJE
3415.0 3455.0 w -517.423584
3455.0 3605.0 e -1530.355713
3605.0 3740.0 s -1666.296509
3740.0 3890.0 j -1904.698730
3890.0 3905.0 @ -173.664627
3905.0 4365.0 ssil -5598.351562
.
