#!MLF!#
"/net/aistaff/aki/_same-utterance/wav/02/Oost_Overijsel-Gelderland/2426-1449417664-374274.rec"
0.0 915.0 ssil -10550.953125 HET
915.0 955.0 h -543.247498
955.0 1015.0 ec -873.650085
1015.0 1045.0 t -447.411377
1045.0 1090.0 ssil -582.459717
1090.0 1145.0 ssil -755.012146 ECHTPAAR
1145.0 1225.0 ec -1244.117432
1225.0 1275.0 x -690.327698
1275.0 1340.0 t -886.922974
1340.0 1425.0 p -1172.463257
1425.0 1560.0 a -1498.639282
1560.0 1595.0 r -473.183746
1595.0 1835.0 ssil -2815.538818
1835.0 1880.0 ssil -629.571106 ADOPTEERT
1880.0 1970.0 ac -1343.350830
1970.0 1995.0 d -371.092499
1995.0 2100.0 oc -1383.360840
2100.0 2135.0 p -561.526489
2135.0 2175.0 t -637.090088
2175.0 2280.0 i -1304.744629
2280.0 2315.0 r -572.679138
2315.0 2335.0 t -281.005829
2335.0 2350.0 ssil -201.487106
2350.0 2365.0 ssil -183.555573 VOOR
2365.0 2450.0 f -1046.777588
2450.0 2525.0 o -876.116455
2525.0 2555.0 ssil -393.571960
2555.0 2570.0 ssil -234.001251 VEEL
2570.0 2635.0 v -812.028992
2635.0 2715.0 e -1057.965576
2715.0 2785.0 l -914.269287
2785.0 2800.0 ssil -237.942062
2800.0 2815.0 ssil -239.226639 GELD
2815.0 2920.0 x -1450.957886
2920.0 2970.0 ec -648.629700
2970.0 3075.0 l -1483.715332
3075.0 3155.0 t -1093.333618
3155.0 3400.0 ssil -2988.235840
3400.0 3430.0 ssil -494.043976 EEN
3430.0 3445.0 @ -243.096039
3445.0 3505.0 ssil -781.492371
3505.0 3660.0 ssil -2106.181396 TWEEJARIG
3660.0 3710.0 t -647.201660
3710.0 3730.0 w -296.022736
3730.0 3865.0 e -1671.261108
3865.0 3990.0 j -1543.213013
3990.0 4100.0 a -1335.685425
4100.0 4135.0 r -484.457977
4135.0 4150.0 @ -200.241837
4150.0 4250.0 x -1289.303589
4250.0 4265.0 ssil -193.682770
4265.0 4280.0 ssil -192.859528 WEESJE
4280.0 4340.0 w -740.878052
4340.0 4485.0 e -1718.810425
4485.0 4620.0 s -1762.592407
4620.0 4640.0 j -274.687347
4640.0 4655.0 @ -205.075256
4655.0 5505.0 ssil -9777.793945
.
