#!MLF!#
"/net/aistaff/aki/_same-utterance/wav/02/Oost_Overijsel-Gelderland/2612-1449335867-299551.rec"
0.0 410.0 ssil -4583.592773 HET
410.0 430.0 h -248.902359
430.0 490.0 ec -731.425781
490.0 565.0 t -1085.932495
565.0 590.0 ssil -319.308716
590.0 660.0 ssil -947.040039 ECHTPAAR
660.0 740.0 ec -1054.968262
740.0 765.0 x -334.244781
765.0 780.0 t -223.058365
780.0 930.0 p -1856.618042
930.0 1115.0 a -2154.135254
1115.0 1130.0 ssil -193.881119
1130.0 1195.0 ssil -791.786011 ADOPTEERT
1195.0 1240.0 ac -605.155273
1240.0 1255.0 d -213.370590
1255.0 1400.0 oc -1767.453491
1400.0 1435.0 p -496.103821
1435.0 1530.0 t -1291.588013
1530.0 1660.0 i -1443.704834
1660.0 1725.0 r -819.983459
1725.0 1740.0 ssil -202.534378
1740.0 1755.0 ssil -203.570160 VOOR
1755.0 1900.0 f -1755.002075
1900.0 1970.0 o -831.912903
1970.0 1985.0 ssil -209.513702
1985.0 2000.0 ssil -222.086349 VEEL
2000.0 2110.0 v -1369.754639
2110.0 2190.0 e -859.740112
2190.0 2280.0 l -1073.212280
2280.0 2295.0 ssil -213.106522
2295.0 2310.0 ssil -198.743866 GELD
2310.0 2425.0 x -1557.662109
2425.0 2465.0 ec -473.685852
2465.0 2580.0 l -1352.247192
2580.0 2615.0 t -524.548462
2615.0 2640.0 ssil -368.643219
2640.0 2690.0 ssil -682.942505 EEN
2690.0 2725.0 @ -434.428009
2725.0 2815.0 n -1196.063477
2815.0 2860.0 ssil -688.883911
2860.0 2940.0 ssil -945.703674 TWEEJARIG
2940.0 2955.0 t -224.043869
2955.0 2975.0 w -248.656204
2975.0 3135.0 e -1498.109497
3135.0 3190.0 j -578.815918
3190.0 3340.0 a -1600.700684
3340.0 3420.0 r -1054.872803
3420.0 3435.0 @ -226.944489
3435.0 3465.0 x -407.316528
3465.0 3480.0 ssil -183.090973
3480.0 3495.0 ssil -192.307480 WEESJE
3495.0 3580.0 w -974.139771
3580.0 3760.0 e -2004.680908
3760.0 3935.0 s -2175.751953
3935.0 4000.0 j -741.773193
4000.0 4090.0 @ -1052.906128
4090.0 4600.0 ssil -5708.346191
.
