#!MLF!#
"/net/aistaff/aki/_same-utterance/wav/02/Oost_Overijsel-Gelderland/2640-1450564656-730696.rec"
0.0 15.0 ssil -142.227341 HET
15.0 30.0 h -135.803543
30.0 285.0 ec -2087.136230
285.0 300.0 t -211.367783
300.0 360.0 ssil -935.313660
360.0 480.0 ssil -1781.697876 ECHTPAAR
480.0 535.0 ec -679.374207
535.0 595.0 x -803.397888
595.0 615.0 t -252.769424
615.0 715.0 p -1288.643921
715.0 855.0 ac -1576.841064
855.0 1000.0 r -1864.683716
1000.0 1015.0 ssil -228.853302
1015.0 1035.0 ssil -351.311035 ADOPTEERT
1035.0 1060.0 @ -396.047546
1060.0 1075.0 d -211.936661
1075.0 1095.0 oc -264.640106
1095.0 1170.0 p -936.679871
1170.0 1245.0 t -1059.235962
1245.0 1360.0 @ -1367.115723
1360.0 1375.0 r -188.078766
1375.0 1390.0 ssil -197.208801
1390.0 1405.0 ssil -195.224365 VOOR
1405.0 1520.0 v -1335.975830
1520.0 1585.0 o -811.995605
1585.0 1600.0 ssil -210.062836
1600.0 1680.0 ssil -1033.834473 VEEL
1680.0 1730.0 f -712.785706
1730.0 1800.0 e -821.707092
1800.0 1865.0 l -839.446716
1865.0 1880.0 ssil -231.565491
1880.0 1895.0 ssil -235.653458 GELD
1895.0 1995.0 x -1416.994385
1995.0 2025.0 ec -418.985138
2025.0 2145.0 l -1686.271484
2145.0 2210.0 t -915.039307
2210.0 2225.0 ssil -235.397629
2225.0 2240.0 ssil -224.857574 EEN
2240.0 2285.0 n -589.667725
2285.0 2300.0 ssil -234.180649
2300.0 2315.0 ssil -214.240356 TWEEJARIG
2315.0 2420.0 t -1435.721802
2420.0 2465.0 w -576.686890
2465.0 2605.0 e -1508.971069
2605.0 2630.0 j -268.335388
2630.0 2745.0 a -1277.017212
2745.0 2795.0 r -606.460815
2795.0 2810.0 @ -222.983337
2810.0 2870.0 x -813.325867
2870.0 2885.0 ssil -202.013855
2885.0 2910.0 ssil -336.076019 WEESJE
2910.0 2965.0 w -673.404236
2965.0 3070.0 e -1160.041138
3070.0 3200.0 s -1566.434937
3200.0 3230.0 j -405.216583
3230.0 3245.0 @ -242.537857
3245.0 3620.0 ssil -4839.103516
.
