#!MLF!#
"/net/aistaff/aki/_same-utterance/wav/02/Oost_Overijsel-Gelderland/2849-1451378142-813018.rec"
0.0 295.0 ssil -2637.670166 HET
295.0 310.0 h -149.851944
310.0 325.0 ec -199.796432
325.0 340.0 t -223.974869
340.0 560.0 ssil -2807.887939
560.0 635.0 ssil -1050.836426 ECHTPAAR
635.0 820.0 ec -2535.944336
820.0 860.0 x -576.888245
860.0 960.0 t -1334.302490
960.0 995.0 p -478.812317
995.0 1240.0 a -2221.529297
1240.0 1255.0 ssil -210.837875
1255.0 1270.0 ssil -208.569931 ADOPTEERT
1270.0 1375.0 ac -1351.119629
1375.0 1420.0 d -677.546509
1420.0 1540.0 oc -1502.579956
1540.0 1580.0 p -526.554504
1580.0 1620.0 t -602.838501
1620.0 1675.0 i -606.863953
1675.0 1730.0 r -674.329834
1730.0 1760.0 ssil -406.117004
1760.0 1820.0 ssil -768.153992 VOOR
1820.0 1875.0 f -706.315063
1875.0 1925.0 o -590.804443
1925.0 1995.0 ssil -885.983948
1995.0 2035.0 ssil -469.145660 VEEL
2035.0 2070.0 v -444.459351
2070.0 2120.0 e -590.667419
2120.0 2255.0 l -1641.930786
2255.0 2275.0 ssil -271.313019
2275.0 2290.0 ssil -203.188522 GELD
2290.0 2350.0 x -776.655212
2350.0 2415.0 ec -759.442871
2415.0 2545.0 l -1511.272827
2545.0 2560.0 ssil -206.366318
2560.0 2575.0 ssil -208.408691 EEN
2575.0 2680.0 @ -1389.317871
2680.0 2755.0 n -856.424988
2755.0 2770.0 ssil -208.027130
2770.0 2785.0 ssil -238.940659 TWEEJARIG
2785.0 2870.0 t -1149.909302
2870.0 2895.0 w -350.407318
2895.0 2950.0 e -585.346008
2950.0 3115.0 j -1885.653076
3115.0 3270.0 a -1705.976807
3270.0 3285.0 r -192.703949
3285.0 3300.0 @ -185.267532
3300.0 3315.0 x -208.873993
3315.0 3330.0 ssil -187.557724
3330.0 3365.0 ssil -416.165955 WEESJE
3365.0 3395.0 w -347.011505
3395.0 3555.0 e -1950.384399
3555.0 3705.0 s -2053.682373
3705.0 3785.0 j -1070.581421
3785.0 3805.0 @ -295.027405
3805.0 4900.0 ssil -12798.008789
.
