#!MLF!#
"/net/aistaff/aki/_same-utterance/wav/02/Oost_Overijsel-Gelderland/2982-1449407465-356841.rec"
0.0 1080.0 ssil -12496.971680 HET
1080.0 1095.0 h -221.613281
1095.0 1195.0 ec -1228.417725
1195.0 1215.0 t -284.572052
1215.0 1240.0 ssil -321.408508
1240.0 1270.0 ssil -408.414368 ECHTPAAR
1270.0 1315.0 ec -541.053284
1315.0 1330.0 x -224.565964
1330.0 1345.0 t -214.591446
1345.0 1370.0 p -355.212036
1370.0 1515.0 a -1546.277100
1515.0 1530.0 ssil -218.743622
1530.0 1545.0 ssil -226.255081 ADOPTEERT
1545.0 1690.0 ac -1890.280396
1690.0 1720.0 d -400.901489
1720.0 1800.0 oc -1039.793701
1800.0 1845.0 p -599.436584
1845.0 1905.0 t -782.865906
1905.0 2025.0 i -1246.420776
2025.0 2110.0 r -1155.260620
2110.0 2140.0 ssil -367.437683
2140.0 2160.0 ssil -234.462997 VOOR
2160.0 2215.0 v -653.632568
2215.0 2270.0 o -634.105347
2270.0 2300.0 ssil -367.967529
2300.0 2325.0 ssil -311.012238 VEEL
2325.0 2375.0 v -601.214355
2375.0 2430.0 e -627.519592
2430.0 2520.0 l -1053.287109
2520.0 2535.0 ssil -212.098557
2535.0 2550.0 ssil -209.929077 GELD
2550.0 2640.0 x -1175.682129
2640.0 2700.0 ec -637.741821
2700.0 2855.0 l -1852.341187
2855.0 2915.0 t -815.423401
2915.0 2935.0 ssil -257.238525
2935.0 2965.0 ssil -403.220245 EEN
2965.0 3005.0 @ -518.328796
3005.0 3045.0 n -443.208405
3045.0 3065.0 ssil -233.245682
3065.0 3090.0 ssil -281.658081 TWEEJARIG
3090.0 3165.0 t -1048.708496
3165.0 3190.0 w -289.473663
3190.0 3360.0 e -1626.633789
3360.0 3410.0 j -547.193909
3410.0 3490.0 a -806.407837
3490.0 3525.0 r -467.426910
3525.0 3565.0 @ -493.762299
3565.0 3625.0 x -800.689331
3625.0 3660.0 ssil -414.228729
3660.0 3675.0 ssil -184.952408 WEESJE
3675.0 3710.0 w -419.599640
3710.0 3895.0 e -1916.959473
3895.0 4040.0 s -1883.411011
4040.0 4095.0 j -663.391846
4095.0 4130.0 @ -409.748169
4130.0 4805.0 ssil -7658.612305
.
