#!MLF!#
"/net/aistaff/aki/_same-utterance/wav/02/Oost_Overijsel-Gelderland/3060-1449413281-367347.rec"
0.0 185.0 ssil -2091.708252 HET
185.0 285.0 h -1316.884399
285.0 340.0 ec -623.032349
340.0 390.0 t -704.461792
390.0 405.0 ssil -204.861526
405.0 510.0 ssil -1443.001343 ECHTPAAR
510.0 605.0 ec -1197.089478
605.0 690.0 x -1165.909302
690.0 720.0 t -398.968567
720.0 865.0 p -1923.542480
865.0 1030.0 a -1695.837891
1030.0 1055.0 r -402.296051
1055.0 1085.0 ssil -377.944977
1085.0 1140.0 ssil -652.278320 ADOPTEERT
1140.0 1230.0 ac -1246.049927
1230.0 1260.0 d -445.421356
1260.0 1330.0 oc -808.209595
1330.0 1440.0 p -1467.624634
1440.0 1480.0 t -523.472961
1480.0 1610.0 i -1358.949951
1610.0 1660.0 r -737.846436
1660.0 1735.0 ssil -964.008606
1735.0 1765.0 ssil -465.682159 VOOR
1765.0 1920.0 f -1970.377075
1920.0 2040.0 o -1503.734619
2040.0 2055.0 ssil -206.236084
2055.0 2070.0 ssil -202.416916 VEEL
2070.0 2135.0 f -873.845642
2135.0 2195.0 e -630.428955
2195.0 2260.0 l -808.963684
2260.0 2275.0 ssil -233.436005
2275.0 2290.0 ssil -257.023010 GELD
2290.0 2395.0 x -1390.803101
2395.0 2415.0 ec -240.872894
2415.0 2570.0 l -1547.783936
2570.0 2615.0 t -595.753113
2615.0 2640.0 ssil -371.421143
2640.0 2710.0 ssil -859.235229 EEN
2710.0 2790.0 @ -1021.696655
2790.0 2860.0 n -932.294983
2860.0 2875.0 ssil -184.828705
2875.0 2890.0 ssil -190.188110 TWEEJARIG
2890.0 2980.0 t -1256.808716
2980.0 2995.0 w -200.491547
2995.0 3150.0 e -1336.124512
3150.0 3245.0 j -905.403564
3245.0 3305.0 a -597.755615
3305.0 3370.0 r -784.996094
3370.0 3385.0 @ -222.776535
3385.0 3465.0 x -1033.019653
3465.0 3480.0 ssil -204.206909
3480.0 3495.0 ssil -203.203629 WEESJE
3495.0 3590.0 w -1015.733276
3590.0 3715.0 e -1437.713867
3715.0 3850.0 s -1632.677124
3850.0 3875.0 j -339.194855
3875.0 3920.0 @ -583.422180
3920.0 4065.0 ssil -1782.847168
.
