#!MLF!#
"/net/aistaff/aki/_same-utterance/wav/02/Oost_Overijsel-Gelderland/3377-1449532276-466046.rec"
0.0 15.0 ssil -162.429993 HET
15.0 30.0 h -149.705948
30.0 105.0 ec -727.592957
105.0 120.0 t -239.577255
120.0 495.0 ssil -4612.006348
495.0 610.0 ssil -1780.380737 ECHTPAAR
610.0 720.0 ec -1510.425293
720.0 800.0 x -1093.092651
800.0 840.0 t -544.561829
840.0 920.0 p -1095.355713
920.0 1160.0 a -2898.904541
1160.0 1200.0 r -512.621521
1200.0 1215.0 ssil -185.580673
1215.0 1255.0 ssil -550.471008 ADOPTEERT
1255.0 1275.0 @ -313.999603
1275.0 1310.0 d -565.356384
1310.0 1370.0 oc -856.882080
1370.0 1455.0 p -1078.469116
1455.0 1520.0 t -965.070801
1520.0 1605.0 @ -1071.597412
1605.0 1645.0 r -539.928589
1645.0 1660.0 ssil -223.507187
1660.0 1675.0 ssil -226.606537 VOOR
1675.0 1795.0 f -1506.662598
1795.0 1855.0 o -777.402771
1855.0 1875.0 ssil -272.872467
1875.0 1890.0 ssil -185.600357 VEEL
1890.0 2040.0 f -1963.169922
2040.0 2145.0 e -1281.869263
2145.0 2240.0 l -1340.486328
2240.0 2255.0 ssil -223.182480
2255.0 2270.0 ssil -216.112305 GELD
2270.0 2375.0 x -1378.849121
2375.0 2390.0 ec -216.584305
2390.0 2585.0 l -2556.298828
2585.0 2675.0 t -1242.621094
2675.0 2710.0 ssil -531.026428
2710.0 2750.0 ssil -628.834229 EEN
2750.0 2830.0 n -1088.585815
2830.0 2845.0 ssil -216.742584
2845.0 2890.0 ssil -570.501404 TWEEJARIG
2890.0 3035.0 t -2043.126709
3035.0 3055.0 w -263.981079
3055.0 3150.0 e -1097.370972
3150.0 3260.0 j -1249.762817
3260.0 3285.0 a -287.323792
3285.0 3435.0 r -1796.265137
3435.0 3450.0 @ -207.939056
3450.0 3480.0 x -412.467438
3480.0 3495.0 ssil -207.699295
3495.0 3510.0 ssil -224.240265 WEESJE
3510.0 3620.0 w -1423.735107
3620.0 3785.0 e -2013.167480
3785.0 3935.0 s -1808.033936
3935.0 3995.0 j -815.286255
3995.0 4080.0 @ -1132.948853
4080.0 4410.0 ssil -4169.725098
.
