#!MLF!#
"/net/aistaff/aki/_same-utterance/wav/02/Oost_Overijsel-Gelderland/3399-1449525604-460864.rec"
0.0 485.0 ssil -5815.395996 HET
485.0 505.0 h -246.497726
505.0 585.0 ec -1040.197632
585.0 630.0 t -642.324463
630.0 680.0 ssil -658.439697
680.0 715.0 ssil -611.320068 ECHTPAAR
715.0 770.0 ec -777.642822
770.0 845.0 x -999.291565
845.0 875.0 t -413.383881
875.0 985.0 p -1379.733643
985.0 1305.0 a -4076.092041
1305.0 1485.0 ssil -2305.123535
1485.0 1580.0 ssil -1209.358887 ADOPTEERT
1580.0 1665.0 ac -1227.119141
1665.0 1700.0 d -502.168030
1700.0 1820.0 oc -1621.256348
1820.0 1870.0 p -750.606812
1870.0 1900.0 t -458.835846
1900.0 2045.0 i -1463.704712
2045.0 2100.0 r -783.380188
2100.0 2130.0 t -456.586212
2130.0 2170.0 ssil -505.091370
2170.0 2195.0 ssil -312.544830 VOOR
2195.0 2250.0 v -712.787354
2250.0 2345.0 o -1175.802856
2345.0 2400.0 ssil -743.269775
2400.0 2440.0 ssil -548.103210 VEEL
2440.0 2460.0 v -295.994751
2460.0 2560.0 e -1091.985352
2560.0 2655.0 l -1144.238159
2655.0 2670.0 ssil -228.597504
2670.0 2685.0 ssil -215.811569 GELD
2685.0 2790.0 x -1378.265869
2790.0 2885.0 ec -970.336121
2885.0 3080.0 l -2601.942871
3080.0 3145.0 t -937.379639
3145.0 3180.0 ssil -467.515839
3180.0 3220.0 ssil -706.959961 EEN
3220.0 3285.0 n -843.400452
3285.0 3300.0 ssil -203.604187
3300.0 3315.0 ssil -208.521652 TWEEJARIG
3315.0 3350.0 t -525.497986
3350.0 3405.0 w -705.780273
3405.0 3595.0 e -1823.984131
3595.0 3635.0 j -472.106262
3635.0 3785.0 a -1440.475952
3785.0 3800.0 r -183.115128
3800.0 3820.0 @ -259.783447
3820.0 3910.0 x -1107.123169
3910.0 3935.0 ssil -309.972351
3935.0 3965.0 ssil -426.904022 WEESJE
3965.0 3985.0 w -270.260773
3985.0 4160.0 e -1854.972412
4160.0 4330.0 s -2208.816162
4330.0 4375.0 j -499.865753
4375.0 4420.0 @ -547.259521
4420.0 4645.0 ssil -2635.008301
.
