#!MLF!#
"/net/aistaff/aki/_same-utterance/wav/02/Oost_Overijsel-Gelderland/3583-1449604341-502420.rec"
0.0 490.0 ssil -5860.838379 HET
490.0 505.0 h -205.777298
505.0 565.0 ec -694.277588
565.0 635.0 t -980.197327
635.0 650.0 ssil -208.540909
650.0 665.0 ssil -195.012909 ECHTPAAR
665.0 730.0 ec -913.045410
730.0 800.0 x -951.604492
800.0 815.0 t -208.897629
815.0 905.0 p -1187.220337
905.0 1170.0 a -2953.583008
1170.0 1185.0 ssil -237.620911
1185.0 1200.0 ssil -228.319260 ADOPTEERT
1200.0 1250.0 ac -626.371521
1250.0 1310.0 d -783.006470
1310.0 1325.0 oc -231.492386
1325.0 1340.0 p -263.040314
1340.0 1365.0 t -395.563477
1365.0 1455.0 i -1102.842407
1455.0 1530.0 r -913.653687
1530.0 1570.0 t -589.841553
1570.0 1585.0 ssil -216.956436
1585.0 1600.0 ssil -196.394226 VOOR
1600.0 1680.0 f -1041.639526
1680.0 1785.0 o -1314.280884
1785.0 1805.0 r -276.925629
1805.0 1820.0 ssil -194.927505
1820.0 1835.0 ssil -186.111221 VEEL
1835.0 1905.0 v -793.923096
1905.0 1950.0 e -543.564575
1950.0 2055.0 l -1422.756836
2055.0 2070.0 ssil -218.571579
2070.0 2085.0 ssil -211.210861 GELD
2085.0 2125.0 x -533.762634
2125.0 2175.0 ec -532.596436
2175.0 2330.0 l -1835.765991
2330.0 2375.0 t -636.721619
2375.0 2390.0 ssil -246.122925
2390.0 2405.0 ssil -204.706711 EEN
2405.0 2470.0 @ -876.173401
2470.0 2545.0 n -1037.804321
2545.0 2560.0 ssil -246.139465
2560.0 2585.0 ssil -411.469208 TWEEJARIG
2585.0 2710.0 t -1734.250610
2710.0 2745.0 w -407.235107
2745.0 2825.0 e -812.065063
2825.0 2925.0 j -1090.674683
2925.0 3070.0 a -1376.538452
3070.0 3135.0 r -655.516907
3135.0 3155.0 @ -304.650269
3155.0 3180.0 x -354.779266
3180.0 3195.0 ssil -218.809509
3195.0 3210.0 ssil -207.280701 WEESJE
3210.0 3285.0 w -894.617981
3285.0 3430.0 e -1446.297241
3430.0 3545.0 s -1565.456787
3545.0 3565.0 j -260.259521
3565.0 3640.0 @ -941.556335
3640.0 3995.0 ssil -4239.823242
.
