#!MLF!#
"/net/aistaff/aki/_same-utterance/wav/02/Oost_Overijsel-Gelderland/3601-1449607512-508162.rec"
0.0 300.0 ssil -2469.066895 HET
300.0 315.0 h -151.105637
315.0 330.0 ec -214.260361
330.0 345.0 t -200.719009
345.0 995.0 ssil -7622.236328
995.0 1125.0 ssil -1699.076416 ECHTPAAR
1125.0 1360.0 ec -3309.526855
1360.0 1500.0 x -1899.114380
1500.0 1520.0 t -255.233521
1520.0 1565.0 p -691.815613
1565.0 1620.0 ac -670.749268
1620.0 1815.0 r -2432.655762
1815.0 1830.0 ssil -229.118698
1830.0 1845.0 ssil -219.598282 ADOPTEERT
1845.0 1895.0 ac -749.654480
1895.0 1915.0 d -308.709778
1915.0 2015.0 oc -1283.759888
2015.0 2050.0 p -542.848083
2050.0 2115.0 t -984.158020
2115.0 2220.0 i -1252.459473
2220.0 2260.0 r -563.479248
2260.0 2325.0 t -939.567871
2325.0 2370.0 ssil -673.239136
2370.0 2395.0 ssil -348.056488 VOOR
2395.0 2440.0 f -601.874207
2440.0 2510.0 o -831.338135
2510.0 2575.0 r -1026.092163
2575.0 2590.0 ssil -245.956406
2590.0 2605.0 ssil -265.249908 VEEL
2605.0 2630.0 v -416.426483
2630.0 2685.0 e -758.407227
2685.0 2820.0 l -1865.567139
2820.0 2855.0 ssil -446.774139
2855.0 2870.0 ssil -203.554932 GELD
2870.0 2910.0 x -558.778076
2910.0 2925.0 ec -183.602509
2925.0 3085.0 l -1810.928345
3085.0 3325.0 t -3409.553223
3325.0 3340.0 ssil -195.839325
3340.0 3370.0 ssil -373.336243 EEN
3370.0 3430.0 @ -838.378845
3430.0 3490.0 n -737.190186
3490.0 3510.0 ssil -268.554596
3510.0 3535.0 ssil -344.435730 TWEEJARIG
3535.0 3625.0 t -1262.804810
3625.0 3645.0 w -291.872070
3645.0 3790.0 e -1671.102783
3790.0 3860.0 j -834.747864
3860.0 3970.0 a -1349.400513
3970.0 4070.0 r -1431.547607
4070.0 4090.0 @ -267.994537
4090.0 4120.0 x -420.665771
4120.0 4135.0 ssil -203.591766
4135.0 4150.0 ssil -198.767868 WEESJE
4150.0 4185.0 w -503.277832
4185.0 4335.0 e -2014.489136
4335.0 4500.0 s -2331.308350
4500.0 4580.0 j -893.024475
4580.0 4635.0 @ -695.367737
4635.0 5180.0 ssil -5969.399414
.
