#!MLF!#
"/net/aistaff/aki/_same-utterance/wav/02/Oost_Overijsel-Gelderland/3748-1457827432-1615423.rec"
0.0 295.0 ssil -2477.594238 HET
295.0 310.0 h -147.650818
310.0 325.0 ec -213.855377
325.0 345.0 t -302.080383
345.0 665.0 ssil -3963.665283
665.0 835.0 ssil -2397.364502 ECHTPAAR
835.0 945.0 ec -1547.130859
945.0 1015.0 x -957.737488
1015.0 1055.0 t -536.776184
1055.0 1130.0 p -1071.418701
1130.0 1410.0 a -3288.504639
1410.0 1425.0 ssil -224.952148
1425.0 1440.0 ssil -234.941605 ADOPTEERT
1440.0 1540.0 ac -1303.614502
1540.0 1560.0 d -298.543762
1560.0 1700.0 oc -1878.656250
1700.0 1715.0 p -242.872330
1715.0 1775.0 t -825.833435
1775.0 1885.0 i -1257.900757
1885.0 1925.0 r -550.153137
1925.0 1960.0 t -506.983032
1960.0 1975.0 ssil -198.000778
1975.0 1995.0 ssil -247.510345 VOOR
1995.0 2070.0 f -947.740601
2070.0 2130.0 o -673.555176
2130.0 2155.0 ssil -340.364410
2155.0 2175.0 ssil -271.632355 VEEL
2175.0 2275.0 f -1225.356812
2275.0 2330.0 e -657.306702
2330.0 2470.0 l -1640.312500
2470.0 2485.0 ssil -235.466461
2485.0 2500.0 ssil -236.195328 GELD
2500.0 2625.0 x -1818.518799
2625.0 2665.0 ec -495.262207
2665.0 2800.0 l -1582.347778
2800.0 2845.0 ssil -659.484436
2845.0 2920.0 ssil -928.566956 EEN
2920.0 2965.0 @ -642.361145
2965.0 3000.0 n -424.983917
3000.0 3015.0 ssil -213.995895
3015.0 3030.0 ssil -199.051239 TWEEJARIG
3030.0 3135.0 t -1455.778564
3135.0 3180.0 w -544.284912
3180.0 3260.0 e -857.192871
3260.0 3405.0 j -1670.684082
3405.0 3530.0 a -1351.581909
3530.0 3570.0 r -455.279480
3570.0 3585.0 @ -215.560608
3585.0 3615.0 x -382.926422
3615.0 3640.0 ssil -351.057068
3640.0 3680.0 ssil -516.597351 WEESJE
3680.0 3750.0 w -955.807922
3750.0 3850.0 e -1227.095215
3850.0 3975.0 s -1627.378662
3975.0 4000.0 j -327.884064
4000.0 4020.0 @ -274.610138
4020.0 4620.0 ssil -7041.052734
.
