#!MLF!#
"/net/aistaff/aki/_same-utterance/wav/02/Oost_Overijsel-Gelderland/3823-1452344342-687068.rec"
0.0 150.0 ssil -1566.094238 HET
150.0 165.0 h -162.228012
165.0 185.0 ec -293.927429
185.0 215.0 t -397.238831
215.0 695.0 ssil -6175.973633
695.0 815.0 ssil -1804.099365 ECHTPAAR
815.0 945.0 ec -1800.662842
945.0 1055.0 x -1612.810791
1055.0 1095.0 t -569.007629
1095.0 1190.0 p -1167.073120
1190.0 1520.0 a -4113.987793
1520.0 1545.0 r -380.785248
1545.0 1560.0 ssil -238.286194
1560.0 1575.0 ssil -217.403595 ADOPTEERT
1575.0 1695.0 ac -1560.196045
1695.0 1715.0 d -287.806274
1715.0 1730.0 oc -217.400360
1730.0 1755.0 p -373.648590
1755.0 1815.0 t -848.612915
1815.0 1930.0 i -1226.359131
1930.0 1975.0 r -647.234314
1975.0 2000.0 t -362.866608
2000.0 2020.0 ssil -253.001236
2020.0 2035.0 ssil -172.432755 VOOR
2035.0 2115.0 v -987.795959
2115.0 2165.0 o -648.991821
2165.0 2215.0 ssil -696.662476
2215.0 2285.0 ssil -883.316284 VEEL
2285.0 2325.0 f -558.926514
2325.0 2380.0 e -793.192871
2380.0 2490.0 l -1425.835815
2490.0 2510.0 ssil -311.556488
2510.0 2525.0 ssil -202.773682 GELD
2525.0 2585.0 x -781.213745
2585.0 2660.0 ec -730.798767
2660.0 2720.0 l -686.106873
2720.0 2735.0 ssil -205.502014
2735.0 2785.0 ssil -783.755310 EEN
2785.0 2850.0 @ -947.563965
2850.0 2890.0 n -575.760498
2890.0 2925.0 ssil -468.993744
2925.0 2950.0 ssil -359.689087 TWEEJARIG
2950.0 3020.0 t -1077.296875
3020.0 3065.0 w -630.704346
3065.0 3165.0 e -1103.687134
3165.0 3260.0 j -1196.224487
3260.0 3390.0 a -1509.266479
3390.0 3425.0 r -546.057007
3425.0 3460.0 @ -520.647339
3460.0 3505.0 x -684.875854
3505.0 3560.0 ssil -795.144043
3560.0 3580.0 ssil -287.290863 WEESJE
3580.0 3615.0 w -446.792908
3615.0 3765.0 e -1900.576050
3765.0 3940.0 s -2355.385254
3940.0 4125.0 j -2414.191406
4125.0 4140.0 @ -204.217331
4140.0 4365.0 ssil -2556.902832
.
