#!MLF!#
"/net/aistaff/aki/_same-utterance/wav/02/Oost_Overijsel-Gelderland/3872-1449785626-580797.rec"
0.0 290.0 ssil -2555.990967 HET
290.0 305.0 h -152.724228
305.0 330.0 ec -338.813568
330.0 415.0 t -1218.551880
415.0 1070.0 ssil -8012.245605
1070.0 1245.0 ssil -2529.586426 ECHTPAAR
1245.0 1315.0 ec -928.715271
1315.0 1355.0 x -545.313721
1355.0 1450.0 t -1370.379028
1450.0 1550.0 p -1302.728638
1550.0 1770.0 a -2700.482178
1770.0 1815.0 ssil -589.152893
1815.0 1850.0 ssil -563.264954 ADOPTEERT
1850.0 1930.0 ac -1001.389099
1930.0 1985.0 d -847.553772
1985.0 2040.0 oc -723.333069
2040.0 2180.0 p -2086.508301
2180.0 2210.0 t -406.540100
2210.0 2330.0 i -1356.647705
2330.0 2390.0 r -831.224243
2390.0 2405.0 ssil -226.499893
2405.0 2455.0 ssil -708.619385 VOOR
2455.0 2585.0 f -1676.382446
2585.0 2650.0 o -769.496948
2650.0 2665.0 ssil -207.009171
2665.0 2680.0 ssil -192.838776 VEEL
2680.0 2775.0 f -1215.983032
2775.0 2855.0 e -955.800781
2855.0 2900.0 l -566.403381
2900.0 2915.0 ssil -189.623962
2915.0 2930.0 ssil -199.588135 GELD
2930.0 3050.0 x -1559.168457
3050.0 3120.0 ec -755.471130
3120.0 3220.0 l -1302.546753
3220.0 3280.0 t -890.724487
3280.0 3295.0 ssil -214.358246
3295.0 3310.0 ssil -219.036514 EEN
3310.0 3370.0 @ -813.034607
3370.0 3395.0 ssil -319.642365
3395.0 3435.0 ssil -542.108032 TWEEJARIG
3435.0 3535.0 t -1296.170898
3535.0 3575.0 w -477.784668
3575.0 3750.0 e -1624.921143
3750.0 3810.0 j -601.841858
3810.0 3925.0 a -1263.356812
3925.0 4005.0 r -1019.156677
4005.0 4020.0 @ -216.525879
4020.0 4055.0 x -460.837830
4055.0 4080.0 ssil -332.785675
4080.0 4095.0 ssil -196.707672 WEESJE
4095.0 4155.0 w -689.231995
4155.0 4305.0 e -1799.173340
4305.0 4475.0 s -2092.399414
4475.0 4530.0 j -758.075195
4530.0 4570.0 @ -578.088562
4570.0 5480.0 ssil -10793.545898
.
