#!MLF!#
"/net/aistaff/aki/_same-utterance/wav/02/Oost_Overijsel-Gelderland/4012-1449944567-614182.rec"
0.0 145.0 ssil -1626.241333 HET
145.0 160.0 h -217.673676
160.0 175.0 ec -196.741318
175.0 190.0 t -196.437759
190.0 560.0 ssil -5190.106445
560.0 1015.0 ssil -5826.800293 ECHTPAAR
1015.0 1070.0 ec -745.654602
1070.0 1190.0 x -1558.889648
1190.0 1205.0 t -206.967407
1205.0 1295.0 p -1217.872437
1295.0 1540.0 a -3040.635742
1540.0 1620.0 ssil -993.933594
1620.0 1675.0 ssil -736.269897 ADOPTEERT
1675.0 1750.0 @ -1053.571533
1750.0 1790.0 d -551.079285
1790.0 1910.0 oc -1536.651855
1910.0 1925.0 p -225.844131
1925.0 1980.0 t -784.080383
1980.0 2090.0 @ -1306.214111
2090.0 2105.0 r -224.251923
2105.0 2130.0 ssil -361.788605
2130.0 2145.0 ssil -207.319199 VOOR
2145.0 2200.0 f -726.447937
2200.0 2260.0 o -772.661438
2260.0 2275.0 ssil -199.201477
2275.0 2290.0 ssil -176.999207 VEEL
2290.0 2390.0 f -1235.725586
2390.0 2420.0 e -376.399719
2420.0 2505.0 l -1066.603271
2505.0 2520.0 ssil -233.668533
2520.0 2535.0 ssil -198.993423 GELD
2535.0 2620.0 x -1090.397339
2620.0 2650.0 ec -361.822815
2650.0 2810.0 l -1944.759766
2810.0 2890.0 t -988.409668
2890.0 2950.0 ssil -742.654907
2950.0 3080.0 ssil -1508.568604 EEN
3080.0 3150.0 @ -996.223877
3150.0 3210.0 n -834.591248
3210.0 3225.0 ssil -219.114120
3225.0 3240.0 ssil -206.756683 TWEEJARIG
3240.0 3335.0 t -1234.926147
3335.0 3365.0 w -354.207458
3365.0 3390.0 e -305.623413
3390.0 3495.0 j -1182.736328
3495.0 3615.0 a -1399.614624
3615.0 3665.0 r -731.691467
3665.0 3685.0 @ -275.517639
3685.0 3705.0 x -272.177887
3705.0 3725.0 ssil -273.087341
3725.0 3740.0 ssil -196.380035 WEESJE
3740.0 3805.0 w -735.208740
3805.0 3920.0 e -1429.358887
3920.0 4060.0 s -1713.194946
4060.0 4105.0 j -611.812683
4105.0 4140.0 @ -458.787140
4140.0 4600.0 ssil -5359.549316
.
