#!MLF!#
"/net/aistaff/aki/_same-utterance/wav/02/Oost_Overijsel-Gelderland/4444-1450520236-721204.rec"
0.0 405.0 ssil -4345.190918 HET
405.0 490.0 h -1116.842773
490.0 575.0 ec -1026.567993
575.0 635.0 t -778.226318
635.0 665.0 ssil -423.893677
665.0 720.0 ssil -696.991943 ECHTPAAR
720.0 825.0 ec -1310.777588
825.0 890.0 x -1016.811890
890.0 935.0 t -618.197693
935.0 1010.0 p -961.819885
1010.0 1220.0 a -2631.775879
1220.0 1235.0 ssil -230.630264
1235.0 1250.0 ssil -249.511047 ADOPTEERT
1250.0 1340.0 ac -1166.761230
1340.0 1360.0 d -305.299652
1360.0 1420.0 oc -827.475281
1420.0 1515.0 p -1222.777954
1515.0 1575.0 t -980.279602
1575.0 1645.0 i -967.034180
1645.0 1710.0 r -967.923889
1710.0 1740.0 ssil -488.357208
1740.0 1755.0 ssil -176.945496 VOOR
1755.0 1850.0 v -1130.988647
1850.0 1950.0 o -1391.645142
1950.0 1990.0 ssil -538.650574
1990.0 2005.0 ssil -162.833588 VEEL
2005.0 2075.0 f -946.184082
2075.0 2165.0 e -1139.585938
2165.0 2295.0 l -1684.908813
2295.0 2315.0 ssil -349.102844
2315.0 2330.0 ssil -254.457977 GELD
2330.0 2365.0 x -526.550415
2365.0 2465.0 ec -1078.848022
2465.0 2525.0 l -751.871399
2525.0 2585.0 t -851.316772
2585.0 2605.0 ssil -333.155823
2605.0 2655.0 ssil -623.194031 EEN
2655.0 2680.0 @ -362.383698
2680.0 2735.0 n -689.757202
2735.0 2755.0 ssil -312.254730
2755.0 2770.0 ssil -235.347839 TWEEJARIG
2770.0 2835.0 t -1066.650269
2835.0 2870.0 w -443.150360
2870.0 3020.0 e -1715.353027
3020.0 3115.0 j -1122.184082
3115.0 3190.0 a -829.882141
3190.0 3250.0 r -813.769104
3250.0 3265.0 @ -233.860489
3265.0 3330.0 x -957.141907
3330.0 3345.0 ssil -228.452728
3345.0 3360.0 ssil -217.038177 WEESJE
3360.0 3395.0 w -455.716064
3395.0 3550.0 e -1833.328369
3550.0 3670.0 s -1731.233398
3670.0 3755.0 j -1052.981689
3755.0 3805.0 @ -655.173340
3805.0 3900.0 ssil -1005.127258
.
