#!MLF!#
"/net/aistaff/aki/_same-utterance/wav/02/Oost_Overijsel-Gelderland/4495-1450598700-733066.rec"
0.0 600.0 ssil -7458.325684 HET
600.0 660.0 h -759.898193
660.0 690.0 ec -382.782562
690.0 710.0 t -265.613617
710.0 745.0 ssil -436.006683
745.0 770.0 ssil -371.018646 ECHTPAAR
770.0 915.0 ec -1985.415771
915.0 975.0 x -840.868713
975.0 1010.0 t -450.349915
1010.0 1065.0 p -726.896362
1065.0 1285.0 ac -2904.297852
1285.0 1305.0 ssil -252.237183
1305.0 1360.0 ssil -722.191101 ADOPTEERT
1360.0 1480.0 @ -1705.966187
1480.0 1510.0 d -516.252869
1510.0 1630.0 oc -1524.499634
1630.0 1670.0 p -590.029297
1670.0 1750.0 t -1118.662354
1750.0 1905.0 @ -1933.833984
1905.0 1950.0 r -604.253662
1950.0 1985.0 ssil -454.689545
1985.0 2010.0 ssil -287.361084 VOOR
2010.0 2180.0 f -2031.871582
2180.0 2280.0 o -1127.586182
2280.0 2305.0 ssil -307.953308
2305.0 2350.0 ssil -599.501465 VEEL
2350.0 2415.0 f -799.593628
2415.0 2480.0 e -744.306152
2480.0 2585.0 l -1376.045654
2585.0 2600.0 ssil -242.298401
2600.0 2615.0 ssil -240.644836 GELD
2615.0 2690.0 x -1020.251709
2690.0 2725.0 ec -457.333954
2725.0 2880.0 l -1896.074829
2880.0 2920.0 t -563.722900
2920.0 2935.0 ssil -220.692886
2935.0 2950.0 ssil -225.086151 EEN
2950.0 3005.0 @ -651.109253
3005.0 3040.0 n -434.171265
3040.0 3065.0 ssil -310.001099
3065.0 3095.0 ssil -394.372162 TWEEJARIG
3095.0 3200.0 t -1469.388916
3200.0 3230.0 w -352.761017
3230.0 3315.0 e -840.492859
3315.0 3440.0 j -1406.566406
3440.0 3550.0 a -1295.199951
3550.0 3570.0 r -324.518616
3570.0 3595.0 @ -350.312531
3595.0 3630.0 x -462.786072
3630.0 3670.0 ssil -517.711548
3670.0 3695.0 ssil -303.993286 WEESJE
3695.0 3765.0 w -835.594055
3765.0 3935.0 e -1957.667114
3935.0 4035.0 s -1254.511230
4035.0 4095.0 j -695.943237
4095.0 4120.0 @ -307.500061
4120.0 4320.0 ssil -2659.933350
.
