#!MLF!#
"/net/aistaff/aki/_same-utterance/wav/02/Oost_Overijsel-Gelderland/5363-1458465258-1688438.rec"
0.0 175.0 ssil -1831.242798 HET
175.0 190.0 h -304.770233
190.0 205.0 ec -233.254852
205.0 255.0 t -688.250305
255.0 870.0 ssil -7407.241211
870.0 980.0 ssil -1627.555420 ECHTPAAR
980.0 1095.0 ec -1419.146973
1095.0 1185.0 x -1278.452759
1185.0 1220.0 t -465.738007
1220.0 1345.0 p -1661.342773
1345.0 1595.0 a -2696.224365
1595.0 1610.0 ssil -213.895203
1610.0 1625.0 ssil -229.991562 ADOPTEERT
1625.0 1755.0 ac -1733.730591
1755.0 1785.0 d -448.436493
1785.0 1935.0 oc -1833.951538
1935.0 1965.0 p -427.405090
1965.0 2010.0 t -635.342590
2010.0 2145.0 i -1460.959961
2145.0 2275.0 r -1506.269043
2275.0 2290.0 ssil -235.101120
2290.0 2305.0 ssil -218.864410 VOOR
2305.0 2430.0 f -1551.777588
2430.0 2520.0 o -1084.039429
2520.0 2535.0 ssil -202.303680
2535.0 2560.0 ssil -291.062927 VEEL
2560.0 2650.0 v -1105.094604
2650.0 2665.0 e -193.409576
2665.0 2730.0 l -744.959595
2730.0 2745.0 ssil -227.855057
2745.0 2760.0 ssil -210.921036 GELD
2760.0 2885.0 x -1572.499023
2885.0 3005.0 ec -1236.244507
3005.0 3170.0 l -1930.699097
3170.0 3190.0 t -271.510376
3190.0 3210.0 ssil -280.795380
3210.0 3235.0 ssil -349.353424 EEN
3235.0 3285.0 @ -604.935730
3285.0 3405.0 n -1587.354492
3405.0 3440.0 ssil -520.397034
3440.0 3455.0 ssil -192.612549 TWEEJARIG
3455.0 3480.0 t -301.654083
3480.0 3495.0 w -183.488998
3495.0 3640.0 e -1368.532104
3640.0 3715.0 j -724.834229
3715.0 3730.0 a -161.952545
3730.0 3880.0 r -1648.312134
3880.0 3895.0 @ -194.839462
3895.0 3935.0 x -532.685242
3935.0 3950.0 ssil -209.879929
3950.0 3980.0 ssil -414.907501 WEESJE
3980.0 4025.0 w -535.245544
4025.0 4210.0 e -1977.778687
4210.0 4360.0 s -1970.545776
4360.0 4415.0 j -668.954224
4415.0 4515.0 @ -1267.854370
4515.0 6295.0 ssil -20268.578125
.
