#!MLF!#
"/net/aistaff/aki/_same-utterance/wav/02/Oost_Overijsel-Gelderland/5598-1454015962-1029217.rec"
0.0 1070.0001 ssil -12139.380859 HET
1070.0001 1135.0001 h -818.067139
1135.0001 1230.0 ec -1167.639282
1230.0 1275.0001 t -653.045959
1275.0001 1300.0001 ssil -315.268066
1300.0 1355.0 ssil -701.456604 ECHTPAAR
1355.0 1410.0 ec -717.581482
1410.0 1485.0 x -1060.507812
1485.0 1525.0 t -529.892944
1525.0 1570.0 p -611.662598
1570.0 1890.0 a -3772.568604
1890.0 1905.0 ssil -222.917068
1905.0 1920.0 ssil -218.438416 ADOPTEERT
1920.0 1965.0 ac -556.834290
1965.0 1980.0 d -197.744812
1980.0 2025.0 oc -582.921326
2025.0 2075.0 p -654.787537
2075.0 2120.0 t -623.867554
2120.0 2255.0 i -1530.079712
2255.0 2300.0 r -575.993225
2300.0 2320.0 ssil -279.249756
2320.0 2375.0 ssil -714.638489 VOOR
2375.0 2415.0 v -493.510742
2415.0 2450.0 o -390.647339
2450.0 2480.0 r -386.178619
2480.0 2530.0 ssil -600.064026
2530.0 2570.0 ssil -465.269501 VEEL
2570.0 2595.0 v -322.800720
2595.0 2665.0 e -714.752869
2665.0 2725.0 l -697.445801
2725.0 2740.0 ssil -188.760056
2740.0 2755.0 ssil -184.494537 GELD
2755.0 2870.0 x -1393.746826
2870.0 2915.0 ec -461.233032
2915.0 2990.0 l -839.945190
2990.0 3010.0 ssil -249.827881
3010.0 3060.0 ssil -663.265869 EEN
3060.0 3085.0 @ -309.421173
3085.0 3130.0 n -539.976379
3130.0 3155.0 ssil -389.056702
3155.0 3205.0 ssil -672.709778 TWEEJARIG
3205.0 3235.0 t -391.920471
3235.0 3250.0 w -185.539124
3250.0 3375.0 e -1217.292358
3375.0 3450.0 j -747.281982
3450.0 3570.0 a -1184.814819
3570.0 3605.0 r -425.065796
3605.0 3620.0 @ -201.144196
3620.0 3655.0 x -448.437714
3655.0 3670.0 ssil -180.393494
3670.0 3690.0 ssil -253.650864 WEESJE
3690.0 3720.0 w -339.563477
3720.0 3900.0 e -1825.758667
3900.0 3920.0 s -268.878418
3920.0 4125.0 j -2506.635254
4125.0 4140.0 @ -188.261658
4140.0 5040.0 ssil -9866.791992
.
