#!MLF!#
"/net/aistaff/aki/_same-utterance/wav/02/Oost_Overijsel-Gelderland/6111-1454023309-1048859.rec"
0.0 170.0 ssil -1798.920532 HET
170.0 185.0 h -179.489975
185.0 200.0 ec -209.243546
200.0 215.0 t -193.837982
215.0 740.0 ssil -6355.841309
740.0 805.0 ssil -925.507690 ECHTPAAR
805.0 915.0 ec -1428.451782
915.0 1020.0 x -1486.409058
1020.0 1035.0 t -194.711395
1035.0 1090.0 p -690.911865
1090.0 1310.0 ac -2442.073486
1310.0 1325.0 ssil -203.627304
1325.0 1340.0 ssil -212.681396 ADOPTEERT
1340.0 1390.0 ac -696.009033
1390.0 1405.0 d -219.355850
1405.0 1420.0 oc -194.800171
1420.0 1460.0 p -500.888153
1460.0 1540.0 t -1183.912720
1540.0 1610.0 i -837.364380
1610.0 1700.0 r -1111.794556
1700.0 1730.0 ssil -413.196960
1730.0 1755.0 ssil -326.519745 VOOR
1755.0 1810.0 f -715.406006
1810.0 1875.0 o -765.166565
1875.0 1890.0 ssil -195.107101
1890.0 1930.0 ssil -468.987457 VEEL
1930.0 1985.0 f -709.824951
1985.0 2010.0 e -349.019165
2010.0 2085.0 l -921.941895
2085.0 2100.0 ssil -220.389725
2100.0 2115.0 ssil -214.725967 GELD
2115.0 2205.0 x -1184.048462
2205.0 2220.0 ec -188.419983
2220.0 2405.0 l -2016.263428
2405.0 2555.0 t -2058.833740
2555.0 2595.0 ssil -499.923553
2595.0 2755.0 ssil -2038.768677 EEN
2755.0 2790.0 @ -434.981323
2790.0 2850.0 n -689.747437
2850.0 2870.0 ssil -257.623138
2870.0 2980.0 ssil -1374.370117 TWEEJARIG
2980.0 3050.0 t -1058.689209
3050.0 3085.0 w -395.520477
3085.0 3205.0 e -1127.315796
3205.0 3265.0 j -629.403870
3265.0 3405.0 a -1403.436401
3405.0 3420.0 r -176.026489
3420.0 3550.0 @ -1484.814819
3550.0 3645.0 x -1217.817871
3645.0 3660.0 ssil -193.235809
3660.0 3675.0 ssil -207.466599 WEESJE
3675.0 3730.0 w -658.358337
3730.0 3920.0 e -2259.517822
3920.0 3940.0 s -291.156372
3940.0 3995.0 j -783.637207
3995.0 4095.0 @ -1238.221558
4095.0 4410.0 ssil -3961.231445
.
