#!MLF!#
"/net/aistaff/aki/_same-utterance/wav/02/Oost_Overijsel-Gelderland/6216-1456415166-1520163.rec"
0.0 100.0 ssil -955.275269 HET
100.0 115.0 h -170.242538
115.0 130.0 ec -224.343765
130.0 160.0 t -410.639160
160.0 1555.0 ssil -16620.058594
1555.0 1715.0 ssil -2171.696045 ECHTPAAR
1715.0 1790.0 ec -984.857239
1790.0 1900.0 x -1454.806763
1900.0 1995.0 t -1291.627197
1995.0 2060.0 p -848.769409
2060.0 2215.0 a -1791.343018
2215.0 2250.0 r -496.294830
2250.0 2265.0 ssil -266.759399
2265.0 2280.0 ssil -229.297485 ADOPTEERT
2280.0 2370.0 ac -1142.328491
2370.0 2460.0 d -1222.657471
2460.0 2490.0 oc -417.975647
2490.0 2605.0 p -1670.715576
2605.0 2675.0 t -1023.822632
2675.0 2865.0 i -2286.125244
2865.0 2900.0 r -548.765320
2900.0 2915.0 ssil -199.032532
2915.0 2935.0 ssil -271.736847 VOOR
2935.0 3030.0 v -1247.046631
3030.0 3085.0 o -601.680603
3085.0 3115.0 r -401.221283
3115.0 3130.0 ssil -207.104355
3130.0 3145.0 ssil -185.224274 VEEL
3145.0 3270.0 f -1587.001709
3270.0 3355.0 e -1022.231201
3355.0 3470.0 l -1393.732788
3470.0 3510.0 ssil -564.432007
3510.0 3555.0 ssil -509.612732 GELD
3555.0 3580.0 x -317.267395
3580.0 3645.0 ec -693.692017
3645.0 3735.0 l -1004.526917
3735.0 3795.0 t -840.688843
3795.0 3815.0 ssil -273.534637
3815.0 3845.0 ssil -380.599640 EEN
3845.0 3875.0 n -401.511597
3875.0 3905.0 ssil -415.293274
3905.0 3950.0 ssil -526.616455 TWEEJARIG
3950.0 4060.0 t -1430.406128
4060.0 4075.0 w -201.464035
4075.0 4165.0 e -974.928284
4165.0 4320.0 j -1755.723145
4320.0 4470.0 a -1669.429077
4470.0 4485.0 r -189.590744
4485.0 4525.0 @ -476.412292
4525.0 4585.0 x -750.436279
4585.0 4660.0 ssil -917.053589
4660.0 4695.0 ssil -415.833557 WEESJE
4695.0 4755.0 w -713.334045
4755.0 4935.0 e -2208.168701
4935.0 5100.0 s -2225.655273
5100.0 5170.0 j -862.221436
5170.0 5195.0 @ -358.453949
5195.0 5665.0 ssil -5487.757812
.
