#!MLF!#
"/net/aistaff/aki/_same-utterance/wav/02/Oost_Overijsel-Gelderland/6308-1454076380-1093581.rec"
0.0 85.0 ssil -879.687866 HET
85.0 100.0 h -178.315369
100.0 120.0 ec -329.884796
120.0 145.0 t -417.367371
145.0 665.0 ssil -5893.663574
665.0 875.0 ssil -3250.749268 ECHTPAAR
875.0 960.0 ec -1061.833374
960.0 1070.0 x -1477.990234
1070.0 1100.0 t -385.435181
1100.0 1185.0 p -1060.177490
1185.0 1445.0 a -3313.144531
1445.0 1460.0 ssil -208.578415
1460.0 1480.0 ssil -300.089569 ADOPTEERT
1480.0 1560.0 ac -997.482788
1560.0 1575.0 d -209.201324
1575.0 1655.0 oc -1109.203125
1655.0 1755.0 p -1421.548828
1755.0 1820.0 t -969.718506
1820.0 1930.0 i -1277.637573
1930.0 1980.0 r -579.031250
1980.0 1995.0 ssil -206.253632
1995.0 2010.0 ssil -212.416153 VOOR
2010.0 2145.0 f -1632.328735
2145.0 2210.0 o -818.065186
2210.0 2225.0 ssil -212.875031
2225.0 2250.0 ssil -302.005096 VEEL
2250.0 2370.0 f -1466.471191
2370.0 2475.0 e -1172.995483
2475.0 2495.0 l -268.822449
2495.0 2510.0 ssil -218.776031
2510.0 2525.0 ssil -232.048935 GELD
2525.0 2680.0 x -2049.878174
2680.0 2745.0 ec -754.192200
2745.0 2860.0 l -1359.249634
2860.0 2940.0 t -1179.006470
2940.0 2985.0 ssil -662.318298
2985.0 3010.0 ssil -372.202515 EEN
3010.0 3035.0 @ -341.688232
3035.0 3120.0 n -1161.111694
3120.0 3135.0 ssil -252.999924
3135.0 3150.0 ssil -238.645554 TWEEJARIG
3150.0 3250.0 t -1381.036133
3250.0 3275.0 w -323.644531
3275.0 3420.0 e -1668.159668
3420.0 3510.0 j -1116.087524
3510.0 3640.0 a -1254.086548
3640.0 3675.0 r -491.890717
3675.0 3730.0 @ -719.881104
3730.0 3845.0 x -1469.333740
3845.0 3860.0 ssil -192.647324
3860.0 3875.0 ssil -181.941681 WEESJE
3875.0 3920.0 w -498.799103
3920.0 4085.0 e -1762.002808
4085.0 4225.0 s -1968.679077
4225.0 4275.0 j -577.459229
4275.0 4425.0 @ -1886.628540
4425.0 4735.0 ssil -3601.093262
.
