#!MLF!#
"/net/aistaff/aki/_same-utterance/wav/02/Oost_Overijsel-Gelderland/6579-1454255322-1181641.rec"
0.0 85.0 ssil -809.558960 HET
85.0 100.0 h -163.142258
100.0 120.0 ec -310.924316
120.0 150.0 t -497.561676
150.0 670.0 ssil -6153.382324
670.0 735.0 ssil -1000.772400 ECHTPAAR
735.0 810.0 ec -941.666748
810.0 865.0 x -788.662903
865.0 895.0 t -396.913696
895.0 1025.0 p -1790.076904
1025.0 1325.0 a -3212.625732
1325.0 1350.0 ssil -375.582428
1350.0 1365.0 ssil -251.232254 ADOPTEERT
1365.0 1410.0 ac -561.683533
1410.0 1475.0 d -848.531128
1475.0 1510.0 oc -437.707184
1510.0 1525.0 p -220.349487
1525.0 1565.0 t -534.850342
1565.0 1685.0 i -1232.406494
1685.0 1755.0 r -900.735352
1755.0 1785.0 t -446.300293
1785.0 1815.0 ssil -363.798157
1815.0 1830.0 ssil -200.112946 VOOR
1830.0 1925.0 f -1228.417603
1925.0 2010.0 o -1026.531860
2010.0 2025.0 ssil -203.388016
2025.0 2080.0 ssil -722.141541 VEEL
2080.0 2130.0 f -661.160583
2130.0 2195.0 e -798.624451
2195.0 2305.0 l -1375.165771
2305.0 2325.0 ssil -298.808472
2325.0 2345.0 ssil -273.878876 GELD
2345.0 2425.0 x -1120.500366
2425.0 2485.0 ec -691.620728
2485.0 2635.0 l -1789.541626
2635.0 2660.0 t -375.912964
2660.0 2675.0 ssil -230.669495
2675.0 2690.0 ssil -225.219711 EEN
2690.0 2770.0 @ -972.953674
2770.0 2835.0 n -759.617065
2835.0 2850.0 ssil -209.128937
2850.0 2865.0 ssil -215.314255 TWEEJARIG
2865.0 2945.0 t -1097.649658
2945.0 3005.0 w -678.412598
3005.0 3115.0 e -1076.516602
3115.0 3220.0 j -1045.825073
3220.0 3410.0 a -1865.311035
3410.0 3445.0 r -477.327484
3445.0 3460.0 @ -205.648956
3460.0 3490.0 x -435.567596
3490.0 3535.0 ssil -611.263855
3535.0 3550.0 ssil -212.350082 WEESJE
3550.0 3620.0 w -865.774597
3620.0 3785.0 e -1738.753052
3785.0 3925.0 s -1840.528198
3925.0 3990.0 j -763.341614
3990.0 4205.0 @ -2681.341797
4205.0 4600.0 ssil -4653.107422
.
