#!MLF!#
"/net/aistaff/aki/_same-utterance/wav/02/Oost_Overijsel-Gelderland/6911-1454517486-1290849.rec"
0.0 110.0 ssil -1136.712036 HET
110.0 125.0 h -177.841583
125.0 145.0 ec -322.770416
145.0 225.0 t -1183.955566
225.0 720.0 ssil -5903.089844
720.0 785.0 ssil -806.158325 ECHTPAAR
785.0 875.0 ec -1177.251587
875.0 890.0 x -232.044846
890.0 915.0 t -350.105408
915.0 1010.0 p -1423.257935
1010.0 1045.0 ac -521.914673
1045.0 1230.0 ssil -2333.140381
1230.0 1245.0 ssil -238.981918 ADOPTEERT
1245.0 1575.0 ac -4433.409668
1575.0 1605.0 d -475.998444
1605.0 1695.0 oc -1187.126831
1695.0 1745.0 p -684.288086
1745.0 1820.0 t -1016.633240
1820.0 1920.0 i -1264.477051
1920.0 2025.0 r -1412.840332
2025.0 2065.0 ssil -478.662781
2065.0 2080.0 ssil -205.614807 VOOR
2080.0 2110.0 v -411.564331
2110.0 2155.0 o -621.577576
2155.0 2205.0 ssil -601.396057
2205.0 2245.0 ssil -494.642273 VEEL
2245.0 2275.0 v -429.728973
2275.0 2335.0 e -687.551758
2335.0 2420.0 l -1016.809814
2420.0 2435.0 ssil -206.028870
2435.0 2450.0 ssil -210.967300 GELD
2450.0 2555.0 x -1425.805786
2555.0 2575.0 ec -264.828247
2575.0 2815.0 l -2570.013672
2815.0 2855.0 t -631.445801
2855.0 2880.0 ssil -357.267578
2880.0 2925.0 ssil -621.775330 EEN
2925.0 3020.0 n -1182.282593
3020.0 3035.0 ssil -192.533508
3035.0 3050.0 ssil -214.125412 TWEEJARIG
3050.0 3125.0 t -1038.560791
3125.0 3165.0 w -538.338318
3165.0 3295.0 e -1347.074463
3295.0 3360.0 j -834.258606
3360.0 3510.0 a -1531.833252
3510.0 3550.0 r -583.079773
3550.0 3565.0 @ -209.677383
3565.0 3595.0 x -418.720215
3595.0 3630.0 ssil -440.005676
3630.0 3685.0 ssil -666.962158 WEESJE
3685.0 3710.0 w -296.876801
3710.0 3880.0 e -1768.200195
3880.0 3990.0 s -1337.337891
3990.0 4010.0 j -310.852142
4010.0 4025.0 @ -229.986801
4025.0 4040.0 ssil -191.395187
.
