#!MLF!#
"/net/aistaff/aki/_same-utterance/wav/02/Oost_Overijsel-Gelderland/6930-1456495545-1526967.rec"
0.0 295.0 ssil -2503.768311 HET
295.0 310.0 h -156.975693
310.0 325.0 ec -213.256546
325.0 345.0 t -295.030914
345.0 825.0 ssil -6012.174805
825.0 1000.0 ssil -2353.967773 ECHTPAAR
1000.0 1070.0 ec -1004.399292
1070.0 1110.0 x -558.291748
1110.0 1200.0 t -1257.442017
1200.0 1295.0 p -1246.116577
1295.0 1500.0 a -2402.043457
1500.0 1555.0 r -794.554138
1555.0 1570.0 ssil -249.478378
1570.0 1585.0 ssil -218.000320 ADOPTEERT
1585.0 1750.0 ac -2166.150146
1750.0 1765.0 d -203.089005
1765.0 1780.0 oc -216.835815
1780.0 1865.0 p -1122.642456
1865.0 1975.0 t -1563.163086
1975.0 2110.0 i -1711.158813
2110.0 2135.0 r -355.000000
2135.0 2155.0 ssil -266.652435
2155.0 2180.0 ssil -345.987427 VOOR
2180.0 2310.0 f -1781.215698
2310.0 2410.0 o -1170.501587
2410.0 2425.0 ssil -195.072266
2425.0 2440.0 ssil -193.869049 VEEL
2440.0 2535.0 v -1285.109863
2535.0 2585.0 e -602.215210
2585.0 2735.0 l -1935.393677
2735.0 2750.0 ssil -215.716095
2750.0 2770.0 ssil -237.463593 GELD
2770.0 2825.0 x -663.816833
2825.0 2860.0 ec -458.424622
2860.0 3020.0 l -1841.330933
3020.0 3130.0 t -1561.396729
3130.0 3250.0 ssil -1400.478394
3250.0 3295.0 ssil -596.727844 EEN
3295.0 3385.0 @ -1243.820312
3385.0 3455.0 n -915.898865
3455.0 3490.0 ssil -369.109406
3490.0 3575.0 ssil -1066.614624 TWEEJARIG
3575.0 3705.0 t -1908.164062
3705.0 3720.0 w -241.301025
3720.0 3885.0 e -2036.180908
3885.0 3980.0 j -1229.702637
3980.0 4145.0 a -1973.848999
4145.0 4175.0 r -376.343140
4175.0 4240.0 @ -814.945740
4240.0 4415.0 x -2269.616211
4415.0 4435.0 ssil -259.774261
4435.0 4480.0 ssil -560.811707 WEESJE
4480.0 4555.0 w -994.398682
4555.0 4760.0 e -2409.766113
4760.0 4950.0 s -2769.937256
4950.0 5120.0 j -2133.021973
5120.0 5150.0 @ -372.362701
5150.0 5365.0 ssil -2575.257812
.
