#!MLF!#
"/net/aistaff/aki/_same-utterance/wav/02/Oost_Overijsel-Gelderland/6968-1454516849-1288788.rec"
0.0 290.0 ssil -2410.007812 HET
290.0 305.0 h -172.037964
305.0 320.0 ec -227.964935
320.0 335.0 t -214.845047
335.0 905.0 ssil -6725.188965
905.0 970.0 ssil -870.078918 ECHTPAAR
970.0 1155.0 ec -2258.949707
1155.0 1200.0 x -625.064697
1200.0 1240.0 t -538.188110
1240.0 1330.0 p -1189.030640
1330.0 1515.0 a -2155.479248
1515.0 1530.0 ssil -198.293182
1530.0 1555.0 ssil -360.914368 ADOPTEERT
1555.0 1710.0 ac -1868.156860
1710.0 1725.0 d -191.569717
1725.0 1740.0 oc -180.553528
1740.0 1805.0 p -821.532959
1805.0 1935.0 t -1694.915771
1935.0 2070.0 i -1750.749634
2070.0 2130.0 r -837.648132
2130.0 2300.0 t -2218.411621
2300.0 2520.0 ssil -2869.501465
2520.0 2635.0 ssil -1428.697144 VOOR
2635.0 2650.0 v -197.228012
2650.0 2755.0 o -1326.896118
2755.0 2770.0 r -211.022110
2770.0 2785.0 ssil -211.431671
2785.0 2915.0 ssil -1461.364746 VEEL
2915.0 2945.0 v -404.883545
2945.0 3010.0 e -776.070007
3010.0 3135.0 l -1644.684448
3135.0 3150.0 ssil -203.361526
3150.0 3165.0 ssil -205.762527 GELD
3165.0 3315.0 x -1879.044922
3315.0 3380.0 ec -765.564575
3380.0 4045.0 l -8380.874023
4045.0 4065.0 ssil -257.572235
4065.0 4085.0 ssil -286.847443 EEN
4085.0 4125.0 @ -493.021271
4125.0 4245.0 n -1671.079834
4245.0 4270.0 ssil -334.136353
4270.0 4290.0 ssil -256.309021 TWEEJARIG
4290.0 4325.0 t -471.298706
4325.0 4375.0 w -611.030151
4375.0 4455.0 e -936.235962
4455.0 4595.0 j -1641.159058
4595.0 4705.0 a -1148.166382
4705.0 4725.0 r -290.699188
4725.0 4815.0 @ -1182.930786
4815.0 4830.0 x -210.472046
4830.0 4845.0 ssil -192.079407
4845.0 4860.0 ssil -187.706894 WEESJE
4860.0 4920.0 w -695.538452
4920.0 5135.0 ic -2807.351074
5135.0 5250.0 s -1523.432129
5250.0 5285.0 j -487.695435
5285.0 5370.0 @ -1070.547729
5370.0 5595.0 ssil -2915.383057
.
