#!MLF!#
"/net/aistaff/aki/_same-utterance/wav/02/Oost_Overijsel-Gelderland/7244-1454939134-1387376.rec"
0.0 185.0 ssil -1953.193115 HET
185.0 200.0 h -161.255478
200.0 215.0 ec -226.033752
215.0 255.0 t -532.974792
255.0 430.0 ssil -2040.197510
430.0 500.0 ssil -946.424927 ECHTPAAR
500.0 570.0 @ -960.736450
570.0 590.0 x -295.351105
590.0 635.0 t -669.840576
635.0 675.0 p -599.737732
675.0 715.0 @ -541.202393
715.0 810.0 r -1420.710083
810.0 850.0 ssil -574.114197
850.0 935.0 ssil -1148.038208 ADOPTEERT
935.0 1285.0 ac -4562.440918
1285.0 1310.0 d -349.376404
1310.0 1325.0 oc -208.128571
1325.0 1340.0 p -234.721878
1340.0 1405.0 t -969.545654
1405.0 1420.0 i -286.975769
1420.0 1565.0 r -1793.430420
1565.0 1585.0 ssil -279.731049
1585.0 1625.0 ssil -504.044800 VOOR
1625.0 1720.0 f -1223.426147
1720.0 1780.0 o -733.089905
1780.0 1815.0 ssil -417.230743
1815.0 1860.0 ssil -541.172791 VEEL
1860.0 1910.0 v -711.461853
1910.0 1975.0 e -746.779602
1975.0 2025.0 l -606.793335
2025.0 2040.0 ssil -216.849304
2040.0 2055.0 ssil -231.859619 GELD
2055.0 2165.0 x -1506.956055
2165.0 2220.0 ec -613.910278
2220.0 2320.0 l -1229.731323
2320.0 2360.0 ssil -683.017090
2360.0 2380.0 ssil -368.310303 EEN
2380.0 2440.0 @ -802.236267
2440.0 2470.0 n -436.523712
2470.0 2485.0 ssil -283.878754
2485.0 2500.0 ssil -257.460815 TWEEJARIG
2500.0 2615.0 t -1639.080933
2615.0 2645.0 w -423.748505
2645.0 2760.0 e -1211.380981
2760.0 2820.0 j -643.985046
2820.0 2925.0 a -1114.156250
2925.0 2975.0 r -556.915222
2975.0 2995.0 @ -258.626160
2995.0 3060.0 x -904.387512
3060.0 3075.0 ssil -206.535477
3075.0 3120.0 ssil -575.802673 WEESJE
3120.0 3140.0 w -262.708069
3140.0 3310.0 e -1858.596069
3310.0 3445.0 s -1698.980225
3445.0 3520.0 j -1046.087280
3520.0 3600.0 @ -961.104370
3600.0 3830.0 ssil -2816.221924
.
