#!MLF!#
"/net/aistaff/aki/_same-utterance/wav/02/Oost_Overijsel-Gelderland/7874-1456264260-1508428.rec"
0.0 580.0 ssil -6851.427246 HET
580.0 595.0 h -193.006180
595.0 620.0 ec -343.590973
620.0 710.0 t -1235.470825
710.0 735.0 ssil -351.842438
735.0 805.0 ssil -1059.216553 ECHTPAAR
805.0 865.0 ec -765.947571
865.0 935.0 x -907.474609
935.0 965.0 t -381.250122
965.0 1050.0 p -1069.859497
1050.0 1165.0 ac -1340.541504
1165.0 1180.0 ssil -236.137131
1180.0 1195.0 ssil -219.504883 ADOPTEERT
1195.0 1245.0 ac -657.360840
1245.0 1285.0 d -542.318665
1285.0 1330.0 oc -592.540283
1330.0 1410.0 p -1054.495728
1410.0 1485.0 t -1037.384399
1485.0 1635.0 i -1527.699219
1635.0 1665.0 r -384.803162
1665.0 1715.0 t -685.911438
1715.0 1730.0 ssil -206.627502
1730.0 1745.0 ssil -198.494400 VOOR
1745.0 1830.0 f -1057.729492
1830.0 1860.0 o -356.377014
1860.0 1875.0 ssil -207.764618
1875.0 1890.0 ssil -195.286972 VEEL
1890.0 2000.0 f -1349.752808
2000.0 2055.0 e -697.257324
2055.0 2075.0 l -240.267761
2075.0 2090.0 ssil -201.127686
2090.0 2105.0 ssil -213.794998 GELD
2105.0 2245.0 x -1786.458374
2245.0 2335.0 ec -832.914551
2335.0 2465.0 l -1544.797119
2465.0 2520.0 t -742.652771
2520.0 2535.0 ssil -222.164429
2535.0 2550.0 ssil -218.950134 EEN
2550.0 2600.0 n -607.754578
2600.0 2615.0 ssil -221.376694
2615.0 2630.0 ssil -234.711304 TWEEJARIG
2630.0 2715.0 t -1142.141724
2715.0 2755.0 w -438.342041
2755.0 2860.0 e -908.275024
2860.0 2925.0 j -634.190186
2925.0 3090.0 a -1699.830078
3090.0 3105.0 r -184.073181
3105.0 3120.0 @ -215.496155
3120.0 3215.0 x -1218.324097
3215.0 3230.0 ssil -189.378693
3230.0 3245.0 ssil -197.994858 WEESJE
3245.0 3275.0 w -339.408264
3275.0 3420.0 e -1585.349609
3420.0 3575.0 s -1978.182983
3575.0 3590.0 j -177.232834
3590.0 3635.0 @ -566.089539
3635.0 3760.0 ssil -1529.472534
.
