#!MLF!#
"/net/aistaff/aki/_same-utterance/wav/02/Oost_Overijsel-Gelderland/828-1449170423-123190.rec"
0.0 595.0 ssil -7429.603516 HET
595.0 625.0 h -438.510468
625.0 730.0 ec -1388.235962
730.0 765.0 t -599.055725
765.0 780.0 ssil -233.324005
780.0 795.0 ssil -217.121323 ECHTPAAR
795.0 920.0 ec -1643.964722
920.0 970.0 x -743.277222
970.0 1060.0 t -1260.033325
1060.0 1160.0 p -1369.672485
1160.0 1500.0 a -3985.231445
1500.0 1550.0 ssil -668.080139
1550.0 1590.0 ssil -612.593201 ADOPTEERT
1590.0 1715.0 ac -1436.254517
1715.0 1770.0 d -693.014648
1770.0 1805.0 oc -445.245056
1805.0 1830.0 p -357.284729
1830.0 1950.0 t -1652.138672
1950.0 2015.0 i -792.294312
2015.0 2080.0 r -815.080566
2080.0 2110.0 t -409.165680
2110.0 2125.0 ssil -200.725525
2125.0 2140.0 ssil -193.967880 VOOR
2140.0 2210.0 f -850.629822
2210.0 2285.0 o -894.037537
2285.0 2310.0 ssil -309.749512
2310.0 2335.0 ssil -299.187500 VEEL
2335.0 2440.0 f -1272.727295
2440.0 2525.0 e -814.583374
2525.0 2605.0 l -914.516113
2605.0 2620.0 ssil -190.206940
2620.0 2635.0 ssil -196.785980 GELD
2635.0 2715.0 x -1027.512451
2715.0 2790.0 ec -841.112915
2790.0 2910.0 l -1462.173828
2910.0 2980.0 t -1044.501831
2980.0 3050.0 ssil -904.741882
3050.0 3235.0 ssil -2240.491699 EEN
3235.0 3275.0 @ -540.614441
3275.0 3335.0 n -739.988403
3335.0 3365.0 ssil -366.408569
3365.0 3380.0 ssil -170.385788 TWEEJARIG
3380.0 3490.0 t -1426.815186
3490.0 3510.0 w -249.940155
3510.0 3610.0 e -1106.432495
3610.0 3720.0 j -1274.564575
3720.0 3845.0 a -1429.911499
3845.0 3915.0 r -1022.824463
3915.0 3930.0 @ -225.372299
3930.0 3965.0 x -443.761597
3965.0 4005.0 ssil -537.634949
4005.0 4025.0 ssil -262.819885 WEESJE
4025.0 4075.0 w -597.673889
4075.0 4190.0 e -1178.903931
4190.0 4310.0 s -1590.744263
4310.0 4370.0 j -720.067810
4370.0 4390.0 @ -270.423645
4390.0 4855.0 ssil -5503.409180
.
