#!MLF!#
"/net/aistaff/aki/_same-utterance/wav/02/Oost_Overijsel-Gelderland/8302-1458047781-1659095.rec"
0.0 290.0 ssil -2305.950684 HET
290.0 305.0 h -143.607315
305.0 320.0 ec -204.481766
320.0 340.0 t -276.369415
340.0 850.0 ssil -6233.683105
850.0 920.0 ssil -1042.875977 ECHTPAAR
920.0 1055.0 ec -1629.314941
1055.0 1110.0 x -788.173157
1110.0 1160.0 t -675.173462
1160.0 1195.0 p -504.573486
1195.0 1395.0 ac -1891.732544
1395.0 1565.0 r -2285.151367
1565.0 1580.0 ssil -238.348694
1580.0 1600.0 ssil -332.809387 ADOPTEERT
1600.0 1695.0 ac -1227.221924
1695.0 1720.0 d -346.695068
1720.0 1780.0 oc -797.287476
1780.0 1845.0 p -1039.558594
1845.0 1880.0 t -572.082275
1880.0 1980.0 i -1224.385742
1980.0 2035.0 r -680.055725
2035.0 2055.0 ssil -270.605225
2055.0 2070.0 ssil -196.841675 VOOR
2070.0 2185.0 f -1411.987427
2185.0 2265.0 o -884.293884
2265.0 2315.0 ssil -662.094727
2315.0 2335.0 ssil -300.419159 VEEL
2335.0 2380.0 v -641.365112
2380.0 2430.0 e -567.101318
2430.0 2530.0 l -1139.156372
2530.0 2545.0 ssil -230.977539
2545.0 2560.0 ssil -210.198288 GELD
2560.0 2645.0 x -1143.336670
2645.0 2670.0 ec -284.855682
2670.0 2850.0 l -2053.378174
2850.0 2880.0 t -385.825470
2880.0 3000.0 ssil -1426.918823
3000.0 3245.0 ssil -3023.265381 EEN
3245.0 3275.0 @ -445.543732
3275.0 3330.0 n -743.514099
3330.0 3345.0 ssil -191.568375
3345.0 3360.0 ssil -207.902313 TWEEJARIG
3360.0 3425.0 t -873.204651
3425.0 3490.0 w -682.670898
3490.0 3545.0 e -566.035339
3545.0 3665.0 j -1138.677856
3665.0 3795.0 a -1223.670044
3795.0 3855.0 r -790.050354
3855.0 3870.0 @ -234.315781
3870.0 3895.0 x -373.848938
3895.0 3915.0 ssil -254.217606
3915.0 3930.0 ssil -182.456650 WEESJE
3930.0 3995.0 w -754.377991
3995.0 4170.0 ic -1844.050171
4170.0 4280.0 s -1565.847656
4280.0 4305.0 j -329.287872
4305.0 4330.0 @ -347.246582
4330.0 5225.0 ssil -10016.674805
.
