#!MLF!#
"/net/aistaff/aki/_same-utterance/wav/02/Oost_Overijsel-Gelderland/8804-1457966305-1648536.rec"
0.0 135.0 ssil -1244.536255 HET
135.0 150.0 h -167.078140
150.0 165.0 ec -223.278183
165.0 210.0 t -622.632141
210.0 545.0 ssil -4156.286621
545.0 675.0 ssil -2099.028564 ECHTPAAR
675.0 745.0 ec -930.310242
745.0 830.0 x -1175.898682
830.0 870.0 t -591.152649
870.0 950.0 p -1094.659424
950.0 990.0 ac -611.451294
990.0 1085.0 r -1341.002686
1085.0 1115.0 ssil -434.242310
1115.0 1150.0 ssil -564.954956 ADOPTEERT
1150.0 1205.0 ac -825.485474
1205.0 1265.0 d -796.870789
1265.0 1335.0 oc -1024.729248
1335.0 1370.0 p -563.384766
1370.0 1540.0 t -2497.000244
1540.0 1610.0 i -885.268799
1610.0 1685.0 r -1039.390625
1685.0 1720.0 ssil -559.201782
1720.0 1740.0 ssil -315.098633 VOOR
1740.0 1865.0 f -1515.478271
1865.0 1905.0 o -543.025940
1905.0 1920.0 ssil -211.342804
1920.0 1935.0 ssil -203.320312 VEEL
1935.0 2070.0 f -1648.222046
2070.0 2135.0 e -713.534302
2135.0 2210.0 l -924.117004
2210.0 2225.0 ssil -235.568222
2225.0 2240.0 ssil -233.260895 GELD
2240.0 2370.0 x -1783.244385
2370.0 2400.0 ec -382.635468
2400.0 2480.0 l -906.052429
2480.0 2550.0 t -943.764221
2550.0 2565.0 ssil -227.192841
2565.0 2580.0 ssil -221.866501 EEN
2580.0 2595.0 @ -212.543121
2595.0 2700.0 n -1384.205566
2700.0 2715.0 ssil -219.944962
2715.0 2735.0 ssil -291.580627 TWEEJARIG
2735.0 2795.0 t -818.790039
2795.0 2815.0 w -234.821640
2815.0 2945.0 e -1477.904419
2945.0 3070.0 j -1399.784668
3070.0 3115.0 a -530.603210
3115.0 3170.0 r -671.822693
3170.0 3240.0 @ -866.080505
3240.0 3335.0 x -1280.191528
3335.0 3350.0 ssil -214.091522
3350.0 3365.0 ssil -191.828476 WEESJE
3365.0 3405.0 w -480.225311
3405.0 3540.0 e -1448.535522
3540.0 3680.0 s -1905.845825
3680.0 3730.0 j -768.372864
3730.0 3755.0 @ -360.916595
3755.0 4225.0 ssil -5904.892578
.
