#!MLF!#
"/net/aistaff/aki/_same-utterance/wav/02/Oost_Overijsel-Gelderland/9220-1460918434-1769135.rec"
0.0 665.0 ssil -8352.705078 HET
665.0 680.0 h -184.238449
680.0 750.0 ec -782.513367
750.0 815.0 t -932.223083
815.0 835.0 ssil -316.429565
835.0 850.0 ssil -250.759460 ECHTPAAR
850.0 960.0 ec -1376.535645
960.0 1025.0 x -908.917419
1025.0 1055.0 t -397.208649
1055.0 1150.0 p -1297.999146
1150.0 1315.0 a -2011.176758
1315.0 1350.0 r -490.540924
1350.0 1365.0 ssil -238.604187
1365.0 1380.0 ssil -230.145142 ADOPTEERT
1380.0 1470.0 ac -1226.884033
1470.0 1490.0 d -326.813080
1490.0 1575.0 oc -1283.746460
1575.0 1640.0 p -970.825500
1640.0 1690.0 t -694.952454
1690.0 1800.0 i -1249.116821
1800.0 1870.0 r -914.317444
1870.0 1935.0 t -996.469360
1935.0 1950.0 ssil -204.225082
1950.0 1975.0 ssil -263.214478 VOOR
1975.0 2055.0 f -998.367737
2055.0 2070.0 o -201.818497
2070.0 2085.0 ssil -193.874939
2085.0 2100.0 ssil -215.387024 VEEL
2100.0 2220.0 f -1553.434326
2220.0 2300.0 e -875.978333
2300.0 2350.0 l -645.843201
2350.0 2365.0 ssil -226.833908
2365.0 2380.0 ssil -200.327805 GELD
2380.0 2470.0 x -1203.525635
2470.0 2560.0 ec -909.981567
2560.0 2655.0 l -1237.624146
2655.0 2710.0 t -803.510437
2710.0 2730.0 ssil -315.391266
2730.0 2765.0 ssil -491.709412 EEN
2765.0 2785.0 @ -286.086121
2785.0 2835.0 n -672.447571
2835.0 2850.0 ssil -225.412613
2850.0 2865.0 ssil -215.603043 TWEEJARIG
2865.0 2970.0 t -1408.761475
2970.0 2995.0 w -295.613617
2995.0 3135.0 e -1221.534302
3135.0 3190.0 j -578.793640
3190.0 3295.0 a -1139.019409
3295.0 3315.0 r -308.301971
3315.0 3380.0 @ -933.696777
3380.0 3480.0 x -1256.976807
3480.0 3495.0 ssil -173.847824
3495.0 3535.0 ssil -484.071808 WEESJE
3535.0 3570.0 w -419.848969
3570.0 3725.0 e -1589.664673
3725.0 3875.0 s -1879.265991
3875.0 3910.0 j -478.254120
3910.0 3990.0 @ -1075.820557
3990.0 4365.0 ssil -4392.086914
.
