#!MLF!#
"/net/aistaff/aki/_same-utterance/wav/02/Oost_Overijsel-Gelderland/9486-1463341622-1818664.rec"
0.0 280.0 ssil -3451.226562 HET
280.0 305.0 h -326.039703
305.0 460.0 ec -1866.880859
460.0 475.0 t -217.385315
475.0 715.0 ssil -3204.181152
715.0 1350.0 ssil -8675.407227 ECHTPAAR
1350.0 1440.0 ec -1165.090942
1440.0 1535.0 x -1311.533936
1535.0 1605.0 t -1024.739502
1605.0 1650.0 p -629.406128
1650.0 1970.0 a -3868.601318
1970.0 1985.0 ssil -236.229752
1985.0 2000.0 ssil -234.473557 ADOPTEERT
2000.0 2045.0 ac -621.574036
2045.0 2070.0 d -363.476135
2070.0 2095.0 oc -354.475739
2095.0 2135.0 p -621.670044
2135.0 2195.0 t -894.526550
2195.0 2310.0 i -1251.572266
2310.0 2330.0 r -335.376007
2330.0 2370.0 t -555.941589
2370.0 2385.0 ssil -200.623428
2385.0 2400.0 ssil -191.187103 VOOR
2400.0 2465.0 f -890.560242
2465.0 2515.0 o -634.064514
2515.0 2535.0 ssil -262.796967
2535.0 2560.0 ssil -299.258514 VEEL
2560.0 2635.0 f -1000.030701
2635.0 2720.0 e -962.302124
2720.0 2790.0 l -893.004578
2790.0 2805.0 ssil -228.782608
2805.0 2820.0 ssil -231.751236 GELD
2820.0 2915.0 x -1415.168823
2915.0 2985.0 ec -820.092102
2985.0 3125.0 l -1715.314331
3125.0 3145.0 t -308.105957
3145.0 3205.0 ssil -950.591370
3205.0 3240.0 ssil -576.738403 EEN
3240.0 3270.0 @ -419.609009
3270.0 3325.0 n -750.395447
3325.0 3340.0 ssil -202.006165
3340.0 3360.0 ssil -283.545349 TWEEJARIG
3360.0 3445.0 t -1160.880615
3445.0 3475.0 w -359.005249
3475.0 3610.0 e -1487.184937
3610.0 3655.0 j -628.268677
3655.0 3780.0 a -1417.152954
3780.0 3840.0 r -897.270508
3840.0 3855.0 @ -215.025055
3855.0 3870.0 x -201.261154
3870.0 3885.0 ssil -207.601547
3885.0 3905.0 ssil -280.588562 WEESJE
3905.0 3960.0 w -707.977478
3960.0 4110.0 e -1663.561890
4110.0 4270.0 s -2039.035400
4270.0 4345.0 j -949.838684
4345.0 4700.0 @ -4633.915039
4700.0 4735.0 ssil -479.763184
.
